#Time         gpu    pwr  gtemp  mtemp     sm    mem    enc    dec    jpg    ofa   mclk   pclk     fb   bar1   ccpm 
#HH:MM:SS     Idx      W      C      C      %      %      %      %      %      %    MHz    MHz     MB     MB     MB 
 10:03:23       0     15     47      -      0      6      0      0      0      0    405    195     10     10      0 
 10:03:28       0     15     46      -      0      6      0      0      0      0    405    195     10     10      0 
 10:03:33       0     15     46      -      0      6      0      0      0      0    405    195    348     13      0 
 10:03:38       0     47     48      -      1      0      0      0      0      0  14801   2692   2678     13      0 
 10:03:43       0    255     61      -    100     21      0      0      0      0  14801   2820  14530     13      0 
 10:03:48       0     51     49      -      0      0      0      0      0      0  14801   2835  15710     13      0 
 10:03:53       0     47     48      -      0      0      0      0      0      0  14801   2692  15710     13      0 
 10:03:58       0     48     48      -      0      0      0      0      0      0  14801   2692  15710     13      0 
 10:04:03       0     43     47      -      0      0      0      0      0      0   7001   1927  15710     13      0 
 10:04:08       0    143     54      -    100     11      0      0      0      0  14801   2790  15712     13      0 
 10:04:13       0    216     61      -     96     22      0      0      0      0  14801   2805  15732     13      0 
 10:04:18       0    280     63      -    100     15      0      0      0      0  14801   2805  15732     13      0 
 10:04:23       0    278     63      -    100     10      0      0      0      0  14801   2797  15690     13      0 
 10:04:28       0    278     63      -    100     16      0      0      0      0  14801   2797  15692     13      0 
 10:04:33       0    279     61      -    100     14      0      0      0      0  14801   2805  15692     13      0 
 10:04:38       0    275     62      -    100      0      0      0      0      0  14801   2805  15650     13      0 
 10:04:43       0    280     62      -    100     22      0      0      0      0  14801   2812  15692     13      0 
 10:04:48       0    199     53      -     98     57      0      0      0      0  14801   2790  15694     13      0 
 10:04:53       0    199     53      -     98     58      0      0      0      0  14801   2790  15694     13      0 
 10:04:58       0    199     52      -     98     58      0      0      0      0  14801   2790  15694     13      0 
 10:05:03       0    199     52      -     98     58      0      0      0      0  14801   2790  15694     13      0 
 10:05:08       0    199     51      -     98     58      0      0      0      0  14801   2797  15694     13      0 
 10:05:13       0    199     51      -     98     58      0      0      0      0  14801   2797  15694     13      0 
 10:05:18       0    199     51      -     98     58      0      0      0      0  14801   2797  15694     13      0 
 10:05:23       0    198     51      -     98     58      0      0      0      0  14801   2797  15694     13      0 
 10:05:28       0    198     51      -     98     58      0      0      0      0  14801   2797  15694     13      0 
 10:05:33       0    198     50      -     98     58      0      0      0      0  14801   2797  15694     13      0 
 10:05:38       0    198     50      -     98     58      0      0      0      0  14801   2797  15694     13      0 
 10:05:43       0    198     50      -     98     58      0      0      0      0  14801   2797  15694     13      0 
 10:05:48       0    198     50      -     98     58      0      0      0      0  14801   2797  15694     13      0 
 10:05:53       0    198     50      -     98     58      0      0      0      0  14801   2797  15694     13      0 
 10:05:58       0    198     50      -     98     58      0      0      0      0  14801   2797  15694     13      0 
 10:06:03       0    198     50      -     98     58      0      0      0      0  14801   2797  15694     13      0 
 10:06:08       0    198     51      -     98     58      0      0      0      0  14801   2797  15694     13      0 
 10:06:13       0    198     51      -     98     58      0      0      0      0  14801   2797  15694     13      0 
 10:06:18       0    198     51      -     98     58      0      0      0      0  14801   2797  15694     13      0 
 10:06:23       0    198     51      -     98     58      0      0      0      0  14801   2797  15694     13      0 
 10:06:28       0    198     51      -     98     58      0      0      0      0  14801   2797  15694     13      0 
 10:06:33       0    198     51      -     98     58      0      0      0      0  14801   2797  15694     13      0 
 10:06:38       0    198     51      -     98     58      0      0      0      0  14801   2797  15694     13      0 
 10:06:43       0    198     51      -     98     58      0      0      0      0  14801   2797  15694     13      0 
 10:06:48       0    198     51      -     98     58      0      0      0      0  14801   2797  15694     13      0 
 10:06:53       0    199     51      -     98     58      0      0      0      0  14801   2797  15694     13      0 
 10:06:58       0    199     51      -     98     58      0      0      0      0  14801   2797  15694     13      0 
#Time         gpu    pwr  gtemp  mtemp     sm    mem    enc    dec    jpg    ofa   mclk   pclk     fb   bar1   ccpm 
#HH:MM:SS     Idx      W      C      C      %      %      %      %      %      %    MHz    MHz     MB     MB     MB 
 10:07:03       0    199     51      -     98     58      0      0      0      0  14801   2797  15694     13      0 
 10:07:08       0    199     51      -     98     58      0      0      0      0  14801   2797  15694     13      0 
 10:07:13       0    199     51      -     98     58      0      0      0      0  14801   2797  15694     13      0 
 10:07:18       0    199     52      -     98     58      0      0      0      0  14801   2797  15694     13      0 
 10:07:23       0    199     52      -     98     58      0      0      0      0  14801   2797  15694     13      0 
 10:07:28       0    199     52      -     98     58      0      0      0      0  14801   2797  15694     13      0 
 10:07:33       0    199     52      -     98     58      0      0      0      0  14801   2797  15694     13      0 
 10:07:38       0    199     52      -     98     58      0      0      0      0  14801   2797  15694     13      0 
 10:07:43       0    199     52      -     98     58      0      0      0      0  14801   2797  15694     13      0 
 10:07:48       0    199     52      -     98     58      0      0      0      0  14801   2797  15694     13      0 
 10:07:53       0    200     52      -     98     58      0      0      0      0  14801   2797  15694     13      0 
 10:07:58       0    200     52      -     98     58      0      0      0      0  14801   2797  15694     13      0 
 10:08:03       0    200     52      -     98     58      0      0      0      0  14801   2797  15694     13      0 
 10:08:08       0    200     52      -     98     58      0      0      0      0  14801   2797  15694     13      0 
 10:08:13       0    200     53      -     98     58      0      0      0      0  14801   2790  15694     13      0 
 10:08:18       0    200     53      -     98     58      0      0      0      0  14801   2790  15694     13      0 
 10:08:23       0    200     53      -     98     58      0      0      0      0  14801   2790  15694     13      0 
 10:08:28       0    200     53      -     98     58      0      0      0      0  14801   2790  15694     13      0 
 10:08:33       0    200     53      -     98     58      0      0      0      0  14801   2790  15694     13      0 
 10:08:38       0    200     53      -     98     58      0      0      0      0  14801   2790  15026     13      0 
 10:08:43       0    200     53      -     98     58      0      0      0      0  14801   2790  15026     13      0 
 10:08:48       0    200     53      -     98     58      0      0      0      0  14801   2790  15026     13      0 
 10:08:53       0    200     53      -     98     58      0      0      0      0  14801   2790  15026     13      0 
 10:08:58       0    201     53      -     98     58      0      0      0      0  14801   2790  15026     13      0 
 10:09:03       0    201     53      -     98     58      0      0      0      0  14801   2790  15026     13      0 
 10:09:08       0    201     53      -     98     58      0      0      0      0  14801   2790  15026     13      0 
 10:09:13       0    200     53      -     98     58      0      0      0      0  14801   2790  15026     13      0 
 10:09:18       0    201     53      -     98     58      0      0      0      0  14801   2790  15026     13      0 
 10:09:23       0    201     54      -     98     58      0      0      0      0  14801   2790  15026     13      0 
 10:09:28       0    201     54      -     98     58      0      0      0      0  14801   2790  15026     13      0 
 10:09:33       0    201     54      -     98     58      0      0      0      0  14801   2790  15026     13      0 
 10:09:38       0    201     54      -     98     58      0      0      0      0  14801   2790  15026     13      0 
 10:09:43       0    201     54      -     98     58      0      0      0      0  14801   2790  15026     13      0 
 10:09:48       0    201     54      -     98     58      0      0      0      0  14801   2790  15026     13      0 
 10:09:53       0    201     54      -     98     58      0      0      0      0  14801   2790  15026     13      0 
 10:09:58       0    201     54      -     98     58      0      0      0      0  14801   2790  15026     13      0 
 10:10:03       0    201     54      -     98     58      0      0      0      0  14801   2790  15026     13      0 
 10:10:08       0    200     54      -     97     58      0      0      0      0  14801   2790  15026     13      0 
 10:10:13       0    201     54      -     97     58      0      0      0      0  14801   2790  15026     13      0 
 10:10:18       0    201     54      -     97     58      0      0      0      0  14801   2790  15026     13      0 
 10:10:23       0    163     49      -     97     50      0      0      0      0  14801   2782  15034     13      0 
 10:10:28       0    183     53      -     97     52      0      0      0      0  14801   2782  15034     13      0 
 10:10:33       0    101     47      -     99     13      0      0      0      0  14801   2820  15694     13      0 
 10:10:38       0    278     61      -    100     20      0      0      0      0  14801   2805  15694     13      0 
#Time         gpu    pwr  gtemp  mtemp     sm    mem    enc    dec    jpg    ofa   mclk   pclk     fb   bar1   ccpm 
#HH:MM:SS     Idx      W      C      C      %      %      %      %      %      %    MHz    MHz     MB     MB     MB 
 10:10:43       0    278     63      -    100     28      0      0      0      0  14801   2805  15690     13      0 
 10:10:48       0    276     63      -    100     13      0      0      0      0  14801   2805  15690     13      0 
 10:10:53       0    281     59      -    100     21      0      0      0      0  14801   2805  15694     13      0 
 10:10:58       0    278     61      -    100     11      0      0      0      0  14801   2805  15694     13      0 
 10:11:03       0    275     63      -    100      0      0      0      0      0  14801   2805  15690     13      0 
 10:11:08       0    273     63      -    100      6      0      0      0      0  14801   2805  15690     13      0 
 10:11:13       0    278     60      -    100     17      0      0      0      0  14801   2812  15692     13      0 
 10:11:18       0    275     60      -     99     25      0      0      0      0  14801   2805  15690     13      0 
 10:11:23       0    276     62      -    100      1      0      0      0      0  14801   2805  15690     13      0 
 10:11:28       0    179     53      -     99     46      0      0      0      0  14801   2790  15690     13      0 
 10:11:33       0    203     53      -     98     59      0      0      0      0  14801   2790  15690     13      0 
 10:11:38       0    203     53      -     98     59      0      0      0      0  14801   2790  15690     13      0 
 10:11:43       0    203     52      -     98     59      0      0      0      0  14801   2790  15690     13      0 
 10:11:48       0    202     52      -     98     59      0      0      0      0  14801   2790  15690     13      0 
 10:11:53       0    202     52      -     98     59      0      0      0      0  14801   2790  15690     13      0 
 10:11:58       0    202     52      -     98     59      0      0      0      0  14801   2790  15690     13      0 
 10:12:03       0    202     51      -     98     59      0      0      0      0  14801   2790  15690     13      0 
 10:12:08       0    202     51      -     98     59      0      0      0      0  14801   2797  15690     13      0 
 10:12:13       0    202     51      -     98     59      0      0      0      0  14801   2797  15690     13      0 
 10:12:18       0    202     51      -     98     59      0      0      0      0  14801   2797  15690     13      0 
 10:12:23       0    202     51      -     98     59      0      0      0      0  14801   2797  15690     13      0 
 10:12:28       0    202     51      -     98     59      0      0      0      0  14801   2797  15690     13      0 
 10:12:33       0    202     51      -     98     59      0      0      0      0  14801   2797  15690     13      0 
 10:12:38       0    202     51      -     98     59      0      0      0      0  14801   2797  15690     13      0 
 10:12:43       0    202     51      -     98     59      0      0      0      0  14801   2797  15690     13      0 
 10:12:48       0    202     51      -     98     59      0      0      0      0  14801   2797  15690     13      0 
 10:12:53       0    202     51      -     98     59      0      0      0      0  14801   2797  15690     13      0 
 10:12:58       0    202     51      -     98     59      0      0      0      0  14801   2797  15690     13      0 
 10:13:03       0    202     51      -     98     59      0      0      0      0  14801   2797  15690     13      0 
 10:13:08       0    202     51      -     98     59      0      0      0      0  14801   2797  15690     13      0 
 10:13:13       0    202     51      -     98     59      0      0      0      0  14801   2797  15004     13      0 
 10:13:18       0    202     51      -     98     59      0      0      0      0  14801   2797  15004     13      0 
 10:13:23       0    202     51      -     98     59      0      0      0      0  14801   2797  15004     13      0 
 10:13:28       0    202     51      -     98     59      0      0      0      0  14801   2797  15004     13      0 
 10:13:33       0    202     51      -     98     59      0      0      0      0  14801   2797  15004     13      0 
 10:13:38       0    202     52      -     98     59      0      0      0      0  14801   2797  15004     13      0 
 10:13:43       0    202     52      -     98     59      0      0      0      0  14801   2797  15004     13      0 
 10:13:48       0    202     52      -     98     59      0      0      0      0  14801   2797  15004     13      0 
 10:13:53       0    202     52      -     98     59      0      0      0      0  14801   2797  15004     13      0 
 10:13:58       0    203     52      -     98     59      0      0      0      0  14801   2797  15004     13      0 
 10:14:03       0    203     52      -     98     59      0      0      0      0  14801   2797  15004     13      0 
 10:14:08       0    203     52      -     98     59      0      0      0      0  14801   2797  15004     13      0 
 10:14:13       0    203     52      -     98     59      0      0      0      0  14801   2797  15004     13      0 
 10:14:18       0    203     52      -     98     59      0      0      0      0  14801   2790  15004     13      0 
#Time         gpu    pwr  gtemp  mtemp     sm    mem    enc    dec    jpg    ofa   mclk   pclk     fb   bar1   ccpm 
#HH:MM:SS     Idx      W      C      C      %      %      %      %      %      %    MHz    MHz     MB     MB     MB 
 10:14:23       0    203     52      -     98     59      0      0      0      0  14801   2790  15004     13      0 
 10:14:28       0    203     52      -     98     59      0      0      0      0  14801   2790  15004     13      0 
 10:14:33       0    203     52      -     98     59      0      0      0      0  14801   2790  15004     13      0 
 10:14:38       0    203     52      -     98     59      0      0      0      0  14801   2790  15004     13      0 
 10:14:43       0    203     53      -     98     59      0      0      0      0  14801   2790  15004     13      0 
 10:14:49       0    203     53      -     98     59      0      0      0      0  14801   2790  15004     13      0 
 10:14:54       0    203     53      -     98     59      0      0      0      0  14801   2790  15004     13      0 
 10:14:59       0    204     53      -     98     59      0      0      0      0  14801   2790  15004     13      0 
 10:15:04       0    204     53      -     98     59      0      0      0      0  14801   2790  15004     13      0 
 10:15:09       0    204     53      -     98     59      0      0      0      0  14801   2790  15004     13      0 
 10:15:14       0    204     53      -     98     59      0      0      0      0  14801   2790  15004     13      0 
 10:15:19       0    204     53      -     98     59      0      0      0      0  14801   2790  15004     13      0 
 10:15:24       0    204     53      -     98     59      0      0      0      0  14801   2790  15004     13      0 
 10:15:29       0    204     53      -     98     59      0      0      0      0  14801   2790  15004     13      0 
 10:15:34       0    204     53      -     98     60      0      0      0      0  14801   2790  15004     13      0 
 10:15:39       0    204     53      -     98     60      0      0      0      0  14801   2790  15004     13      0 
 10:15:44       0    204     53      -     98     59      0      0      0      0  14801   2790  15004     13      0 
 10:15:49       0    204     53      -     98     60      0      0      0      0  14801   2790  15004     13      0 
 10:15:54       0    204     54      -     98     60      0      0      0      0  14801   2790  15004     13      0 
 10:15:59       0    204     54      -     98     60      0      0      0      0  14801   2790  15004     13      0 
 10:16:04       0    204     54      -     98     60      0      0      0      0  14801   2790  15004     13      0 
 10:16:09       0    204     54      -     98     60      0      0      0      0  14801   2790  15004     13      0 
 10:16:14       0    204     54      -     98     60      0      0      0      0  14801   2790  15004     13      0 
 10:16:19       0    205     54      -     98     60      0      0      0      0  14801   2790  15004     13      0 
 10:16:24       0    205     54      -     98     60      0      0      0      0  14801   2790  15004     13      0 
 10:16:29       0    205     54      -     98     60      0      0      0      0  14801   2790  15004     13      0 
 10:16:34       0    205     54      -     98     60      0      0      0      0  14801   2790  15004     13      0 
 10:16:39       0    205     54      -     98     60      0      0      0      0  14801   2790  15004     13      0 
 10:16:44       0    205     54      -     98     60      0      0      0      0  14801   2790  15004     13      0 
 10:16:49       0    205     54      -     98     60      0      0      0      0  14801   2790  15004     13      0 
 10:16:54       0    205     54      -     98     60      0      0      0      0  14801   2790  15004     13      0 
 10:16:59       0    205     54      -     98     60      0      0      0      0  14801   2790  15004     13      0 
 10:17:04       0    205     54      -     98     60      0      0      0      0  14801   2790  15004     13      0 
 10:17:09       0    205     54      -     98     60      0      0      0      0  14801   2790  15004     13      0 
 10:17:14       0    206     54      -     98     60      0      0      0      0  14801   2790  15004     13      0 
 10:17:19       0    206     54      -     98     60      0      0      0      0  14801   2790  15004     13      0 
 10:17:24       0    206     54      -     98     60      0      0      0      0  14801   2790  15004     13      0 
 10:17:29       0    206     54      -     98     60      0      0      0      0  14801   2790  15004     13      0 
 10:17:34       0    192     60      -    100     24      0      0      0      0  14801   2812  15650     13      0 
 10:17:39       0    278     61      -    100     23      0      0      0      0  14801   2797  15650     13      0 
 10:17:44       0    276     61      -    100      9      0      0      0      0  14801   2797  15690     13      0 
 10:17:49       0    276     61      -    100     20      0      0      0      0  14801   2797  15690     13      0 
 10:17:54       0    282     61      -    100     21      0      0      0      0  14801   2805  15692     13      0 
 10:17:59       0    278     61      -    100     24      0      0      0      0  14801   2805  15692     13      0 
#Time         gpu    pwr  gtemp  mtemp     sm    mem    enc    dec    jpg    ofa   mclk   pclk     fb   bar1   ccpm 
#HH:MM:SS     Idx      W      C      C      %      %      %      %      %      %    MHz    MHz     MB     MB     MB 
 10:18:04       0    276     59      -    100     25      0      0      0      0  14801   2805  15690     13      0 
 10:18:09       0    278     60      -    100     25      0      0      0      0  14801   2805  15690     13      0 
 10:18:14       0    180     52      -     98     49      0      0      0      0  14801   2790  15690     13      0 
 10:18:19       0    182     52      -     98     53      0      0      0      0  14801   2790  15690     13      0 
 10:18:24       0    180     52      -     98     54      0      0      0      0  14801   2797  15690     13      0 
 10:18:29       0    202     52      -     98     59      0      0      0      0  14801   2790  15690     13      0 
 10:18:34       0    202     52      -     98     59      0      0      0      0  14801   2790  15690     13      0 
 10:18:39       0    202     52      -     98     59      0      0      0      0  14801   2790  15690     13      0 
 10:18:44       0    202     51      -     98     59      0      0      0      0  14801   2790  15690     13      0 
 10:18:49       0    202     51      -     98     59      0      0      0      0  14801   2790  15690     13      0 
 10:18:54       0    202     51      -     98     59      0      0      0      0  14801   2790  15690     13      0 
 10:18:59       0    202     51      -     98     59      0      0      0      0  14801   2797  15690     13      0 
 10:19:04       0    202     51      -     98     59      0      0      0      0  14801   2797  15690     13      0 
 10:19:09       0    202     51      -     98     59      0      0      0      0  14801   2797  15690     13      0 
 10:19:14       0    202     51      -     98     59      0      0      0      0  14801   2797  15690     13      0 
 10:19:19       0    202     51      -     98     59      0      0      0      0  14801   2797  15690     13      0 
 10:19:24       0    202     51      -     98     59      0      0      0      0  14801   2797  15690     13      0 
 10:19:29       0    202     51      -     98     59      0      0      0      0  14801   2797  15690     13      0 
 10:19:34       0    202     51      -     98     59      0      0      0      0  14801   2797  15690     13      0 
 10:19:39       0    202     51      -     98     59      0      0      0      0  14801   2797  15690     13      0 
 10:19:44       0    202     51      -     98     59      0      0      0      0  14801   2797  15690     13      0 
 10:19:49       0    202     51      -     98     59      0      0      0      0  14801   2797  15690     13      0 
 10:19:54       0    202     51      -     98     59      0      0      0      0  14801   2797  15690     13      0 
 10:19:59       0    202     51      -     98     59      0      0      0      0  14801   2797  15004     13      0 
 10:20:04       0    202     51      -     98     59      0      0      0      0  14801   2797  15004     13      0 
 10:20:09       0    202     51      -     98     59      0      0      0      0  14801   2797  15004     13      0 
 10:20:14       0    202     51      -     98     59      0      0      0      0  14801   2797  15004     13      0 
 10:20:19       0    202     52      -     98     59      0      0      0      0  14801   2797  15004     13      0 
 10:20:24       0    202     52      -     98     59      0      0      0      0  14801   2797  15004     13      0 
 10:20:29       0    202     52      -     98     59      0      0      0      0  14801   2797  15004     13      0 
 10:20:34       0    202     52      -     98     59      0      0      0      0  14801   2797  15004     13      0 
 10:20:39       0    202     52      -     98     59      0      0      0      0  14801   2790  15004     13      0 
 10:20:44       0    202     52      -     98     59      0      0      0      0  14801   2790  15004     13      0 
 10:20:49       0    202     52      -     98     59      0      0      0      0  14801   2790  15004     13      0 
 10:20:54       0    203     52      -     98     59      0      0      0      0  14801   2790  15004     13      0 
 10:20:59       0    203     52      -     98     59      0      0      0      0  14801   2790  15004     13      0 
 10:21:04       0    203     52      -     98     59      0      0      0      0  14801   2790  15004     13      0 
 10:21:09       0    203     52      -     98     59      0      0      0      0  14801   2790  15004     13      0 
 10:21:14       0    203     52      -     98     59      0      0      0      0  14801   2790  15004     13      0 
 10:21:19       0    203     53      -     98     59      0      0      0      0  14801   2790  15004     13      0 
 10:21:24       0    203     53      -     98     59      0      0      0      0  14801   2790  15004     13      0 
 10:21:29       0    203     53      -     98     59      0      0      0      0  14801   2790  15004     13      0 
 10:21:34       0    203     53      -     98     59      0      0      0      0  14801   2790  15004     13      0 
 10:21:39       0    203     53      -     98     59      0      0      0      0  14801   2790  15004     13      0 
#Time         gpu    pwr  gtemp  mtemp     sm    mem    enc    dec    jpg    ofa   mclk   pclk     fb   bar1   ccpm 
#HH:MM:SS     Idx      W      C      C      %      %      %      %      %      %    MHz    MHz     MB     MB     MB 
 10:21:44       0    203     53      -     98     59      0      0      0      0  14801   2790  15004     13      0 
 10:21:49       0    204     53      -     98     59      0      0      0      0  14801   2790  15004     13      0 
 10:21:54       0    203     53      -     98     59      0      0      0      0  14801   2790  15004     13      0 
 10:21:59       0    204     53      -     98     59      0      0      0      0  14801   2790  15004     13      0 
 10:22:04       0    204     53      -     98     60      0      0      0      0  14801   2790  15004     13      0 
 10:22:09       0    204     53      -     98     60      0      0      0      0  14801   2790  15004     13      0 
 10:22:14       0    204     53      -     98     59      0      0      0      0  14801   2790  15004     13      0 
 10:22:19       0    204     53      -     98     59      0      0      0      0  14801   2790  15004     13      0 
 10:22:24       0    204     53      -     98     59      0      0      0      0  14801   2790  15004     13      0 
 10:22:29       0    204     54      -     98     59      0      0      0      0  14801   2790  15004     13      0 
 10:22:34       0    204     54      -     98     59      0      0      0      0  14801   2790  15004     13      0 
 10:22:39       0    204     54      -     98     59      0      0      0      0  14801   2790  15004     13      0 
 10:22:44       0    204     54      -     98     60      0      0      0      0  14801   2790  15004     13      0 
 10:22:49       0    204     54      -     98     59      0      0      0      0  14801   2790  15004     13      0 
 10:22:54       0    204     54      -     98     60      0      0      0      0  14801   2790  15004     13      0 
 10:22:59       0    204     54      -     98     60      0      0      0      0  14801   2790  15004     13      0 
 10:23:04       0    204     54      -     98     60      0      0      0      0  14801   2790  15004     13      0 
 10:23:09       0    205     54      -     98     60      0      0      0      0  14801   2790  15004     13      0 
 10:23:14       0    205     54      -     98     60      0      0      0      0  14801   2790  15004     13      0 
 10:23:19       0    205     54      -     98     60      0      0      0      0  14801   2790  15004     13      0 
 10:23:24       0    205     54      -     98     60      0      0      0      0  14801   2790  15004     13      0 
 10:23:29       0    205     54      -     98     60      0      0      0      0  14801   2790  15004     13      0 
 10:23:34       0    205     54      -     98     60      0      0      0      0  14801   2790  15004     13      0 
 10:23:39       0    205     54      -     98     60      0      0      0      0  14801   2790  15004     13      0 
 10:23:44       0    205     54      -     98     60      0      0      0      0  14801   2790  15004     13      0 
 10:23:49       0    205     54      -     98     60      0      0      0      0  14801   2790  15004     13      0 
 10:23:54       0    205     54      -     98     60      0      0      0      0  14801   2790  15004     13      0 
 10:23:59       0    205     54      -     98     60      0      0      0      0  14801   2790  15004     13      0 
 10:24:04       0    205     54      -     98     60      0      0      0      0  14801   2790  15004     13      0 
 10:24:09       0    205     54      -     98     60      0      0      0      0  14801   2790  15004     13      0 
 10:24:14       0    205     54      -     98     60      0      0      0      0  14801   2790  15004     13      0 
 10:24:19       0    267     60      -    100     24      0      0      0      0  14801   2812  15650     13      0 
 10:24:24       0    278     62      -    100     16      0      0      0      0  14801   2805  15650     13      0 
 10:24:29       0    278     63      -    100     22      0      0      0      0  14801   2805  15690     13      0 
 10:24:34       0    277     63      -    100     12      0      0      0      0  14801   2790  15690     13      0 
 10:24:39       0    282     60      -    100     22      0      0      0      0  14801   2797  15692     13      0 
 10:24:44       0    277     61      -    100      7      0      0      0      0  14801   2797  15692     13      0 
 10:24:49       0    276     63      -    100     13      0      0      0      0  14801   2805  15690     13      0 
 10:24:54       0    274     61      -    100     22      0      0      0      0  14801   2812  15690     13      0 
 10:24:59       0    181     52      -     98     50      0      0      0      0  14801   2790  15690     13      0 
 10:25:04       0    181     52      -     98     50      0      0      0      0  14801   2790  15690     13      0 
 10:25:09       0    177     51      -     99     50      0      0      0      0  14801   2797  15690     13      0 
 10:25:14       0    157     46      -     99     47      0      0      0      0  14801   2805  15692     13      0 
 10:25:19       0    277     59      -    100     13      0      0      0      0  14801   2812  15692     13      0 
#Time         gpu    pwr  gtemp  mtemp     sm    mem    enc    dec    jpg    ofa   mclk   pclk     fb   bar1   ccpm 
#HH:MM:SS     Idx      W      C      C      %      %      %      %      %      %    MHz    MHz     MB     MB     MB 
 10:25:24       0    275     59      -    100      9      0      0      0      0  14801   2812  15690     13      0 
 10:25:29       0    274     62      -    100      0      0      0      0      0  14801   2812  15690     13      0 
 10:25:34       0    279     53      -    100     19      0      0      0      0  14801   2812  15692     13      0 
 10:25:39       0    277     59      -    100     16      0      0      0      0  14801   2812  15692     13      0 
 10:25:44       0    277     60      -    100     21      0      0      0      0  14801   2797  15690     13      0 
 10:25:49       0    275     60      -    100      0      0      0      0      0  14801   2805  15690     13      0 
 10:25:54       0    268     59      -    100     25      0      0      0      0  14801   2812  15692     13      0 
 10:25:59       0    276     60      -    100      6      0      0      0      0  14801   2812  15692     13      0 
 10:26:04       0    277     60      -    100      1      0      0      0      0  14801   2805  15690     13      0 
 10:26:09       0    277     62      -    100      1      0      0      0      0  14801   2805  15690     13      0 
 10:26:14       0    264     61      -    100     20      0      0      0      0  14801   2805  15690     13      0 
 10:26:19       0    263     61      -    100      2      0      0      0      0  14801   2805  15668     13      0 
 10:26:24       0    262     61      -    100     19      0      0      0      0  14801   2797  15668     13      0 
 10:26:29       0    260     61      -    100      2      0      0      0      0  14801   2812  15668     13      0 
 10:26:34       0    260     61      -    100     16      0      0      0      0  14801   2797  15668     13      0 
 10:26:39       0    261     61      -    100      2      0      0      0      0  14801   2805  15672     13      0 
 10:26:45       0    260     61      -    100     17      0      0      0      0  14801   2812  15672     13      0 
 10:26:50       0     50     46      -      0      0      0      0      0      0  14801   2692  15650     13      0 
 10:26:55       0     47     45      -      0      0      0      0      0      0  15001   2692     10     10      0 
