#Time         gpu    pwr  gtemp  mtemp     sm    mem    enc    dec    jpg    ofa   mclk   pclk     fb   bar1   ccpm 
#HH:MM:SS     Idx      W      C      C      %      %      %      %      %      %    MHz    MHz     MB     MB     MB 
 10:27:14       0     15     41      -      0      6      0      0      0      0    405    195     10     10      0 
 10:27:19       0     15     40      -      0      6      0      0      0      0    405    195     10     10      0 
 10:27:24       0     16     41      -      0      6      0      0      0      0  14801    195    348     13      0 
 10:27:29       0     47     41      -      0      0      0      0      0      0  14801   2692  15084     13      0 
 10:27:34       0     47     41      -      0      0      0      0      0      0  14801   2692  11474     13      0 
 10:27:39       0     47     41      -      0      0      0      0      0      0  14801   2692  11508     13      0 
 10:27:44       0     48     41      -      0      0      0      0      0      0  14801   2700  11508     13      0 
 10:27:49       0     53     43      -      0      0      0      0      0      0  14801   2707  11534     13      0 
 10:27:54       0     48     42      -      0      0      0      0      0      0  14801   2700  12110     13      0 
 10:27:59       0     53     43      -      0      0      0      0      0      0  14801   2850  12110     13      0 
 10:28:04       0     47     42      -      0      0      0      0      0      0  14801   2692  15092     13      0 
 10:28:09       0     49     43      -      0      0      0      0      0      0  14801   2835  15698     13      0 
 10:28:14       0     47     43      -      0      0      0      0      0      0  14801   2692  15698     13      0 
 10:28:19       0     47     43      -      0      0      0      0      0      0  14801   2692  15698     13      0 
 10:28:24       0     47     43      -      0      0      0      0      0      0  14801   2692  15698     13      0 
 10:28:29       0    143     49      -     77     38      0      0      0      0  14801   2820  15700     13      0 
 10:28:34       0    270     56      -    100     26      0      0      0      0  14801   2820  15700     13      0 
 10:28:39       0    270     58      -    100     17      0      0      0      0  14801   2820  15700     13      0 
 10:28:44       0    270     58      -    100      2      0      0      0      0  14801   2805  15698     13      0 
 10:28:49       0    270     60      -    100      6      0      0      0      0  14801   2790  15698     13      0 
 10:28:54       0    262     61      -     99     27      0      0      0      0  14801   2812  15698     13      0 
 10:29:00       0    258     59      -    100      2      0      0      0      0  14801   2812  15676     13      0 
 10:29:05       0    258     61      -    100      2      0      0      0      0  14801   2812  15676     13      0 
 10:29:10       0    257     61      -    100      9      0      0      0      0  14801   2812  15676     13      0 
 10:29:15       0    259     61      -     99     25      0      0      0      0  14801   2812  15676     13      0 
 10:29:20       0    257     61      -    100     22      0      0      0      0  14801   2797  15680     13      0 
 10:29:25       0    256     61      -    100      2      0      0      0      0  14801   2805  15680     13      0 
 10:29:30       0    257     59      -    100     10      0      0      0      0  14801   2797  15680     13      0 
 10:29:35       0    256     61      -    100      2      0      0      0      0  14801   2812  15680     13      0 
 10:29:40       0    257     61      -    100      9      0      0      0      0  14801   2812  15680     13      0 
 10:29:45       0    246     59      -    100     19      0      0      0      0  14801   2805  15700     13      0 
 10:29:50       0    255     60      -    100     23      0      0      0      0  14801   2797  15700     13      0 
 10:29:55       0    257     61      -    100      2      0      0      0      0  14801   2812  15700     13      0 
 10:30:00       0    258     60      -    100      3      0      0      0      0  14801   2797  15700     13      0 
 10:30:05       0    259     61      -    100      2      0      0      0      0  14801   2812  15700     13      0 
 10:30:10       0    255     61      -    100      2      0      0      0      0  14801   2797  15700     13      0 
 10:30:15       0    255     59      -    100      2      0      0      0      0  14801   2805  15700     13      0 
 10:30:20       0    255     61      -    100      2      0      0      0      0  14801   2805  15696     13      0 
 10:30:25       0    255     61      -    100      2      0      0      0      0  14801   2797  15696     13      0 
 10:30:30       0    255     61      -    100      2      0      0      0      0  14801   2812  15696     13      0 
 10:30:35       0    256     61      -    100     17      0      0      0      0  14801   2805  15696     13      0 
 10:30:40       0    255     61      -    100      8      0      0      0      0  14801   2797  15696     13      0 
 10:30:45       0    255     61      -    100      5      0      0      0      0  14801   2805  15696     13      0 
 10:30:50       0    255     61      -    100      2      0      0      0      0  14801   2805  15696     13      0 
#Time         gpu    pwr  gtemp  mtemp     sm    mem    enc    dec    jpg    ofa   mclk   pclk     fb   bar1   ccpm 
#HH:MM:SS     Idx      W      C      C      %      %      %      %      %      %    MHz    MHz     MB     MB     MB 
 10:30:55       0    255     60      -    100     15      0      0      0      0  14801   2797  15696     13      0 
 10:31:00       0    255     61      -    100      2      0      0      0      0  14801   2797  15676     13      0 
 10:31:05       0    255     61      -    100      2      0      0      0      0  14801   2805  15676     13      0 
 10:31:10       0    255     61      -    100      2      0      0      0      0  14801   2812  15676     13      0 
 10:31:15       0    256     61      -    100      2      0      0      0      0  14801   2797  15676     13      0 
 10:31:20       0    255     61      -    100      2      0      0      0      0  14801   2812  15676     13      0 
 10:31:25       0    255     61      -    100      2      0      0      0      0  14801   2797  15676     13      0 
 10:31:30       0    256     61      -    100      2      0      0      0      0  14801   2812  15676     13      0 
 10:31:35       0    258     59      -     99     27      0      0      0      0  14801   2805  15676     13      0 
 10:31:40       0    256     61      -    100     15      0      0      0      0  14801   2812  15676     13      0 
 10:31:45       0    253     59      -    100     23      0      0      0      0  14801   2805  15676     13      0 
 10:31:50       0    255     61      -    100      2      0      0      0      0  14801   2797  15676     13      0 
 10:31:55       0    254     61      -    100      2      0      0      0      0  14801   2797  15676     13      0 
 10:32:00       0    256     61      -    100      2      0      0      0      0  14801   2812  15676     13      0 
 10:32:05       0    255     61      -    100      2      0      0      0      0  14801   2805  15676     13      0 
 10:32:10       0    251     61      -    100      3      0      0      0      0  14801   2797  15676     13      0 
 10:32:15       0    255     61      -    100      2      0      0      0      0  14801   2812  15676     13      0 
 10:32:20       0    254     60      -    100     14      0      0      0      0  14801   2805  15676     13      0 
 10:32:25       0    255     61      -    100      2      0      0      0      0  14801   2797  15676     13      0 
 10:32:30       0    254     61      -    100      2      0      0      0      0  14801   2812  15676     13      0 
 10:32:35       0    255     61      -    100      2      0      0      0      0  14801   2797  15700     13      0 
 10:32:40       0    257     61      -    100      2      0      0      0      0  14801   2812  15700     13      0 
 10:32:45       0    255     61      -    100      2      0      0      0      0  14801   2805  15700     13      0 
 10:32:50       0    255     61      -    100      2      0      0      0      0  14801   2812  15700     13      0 
 10:32:55       0    254     61      -    100      2      0      0      0      0  14801   2797  15700     13      0 
 10:33:00       0    254     59      -    100     25      0      0      0      0  14801   2805  15700     13      0 
 10:33:05       0    252     61      -    100      2      0      0      0      0  14801   2812  15700     13      0 
 10:33:10       0    254     61      -    100      2      0      0      0      0  14801   2805  15700     13      0 
 10:33:15       0    255     61      -    100      2      0      0      0      0  14801   2797  15700     13      0 
 10:33:20       0    254     61      -    100      2      0      0      0      0  14801   2797  15700     13      0 
 10:33:25       0    254     61      -    100      2      0      0      0      0  14801   2812  15700     13      0 
 10:33:30       0    251     61      -    100      2      0      0      0      0  14801   2797  15700     13      0 
 10:33:35       0    253     61      -    100      2      0      0      0      0  14801   2797  15700     13      0 
 10:33:40       0    254     61      -    100      2      0      0      0      0  14801   2797  15700     13      0 
 10:33:45       0    254     61      -    100      2      0      0      0      0  14801   2812  15700     13      0 
 10:33:50       0    254     61      -    100      2      0      0      0      0  14801   2812  15700     13      0 
 10:33:55       0    257     61      -    100      2      0      0      0      0  14801   2812  15700     13      0 
 10:34:00       0    258     61      -    100      2      0      0      0      0  14801   2797  15700     13      0 
 10:34:05       0    254     61      -    100      2      0      0      0      0  14801   2812  15700     13      0 
 10:34:10       0    253     61      -    100      2      0      0      0      0  14801   2812  15700     13      0 
 10:34:15       0    255     59      -    100     27      0      0      0      0  14801   2812  15700     13      0 
 10:34:20       0    252     61      -    100      2      0      0      0      0  14801   2767  15700     13      0 
 10:34:25       0    254     61      -    100      2      0      0      0      0  14801   2797  15700     13      0 
 10:34:30       0    254     59      -    100     22      0      0      0      0  14801   2812  15700     13      0 
#Time         gpu    pwr  gtemp  mtemp     sm    mem    enc    dec    jpg    ofa   mclk   pclk     fb   bar1   ccpm 
#HH:MM:SS     Idx      W      C      C      %      %      %      %      %      %    MHz    MHz     MB     MB     MB 
 10:34:35       0    253     61      -    100      2      0      0      0      0  14801   2812  15680     13      0 
 10:34:40       0    254     61      -    100      2      0      0      0      0  14801   2805  15680     13      0 
 10:34:45       0    259     61      -    100      2      0      0      0      0  14801   2812  15680     13      0 
 10:34:50       0    253     61      -    100      2      0      0      0      0  14801   2797  15680     13      0 
 10:34:55       0    257     61      -    100      2      0      0      0      0  14801   2812  15680     13      0 
 10:35:00       0    253     61      -    100      2      0      0      0      0  14801   2812  15680     13      0 
 10:35:05       0    255     61      -    100      2      0      0      0      0  14801   2767  15680     13      0 
 10:35:10       0    253     61      -    100      2      0      0      0      0  14801   2812  15680     13      0 
 10:35:15       0    259     61      -    100      2      0      0      0      0  14801   2812  15680     13      0 
 10:35:20       0    254     61      -    100      2      0      0      0      0  14801   2812  15680     13      0 
 10:35:25       0    254     61      -    100      2      0      0      0      0  14801   2812  15680     13      0 
 10:35:30       0    257     61      -    100      2      0      0      0      0  14801   2812  15680     13      0 
 10:35:35       0    252     61      -    100      2      0      0      0      0  14801   2812  15680     13      0 
 10:35:40       0    253     61      -    100      2      0      0      0      0  14801   2797  15680     13      0 
 10:35:45       0    257     61      -    100      2      0      0      0      0  14801   2812  15680     13      0 
 10:35:50       0    253     61      -    100      2      0      0      0      0  14801   2812  15680     13      0 
 10:35:55       0    253     61      -    100      2      0      0      0      0  14801   2812  15680     13      0 
 10:36:00       0    257     61      -    100      2      0      0      0      0  14801   2797  15680     13      0 
 10:36:05       0    257     61      -    100      2      0      0      0      0  14801   2812  15680     13      0 
 10:36:10       0    252     61      -    100      2      0      0      0      0  14801   2812  15680     13      0 
 10:36:15       0    252     61      -    100      2      0      0      0      0  14801   2812  15680     13      0 
 10:36:20       0    253     61      -    100      2      0      0      0      0  14801   2797  15680     13      0 
 10:36:25       0    257     61      -    100      2      0      0      0      0  14801   2767  15680     13      0 
 10:36:30       0    255     61      -    100      2      0      0      0      0  14801   2767  15680     13      0 
 10:36:35       0    251     55      -    100     10      0      0      0      0  14801   2812  15680     13      0 
 10:36:40       0    252     60      -    100     12      0      0      0      0  14801   2812  15680     13      0 
 10:36:45       0    252     61      -    100      2      0      0      0      0  14801   2790  15680     13      0 
 10:36:50       0    251     61      -    100      2      0      0      0      0  14801   2812  15680     13      0 
 10:36:55       0    252     61      -    100      2      0      0      0      0  14801   2767  15680     13      0 
 10:37:00       0    251     61      -    100      2      0      0      0      0  14801   2812  15698     13      0 
 10:37:05       0    251     61      -    100      2      0      0      0      0  14801   2797  15698     13      0 
 10:37:10       0    251     61      -    100      2      0      0      0      0  14801   2767  15698     13      0 
 10:37:15       0    251     61      -    100      2      0      0      0      0  14801   2767  15698     13      0 
 10:37:20       0    252     61      -    100      2      0      0      0      0  14801   2797  15698     13      0 
 10:37:25       0    252     61      -    100      2      0      0      0      0  14801   2812  15698     13      0 
 10:37:30       0    251     61      -    100      2      0      0      0      0  14801   2812  15698     13      0 
 10:37:35       0    252     61      -    100      2      0      0      0      0  14801   2812  15698     13      0 
 10:37:40       0    251     61      -    100      2      0      0      0      0  14801   2812  15698     13      0 
 10:37:45       0    252     61      -    100      2      0      0      0      0  14801   2812  15698     13      0 
 10:37:50       0    251     61      -    100      2      0      0      0      0  14801   2805  15698     13      0 
 10:37:55       0    251     61      -    100      2      0      0      0      0  14801   2812  15698     13      0 
 10:38:00       0    256     61      -    100      2      0      0      0      0  14801   2797  15698     13      0 
 10:38:05       0    254     61      -    100      2      0      0      0      0  14801   2767  15698     13      0 
 10:38:10       0    256     61      -    100      2      0      0      0      0  14801   2797  15698     13      0 
#Time         gpu    pwr  gtemp  mtemp     sm    mem    enc    dec    jpg    ofa   mclk   pclk     fb   bar1   ccpm 
#HH:MM:SS     Idx      W      C      C      %      %      %      %      %      %    MHz    MHz     MB     MB     MB 
 10:38:15       0    250     61      -    100      2      0      0      0      0  14801   2767  15698     13      0 
 10:38:20       0    243     61      -    100      2      0      0      0      0  14801   2782  15702     13      0 
 10:38:25       0    251     61      -    100      2      0      0      0      0  14801   2812  15702     13      0 
 10:38:30       0    253     61      -     99     24      0      0      0      0  14801   2812  15702     13      0 
 10:38:35       0    252     61      -    100      2      0      0      0      0  14801   2812  15702     13      0 
 10:38:40       0    256     61      -    100      2      0      0      0      0  14801   2797  15702     13      0 
 10:38:45       0    257     61      -    100      2      0      0      0      0  14801   2812  15702     13      0 
 10:38:50       0    252     61      -    100      2      0      0      0      0  14801   2812  15702     13      0 
 10:38:55       0    249     61      -    100      2      0      0      0      0  14801   2812  15702     13      0 
 10:39:00       0    249     56      -    100      2      0      0      0      0  14801   2797  15702     13      0 
 10:39:05       0    256     61      -    100      2      0      0      0      0  14801   2812  15702     13      0 
 10:39:10       0    251     61      -    100      2      0      0      0      0  14801   2812  15702     13      0 
 10:39:15       0    250     61      -    100      2      0      0      0      0  14801   2812  15702     13      0 
 10:39:20       0    257     61      -    100      2      0      0      0      0  14801   2812  15702     13      0 
 10:39:25       0    258     61      -    100      2      0      0      0      0  14801   2812  15702     13      0 
 10:39:30       0    251     61      -    100      2      0      0      0      0  14801   2797  15702     13      0 
 10:39:35       0    257     61      -    100      2      0      0      0      0  14801   2812  15702     13      0 
 10:39:40       0    254     61      -    100      2      0      0      0      0  14801   2767  15702     13      0 
 10:39:45       0    252     61      -    100      3      0      0      0      0  14801   2812  15702     13      0 
 10:39:50       0    255     61      -    100      2      0      0      0      0  14801   2797  15678     13      0 
 10:39:55       0    251     61      -    100      2      0      0      0      0  14801   2812  15678     13      0 
 10:40:00       0    250     60      -    100      2      0      0      0      0  14801   2812  15678     13      0 
 10:40:05       0    254     61      -    100      2      0      0      0      0  14801   2767  15678     13      0 
 10:40:10       0    252     61      -     99     23      0      0      0      0  14801   2790  15678     13      0 
 10:40:15       0    257     61      -    100      2      0      0      0      0  14801   2812  15678     13      0 
 10:40:20       0    252     61      -    100      2      0      0      0      0  14801   2812  15678     13      0 
 10:40:25       0    247     59      -    100      2      0      0      0      0  14801   2797  15678     13      0 
 10:40:30       0    256     61      -    100      2      0      0      0      0  14801   2797  15678     13      0 
 10:40:35       0    249     61      -    100      2      0      0      0      0  14801   2812  15678     13      0 
 10:40:40       0    257     61      -    100      2      0      0      0      0  14801   2812  15678     13      0 
 10:40:45       0    251     61      -     99     23      0      0      0      0  14801   2797  15678     13      0 
 10:40:50       0    257     61      -    100      2      0      0      0      0  14801   2812  15678     13      0 
 10:40:55       0    251     61      -    100      2      0      0      0      0  14801   2797  15678     13      0 
 10:41:00       0    256     61      -    100      2      0      0      0      0  14801   2812  15678     13      0 
 10:41:05       0    250     61      -    100      2      0      0      0      0  14801   2812  15678     13      0 
 10:41:10       0    256     61      -    100      2      0      0      0      0  14801   2797  15678     13      0 
 10:41:15       0    250     61      -    100      2      0      0      0      0  14801   2812  15678     13      0 
 10:41:20       0    257     61      -    100      2      0      0      0      0  14801   2812  15678     13      0 
 10:41:25       0    250     61      -    100     19      0      0      0      0  14801   2797  15680     13      0 
 10:41:30       0    257     61      -    100      2      0      0      0      0  14801   2797  15680     13      0 
 10:41:35       0    250     61      -    100      2      0      0      0      0  14801   2805  15680     13      0 
 10:41:40       0    254     61      -    100      2      0      0      0      0  14801   2767  15680     13      0 
 10:41:45       0    246     60      -    100      2      0      0      0      0  14801   2812  15680     13      0 
 10:41:50       0     67     47      -      0      0      0      0      0      0  14801   2835  15696     13      0 
#Time         gpu    pwr  gtemp  mtemp     sm    mem    enc    dec    jpg    ofa   mclk   pclk     fb   bar1   ccpm 
#HH:MM:SS     Idx      W      C      C      %      %      %      %      %      %    MHz    MHz     MB     MB     MB 
 10:41:55       0    273     58      -    100     17      0      0      0      0  14801   2812  15696     13      0 
 10:42:00       0    272     61      -    100      4      0      0      0      0  14801   2812  15696     13      0 
 10:42:05       0    272     58      -    100     22      0      0      0      0  14801   2805  15698     13      0 
 10:42:10       0    269     62      -    100      1      0      0      0      0  14801   2790  15698     13      0 
 10:42:15       0    261     60      -    100      2      0      0      0      0  14801   2805  15698     13      0 
 10:42:20       0    260     60      -    100      7      0      0      0      0  14801   2805  15676     13      0 
 10:42:25       0    261     60      -    100     17      0      0      0      0  14801   2805  15676     13      0 
 10:42:30       0    258     62      -    100     11      0      0      0      0  14801   2805  15676     13      0 
 10:42:35       0    257     62      -    100      2      0      0      0      0  14801   2797  15676     13      0 
 10:42:40       0    260     62      -    100      2      0      0      0      0  14801   2797  15680     13      0 
 10:42:45       0    257     61      -    100      2      0      0      0      0  14801   2805  15680     13      0 
 10:42:51       0    257     61      -    100      3      0      0      0      0  14801   2805  15680     13      0 
 10:42:56       0    255     58      -    100     24      0      0      0      0  14801   2797  15680     13      0 
 10:43:01       0    259     61      -    100      2      0      0      0      0  14801   2805  15680     13      0 
 10:43:06       0    257     62      -    100      2      0      0      0      0  14801   2805  15700     13      0 
 10:43:11       0    256     58      -    100      2      0      0      0      0  14801   2805  15700     13      0 
 10:43:16       0    259     62      -    100      7      0      0      0      0  14801   2797  15700     13      0 
 10:43:21       0    254     62      -    100      8      0      0      0      0  14801   2797  15700     13      0 
 10:43:26       0    256     61      -    100      2      0      0      0      0  14801   2805  15700     13      0 
 10:43:31       0    255     60      -    100      2      0      0      0      0  14801   2805  15700     13      0 
 10:43:36       0    256     62      -    100      2      0      0      0      0  14801   2797  15700     13      0 
 10:43:41       0    256     62      -    100      2      0      0      0      0  14801   2797  15696     13      0 
 10:43:46       0    255     59      -    100      2      0      0      0      0  14801   2797  15696     13      0 
 10:43:51       0    258     62      -    100      2      0      0      0      0  14801   2812  15696     13      0 
 10:43:56       0    259     62      -    100      2      0      0      0      0  14801   2797  15696     13      0 
 10:44:01       0    258     62      -    100     14      0      0      0      0  14801   2797  15696     13      0 
 10:44:06       0    258     62      -    100     10      0      0      0      0  14801   2797  15696     13      0 
 10:44:11       0    258     62      -    100      2      0      0      0      0  14801   2805  15696     13      0 
 10:44:16       0    258     60      -    100      2      0      0      0      0  14801   2812  15676     13      0 
 10:44:21       0    258     62      -    100      2      0      0      0      0  14801   2805  15676     13      0 
 10:44:26       0    254     62      -    100      2      0      0      0      0  14801   2797  15676     13      0 
 10:44:31       0    256     62      -    100      2      0      0      0      0  14801   2797  15676     13      0 
 10:44:36       0    255     61      -    100      2      0      0      0      0  14801   2797  15676     13      0 
 10:44:41       0    253     59      -    100     23      0      0      0      0  14801   2805  15676     13      0 
 10:44:46       0    255     61      -    100      2      0      0      0      0  14801   2812  15676     13      0 
 10:44:51       0    255     61      -    100      2      0      0      0      0  14801   2797  15676     13      0 
 10:44:56       0    255     61      -    100      2      0      0      0      0  14801   2797  15676     13      0 
 10:45:01       0    256     61      -    100      2      0      0      0      0  14801   2805  15676     13      0 
 10:45:06       0    255     61      -    100      2      0      0      0      0  14801   2805  15676     13      0 
 10:45:11       0    254     61      -    100      2      0      0      0      0  14801   2797  15676     13      0 
 10:45:16       0    255     61      -    100      2      0      0      0      0  14801   2812  15676     13      0 
 10:45:21       0    255     61      -    100      2      0      0      0      0  14801   2812  15676     13      0 
 10:45:26       0    257     61      -    100      2      0      0      0      0  14801   2797  15676     13      0 
 10:45:31       0    255     61      -    100      2      0      0      0      0  14801   2812  15676     13      0 
#Time         gpu    pwr  gtemp  mtemp     sm    mem    enc    dec    jpg    ofa   mclk   pclk     fb   bar1   ccpm 
#HH:MM:SS     Idx      W      C      C      %      %      %      %      %      %    MHz    MHz     MB     MB     MB 
 10:45:36       0    254     61      -    100      2      0      0      0      0  14801   2797  15676     13      0 
 10:45:41       0    255     61      -    100      2      0      0      0      0  14801   2812  15676     13      0 
 10:45:46       0    259     61      -    100      2      0      0      0      0  14801   2797  15676     13      0 
 10:45:51       0    255     61      -    100      2      0      0      0      0  14801   2797  15676     13      0 
 10:45:56       0    254     61      -    100      2      0      0      0      0  14801   2797  15700     13      0 
 10:46:01       0    254     61      -    100      2      0      0      0      0  14801   2812  15700     13      0 
 10:46:06       0    256     61      -    100      2      0      0      0      0  14801   2797  15700     13      0 
 10:46:11       0    255     61      -    100      2      0      0      0      0  14801   2812  15700     13      0 
 10:46:16       0    254     59      -    100     22      0      0      0      0  14801   2805  15700     13      0 
 10:46:21       0    254     61      -    100      2      0      0      0      0  14801   2805  15700     13      0 
 10:46:26       0    254     61      -    100      2      0      0      0      0  14801   2797  15700     13      0 
 10:46:31       0    254     61      -    100      2      0      0      0      0  14801   2812  15700     13      0 
 10:46:36       0    254     61      -    100      2      0      0      0      0  14801   2797  15700     13      0 
 10:46:41       0    255     61      -    100      2      0      0      0      0  14801   2797  15700     13      0 
 10:46:46       0    254     61      -    100      2      0      0      0      0  14801   2812  15700     13      0 
 10:46:51       0    254     61      -    100      2      0      0      0      0  14801   2797  15700     13      0 
 10:46:56       0    255     61      -    100      2      0      0      0      0  14801   2797  15700     13      0 
 10:47:01       0    253     61      -    100      2      0      0      0      0  14801   2797  15700     13      0 
 10:47:06       0    253     61      -    100      2      0      0      0      0  14801   2797  15700     13      0 
 10:47:11       0    255     61      -    100      2      0      0      0      0  14801   2812  15700     13      0 
 10:47:16       0    254     61      -    100      2      0      0      0      0  14801   2812  15700     13      0 
 10:47:21       0    256     61      -    100      2      0      0      0      0  14801   2797  15700     13      0 
 10:47:26       0    254     61      -    100      2      0      0      0      0  14801   2812  15700     13      0 
 10:47:31       0    254     61      -    100      2      0      0      0      0  14801   2812  15700     13      0 
 10:47:36       0    256     61      -    100      2      0      0      0      0  14801   2812  15700     13      0 
 10:47:41       0    255     61      -    100      2      0      0      0      0  14801   2767  15700     13      0 
 10:47:46       0    253     61      -    100      2      0      0      0      0  14801   2797  15700     13      0 
 10:47:51       0    254     61      -    100      2      0      0      0      0  14801   2812  15700     13      0 
 10:47:56       0    254     61      -    100      2      0      0      0      0  14801   2812  15680     13      0 
 10:48:01       0    256     61      -    100      2      0      0      0      0  14801   2812  15680     13      0 
 10:48:06       0    256     61      -    100      2      0      0      0      0  14801   2797  15680     13      0 
 10:48:11       0    253     61      -    100      2      0      0      0      0  14801   2812  15680     13      0 
 10:48:16       0    251     57      -    100     10      0      0      0      0  14801   2805  15680     13      0 
 10:48:21       0    251     61      -    100      2      0      0      0      0  14801   2797  15680     13      0 
 10:48:26       0    254     61      -    100      2      0      0      0      0  14801   2797  15680     13      0 
 10:48:31       0    252     61      -    100      2      0      0      0      0  14801   2767  15680     13      0 
 10:48:36       0    257     61      -    100      2      0      0      0      0  14801   2797  15680     13      0 
 10:48:41       0    251     61      -    100      2      0      0      0      0  14801   2812  15680     13      0 
 10:48:46       0    252     61      -    100      2      0      0      0      0  14801   2797  15680     13      0 
 10:48:51       0    252     56      -    100      3      0      0      0      0  14801   2812  15680     13      0 
 10:48:56       0    252     61      -    100      2      0      0      0      0  14801   2812  15680     13      0 
 10:49:01       0    251     56      -    100      2      0      0      0      0  14801   2812  15680     13      0 
 10:49:06       0    252     61      -    100      2      0      0      0      0  14801   2812  15680     13      0 
 10:49:11       0    254     61      -    100      2      0      0      0      0  14801   2797  15680     13      0 
#Time         gpu    pwr  gtemp  mtemp     sm    mem    enc    dec    jpg    ofa   mclk   pclk     fb   bar1   ccpm 
#HH:MM:SS     Idx      W      C      C      %      %      %      %      %      %    MHz    MHz     MB     MB     MB 
 10:49:16       0    254     61      -    100      2      0      0      0      0  14801   2767  15680     13      0 
 10:49:21       0    251     56      -    100      2      0      0      0      0  14801   2812  15680     13      0 
 10:49:26       0    253     61      -    100      2      0      0      0      0  14801   2812  15680     13      0 
 10:49:31       0    252     61      -    100      2      0      0      0      0  14801   2797  15680     13      0 
 10:49:36       0    258     61      -    100      2      0      0      0      0  14801   2797  15680     13      0 
 10:49:41       0    256     61      -    100      2      0      0      0      0  14801   2797  15680     13      0 
 10:49:46       0    253     58      -    100      2      0      0      0      0  14801   2812  15680     13      0 
 10:49:51       0    249     61      -    100      2      0      0      0      0  14801   2812  15680     13      0 
 10:49:56       0    253     61      -    100      6      0      0      0      0  14801   2812  15680     13      0 
 10:50:01       0    251     61      -    100     20      0      0      0      0  14801   2812  15680     13      0 
 10:50:06       0    253     61      -    100      2      0      0      0      0  14801   2797  15680     13      0 
 10:50:11       0    253     61      -    100      2      0      0      0      0  14801   2812  15680     13      0 
 10:50:16       0    258     61      -    100      2      0      0      0      0  14801   2797  15680     13      0 
 10:50:21       0    254     61      -    100      2      0      0      0      0  14801   2797  15698     13      0 
 10:50:26       0    258     61      -    100      2      0      0      0      0  14801   2812  15698     13      0 
 10:50:31       0    257     61      -    100      2      0      0      0      0  14801   2797  15698     13      0 
 10:50:36       0    258     61      -    100      2      0      0      0      0  14801   2812  15698     13      0 
 10:50:41       0    256     61      -    100      2      0      0      0      0  14801   2797  15698     13      0 
 10:50:46       0    257     61      -    100      2      0      0      0      0  14801   2797  15698     13      0 
 10:50:51       0    256     61      -    100      2      0      0      0      0  14801   2797  15698     13      0 
 10:50:56       0    255     61      -    100      2      0      0      0      0  14801   2767  15698     13      0 
 10:51:01       0    251     61      -    100      2      0      0      0      0  14801   2797  15698     13      0 
 10:51:06       0    253     61      -    100      2      0      0      0      0  14801   2812  15698     13      0 
 10:51:11       0    252     61      -    100     17      0      0      0      0  14801   2797  15698     13      0 
 10:51:16       0    252     61      -    100      8      0      0      0      0  14801   2812  15698     13      0 
 10:51:21       0    250     61      -    100      2      0      0      0      0  14801   2812  15698     13      0 
 10:51:26       0    251     59      -    100      2      0      0      0      0  14801   2805  15698     13      0 
 10:51:31       0    257     61      -    100      2      0      0      0      0  14801   2812  15698     13      0 
 10:51:36       0    255     61      -    100      2      0      0      0      0  14801   2767  15698     13      0 
 10:51:42       0    251     61      -    100      2      0      0      0      0  14801   2812  15702     13      0 
 10:51:47       0    252     61      -    100     10      0      0      0      0  14801   2812  15702     13      0 
 10:51:52       0    252     61      -    100      2      0      0      0      0  14801   2812  15702     13      0 
 10:51:57       0    255     61      -    100      2      0      0      0      0  14801   2812  15702     13      0 
 10:52:02       0    256     61      -    100      2      0      0      0      0  14801   2797  15702     13      0 
 10:52:07       0    251     61      -    100      2      0      0      0      0  14801   2797  15702     13      0 
 10:52:12       0    254     61      -    100     22      0      0      0      0  14801   2797  15702     13      0 
 10:52:17       0    252     59      -    100      2      0      0      0      0  14801   2812  15702     13      0 
 10:52:22       0    254     61      -    100      2      0      0      0      0  14801   2767  15702     13      0 
 10:52:27       0    250     61      -    100      2      0      0      0      0  14801   2767  15702     13      0 
 10:52:32       0    250     61      -    100      2      0      0      0      0  14801   2805  15702     13      0 
 10:52:37       0    253     61      -    100      2      0      0      0      0  14801   2767  15702     13      0 
 10:52:42       0    257     61      -    100      2      0      0      0      0  14801   2812  15702     13      0 
 10:52:47       0    250     61      -    100     11      0      0      0      0  14801   2797  15702     13      0 
 10:52:52       0    250     55      -    100      2      0      0      0      0  14801   2812  15702     13      0 
#Time         gpu    pwr  gtemp  mtemp     sm    mem    enc    dec    jpg    ofa   mclk   pclk     fb   bar1   ccpm 
#HH:MM:SS     Idx      W      C      C      %      %      %      %      %      %    MHz    MHz     MB     MB     MB 
 10:52:57       0    257     61      -    100      2      0      0      0      0  14801   2812  15702     13      0 
 10:53:02       0    250     61      -    100     20      0      0      0      0  14801   2812  15702     13      0 
 10:53:07       0    250     57      -    100      2      0      0      0      0  14801   2812  15678     13      0 
 10:53:12       0    257     61      -    100      2      0      0      0      0  14801   2812  15678     13      0 
 10:53:17       0    251     61      -    100      2      0      0      0      0  14801   2812  15678     13      0 
 10:53:22       0    256     61      -    100      2      0      0      0      0  14801   2797  15678     13      0 
 10:53:27       0    256     61      -    100      2      0      0      0      0  14801   2797  15678     13      0 
 10:53:32       0    249     61      -    100      2      0      0      0      0  14801   2767  15678     13      0 
 10:53:37       0    257     61      -    100      2      0      0      0      0  14801   2812  15678     13      0 
 10:53:42       0    252     61      -    100      2      0      0      0      0  14801   2797  15678     13      0 
 10:53:47       0    251     59      -    100     19      0      0      0      0  14801   2812  15678     13      0 
 10:53:52       0    258     61      -    100      2      0      0      0      0  14801   2812  15678     13      0 
 10:53:57       0    249     61      -    100      2      0      0      0      0  14801   2805  15678     13      0 
 10:54:02       0    258     61      -    100      2      0      0      0      0  14801   2812  15678     13      0 
 10:54:07       0    250     61      -    100      2      0      0      0      0  14801   2812  15678     13      0 
 10:54:12       0    257     61      -    100      2      0      0      0      0  14801   2812  15678     13      0 
 10:54:17       0    252     61      -    100      2      0      0      0      0  14801   2812  15678     13      0 
 10:54:22       0    256     61      -    100      2      0      0      0      0  14801   2797  15678     13      0 
 10:54:27       0    250     61      -    100      2      0      0      0      0  14801   2797  15678     13      0 
 10:54:32       0    256     61      -    100      2      0      0      0      0  14801   2797  15678     13      0 
 10:54:37       0    250     61      -    100      2      0      0      0      0  14801   2812  15678     13      0 
 10:54:42       0    257     61      -    100      2      0      0      0      0  14801   2812  15680     13      0 
 10:54:47       0    249     61      -    100      2      0      0      0      0  14801   2812  15680     13      0 
 10:54:52       0    258     61      -    100      2      0      0      0      0  14801   2812  15680     13      0 
 10:54:57       0    247     61      -    100      2      0      0      0      0  14801   2805  15680     13      0 
 10:55:02       0    258     61      -    100      2      0      0      0      0  14801   2812  15680     13      0 
 10:55:07       0    204     53      -     98     60      0      0      0      0  14801   2797  15700     13      0 
 10:55:12       0    179     52      -     97     51      0      0      0      0  14801   2782  15700     13      0 
 10:55:17       0    192     52      -     97     55      0      0      0      0  14801   2782  15700     13      0 
 10:55:22       0    192     52      -     97     55      0      0      0      0  14801   2782  15700     13      0 
 10:55:27       0    192     52      -     97     55      0      0      0      0  14801   2782  15700     13      0 
 10:55:32       0    192     51      -     97     55      0      0      0      0  14801   2782  15700     13      0 
 10:55:37       0    192     51      -     97     55      0      0      0      0  14801   2782  15700     13      0 
 10:55:42       0    192     51      -     97     55      0      0      0      0  14801   2782  15700     13      0 
 10:55:47       0    192     51      -     97     55      0      0      0      0  14801   2782  15700     13      0 
 10:55:52       0    192     51      -     97     56      0      0      0      0  14801   2790  15700     13      0 
 10:55:57       0    192     51      -     97     56      0      0      0      0  14801   2797  15700     13      0 
 10:56:02       0    192     51      -     97     56      0      0      0      0  14801   2797  15700     13      0 
 10:56:07       0    192     51      -     97     56      0      0      0      0  14801   2797  15700     13      0 
 10:56:12       0    192     51      -     97     56      0      0      0      0  14801   2797  15700     13      0 
 10:56:17       0    192     51      -     97     56      0      0      0      0  14801   2797  15700     13      0 
 10:56:22       0    192     51      -     97     56      0      0      0      0  14801   2797  15700     13      0 
 10:56:27       0    192     51      -     97     56      0      0      0      0  14801   2797  15700     13      0 
 10:56:32       0    192     51      -     97     56      0      0      0      0  14801   2797  15700     13      0 
#Time         gpu    pwr  gtemp  mtemp     sm    mem    enc    dec    jpg    ofa   mclk   pclk     fb   bar1   ccpm 
#HH:MM:SS     Idx      W      C      C      %      %      %      %      %      %    MHz    MHz     MB     MB     MB 
 10:56:37       0    192     51      -     97     56      0      0      0      0  14801   2797  15700     13      0 
 10:56:42       0    192     51      -     97     56      0      0      0      0  14801   2797  15700     13      0 
 10:56:47       0    192     51      -     97     56      0      0      0      0  14801   2797  15700     13      0 
 10:56:52       0    192     51      -     97     56      0      0      0      0  14801   2797  15700     13      0 
 10:56:57       0    192     51      -     97     56      0      0      0      0  14801   2797  15700     13      0 
 10:57:02       0    192     52      -     97     56      0      0      0      0  14801   2797  15700     13      0 
 10:57:07       0    192     52      -     97     56      0      0      0      0  14801   2797  15700     13      0 
 10:57:12       0    193     52      -     97     56      0      0      0      0  14801   2797  15700     13      0 
 10:57:17       0    192     52      -     97     56      0      0      0      0  14801   2797  15700     13      0 
 10:57:22       0    193     52      -     97     56      0      0      0      0  14801   2782  15700     13      0 
 10:57:27       0    192     52      -     97     56      0      0      0      0  14801   2782  15700     13      0 
 10:57:32       0    193     52      -     97     56      0      0      0      0  14801   2782  15700     13      0 
 10:57:37       0    193     52      -     97     56      0      0      0      0  14801   2782  15700     13      0 
 10:57:42       0    193     52      -     97     56      0      0      0      0  14801   2782  15700     13      0 
 10:57:47       0    193     52      -     97     56      0      0      0      0  14801   2782  15700     13      0 
 10:57:52       0    193     52      -     97     56      0      0      0      0  14801   2782  15700     13      0 
 10:57:57       0    193     53      -     97     56      0      0      0      0  14801   2782  15700     13      0 
 10:58:02       0    193     53      -     97     56      0      0      0      0  14801   2782  15700     13      0 
 10:58:07       0    193     53      -     97     56      0      0      0      0  14801   2782  15700     13      0 
 10:58:12       0    193     53      -     97     56      0      0      0      0  14801   2782  15700     13      0 
 10:58:17       0    193     53      -     97     56      0      0      0      0  14801   2782  15700     13      0 
 10:58:22       0    193     53      -     97     56      0      0      0      0  14801   2782  15700     13      0 
 10:58:27       0    194     53      -     97     56      0      0      0      0  14801   2782  15700     13      0 
 10:58:32       0    194     53      -     97     56      0      0      0      0  14801   2782  15700     13      0 
 10:58:37       0    194     53      -     97     56      0      0      0      0  14801   2782  15700     13      0 
 10:58:42       0    194     53      -     97     56      0      0      0      0  14801   2782  15700     13      0 
 10:58:47       0    194     53      -     97     56      0      0      0      0  14801   2782  15700     13      0 
 10:58:52       0    194     53      -     97     56      0      0      0      0  14801   2782  15700     13      0 
 10:58:57       0    194     54      -     97     56      0      0      0      0  14801   2782  15700     13      0 
 10:59:02       0    194     54      -     97     56      0      0      0      0  14801   2782  15700     13      0 
 10:59:07       0    194     54      -     97     56      0      0      0      0  14801   2782  15700     13      0 
 10:59:12       0    194     54      -     97     56      0      0      0      0  14801   2782  15052     13      0 
 10:59:17       0    194     54      -     97     56      0      0      0      0  14801   2782  15096     13      0 
 10:59:22       0    194     54      -     97     56      0      0      0      0  14801   2782  15096     13      0 
 10:59:27       0    195     54      -     97     56      0      0      0      0  14801   2782  15096     13      0 
 10:59:32       0    195     54      -     97     56      0      0      0      0  14801   2782  15096     13      0 
 10:59:37       0    195     54      -     97     56      0      0      0      0  14801   2782  15096     13      0 
 10:59:42       0    195     54      -     97     56      0      0      0      0  14801   2782  15096     13      0 
 10:59:47       0    195     54      -     97     56      0      0      0      0  14801   2782  15096     13      0 
 10:59:52       0    195     54      -     97     56      0      0      0      0  14801   2782  15096     13      0 
 10:59:57       0    195     54      -     97     56      0      0      0      0  14801   2782  15096     13      0 
 11:00:02       0    195     54      -     97     56      0      0      0      0  14801   2782  15096     13      0 
 11:00:07       0    196     54      -     97     56      0      0      0      0  14801   2782  15096     13      0 
 11:00:12       0    196     54      -     97     56      0      0      0      0  14801   2782  15096     13      0 
#Time         gpu    pwr  gtemp  mtemp     sm    mem    enc    dec    jpg    ofa   mclk   pclk     fb   bar1   ccpm 
#HH:MM:SS     Idx      W      C      C      %      %      %      %      %      %    MHz    MHz     MB     MB     MB 
 11:00:17       0    196     54      -     97     56      0      0      0      0  14801   2782  15096     13      0 
 11:00:22       0    196     54      -     97     56      0      0      0      0  14801   2782  15096     13      0 
 11:00:27       0    196     55      -     97     56      0      0      0      0  14801   2782  15096     13      0 
 11:00:32       0    196     55      -     97     56      0      0      0      0  14801   2782  15096     13      0 
 11:00:37       0    196     55      -     97     56      0      0      0      0  14801   2782  15096     13      0 
 11:00:42       0    196     55      -     97     56      0      0      0      0  14801   2782  15096     13      0 
 11:00:47       0    196     55      -     97     56      0      0      0      0  14801   2782  15096     13      0 
 11:00:52       0    196     55      -     97     56      0      0      0      0  14801   2782  15096     13      0 
 11:00:57       0    196     55      -     97     56      0      0      0      0  14801   2782  15096     13      0 
 11:01:02       0    152     54      -     98     32      0      0      0      0  14801   2790  15122     13      0 
 11:01:07       0    174     54      -     97     47      0      0      0      0  14801   2790  15122     13      0 
 11:01:12       0    170     53      -     97     46      0      0      0      0  14801   2790  15122     13      0 
 11:01:17       0    274     63      -    100     15      0      0      0      0  14801   2797  15702     13      0 
 11:01:22       0    270     63      -    100     16      0      0      0      0  14801   2805  15698     13      0 
 11:01:27       0    275     64      -    100      2      0      0      0      0  14801   2797  15698     13      0 
 11:01:32       0    193     60      -    100      7      0      0      0      0  14801   2835  15702     13      0 
 11:01:37       0    275     61      -    100      9      0      0      0      0  14801   2805  15702     13      0 
 11:01:42       0    275     61      -    100     19      0      0      0      0  14801   2805  15698     13      0 
 11:01:47       0    274     63      -    100      9      0      0      0      0  14801   2812  15698     13      0 
 11:01:52       0    277     60      -    100     20      0      0      0      0  14801   2812  15700     13      0 
 11:01:57       0    275     63      -    100     27      0      0      0      0  14801   2812  15700     13      0 
 11:02:02       0    274     63      -    100      9      0      0      0      0  14801   2805  15698     13      0 
 11:02:07       0    274     61      -    100     23      0      0      0      0  14801   2805  15698     13      0 
 11:02:12       0    197     53      -     97     57      0      0      0      0  14801   2790  15698     13      0 
 11:02:17       0    197     53      -     97     57      0      0      0      0  14801   2782  15698     13      0 
 11:02:22       0    196     52      -     97     57      0      0      0      0  14801   2782  15698     13      0 
 11:02:27       0    196     52      -     97     57      0      0      0      0  14801   2782  15698     13      0 
 11:02:32       0    196     52      -     97     57      0      0      0      0  14801   2797  15698     13      0 
 11:02:37       0    196     52      -     97     57      0      0      0      0  14801   2797  15698     13      0 
 11:02:42       0    196     51      -     97     57      0      0      0      0  14801   2797  15698     13      0 
 11:02:47       0    196     51      -     97     57      0      0      0      0  14801   2797  15698     13      0 
 11:02:52       0    196     51      -     97     57      0      0      0      0  14801   2797  15698     13      0 
 11:02:57       0    196     51      -     97     57      0      0      0      0  14801   2797  15698     13      0 
 11:03:02       0    196     51      -     97     57      0      0      0      0  14801   2797  15698     13      0 
 11:03:07       0    196     51      -     97     57      0      0      0      0  14801   2797  15698     13      0 
 11:03:12       0    195     51      -     97     57      0      0      0      0  14801   2797  15698     13      0 
 11:03:17       0    195     51      -     97     57      0      0      0      0  14801   2797  15698     13      0 
 11:03:22       0    195     51      -     97     57      0      0      0      0  14801   2797  15698     13      0 
 11:03:27       0    196     51      -     97     57      0      0      0      0  14801   2797  15698     13      0 
 11:03:32       0    196     51      -     97     57      0      0      0      0  14801   2797  15698     13      0 
 11:03:38       0    196     51      -     97     57      0      0      0      0  14801   2797  15698     13      0 
 11:03:43       0    196     51      -     97     57      0      0      0      0  14801   2797  15698     13      0 
 11:03:48       0    196     51      -     97     57      0      0      0      0  14801   2797  15698     13      0 
 11:03:53       0    196     52      -     97     57      0      0      0      0  14801   2797  15698     13      0 
#Time         gpu    pwr  gtemp  mtemp     sm    mem    enc    dec    jpg    ofa   mclk   pclk     fb   bar1   ccpm 
#HH:MM:SS     Idx      W      C      C      %      %      %      %      %      %    MHz    MHz     MB     MB     MB 
 11:03:58       0    196     52      -     97     57      0      0      0      0  14801   2797  15074     13      0 
 11:04:03       0    196     52      -     97     57      0      0      0      0  14801   2797  15074     13      0 
 11:04:08       0    196     52      -     97     57      0      0      0      0  14801   2797  15074     13      0 
 11:04:13       0    196     52      -     97     57      0      0      0      0  14801   2797  15074     13      0 
 11:04:18       0    196     52      -     97     57      0      0      0      0  14801   2797  15074     13      0 
 11:04:23       0    196     52      -     97     57      0      0      0      0  14801   2797  15074     13      0 
 11:04:28       0    196     52      -     97     57      0      0      0      0  14801   2797  15074     13      0 
 11:04:33       0    196     52      -     97     57      0      0      0      0  14801   2797  15074     13      0 
 11:04:38       0    196     52      -     97     57      0      0      0      0  14801   2797  15074     13      0 
 11:04:43       0    197     52      -     97     57      0      0      0      0  14801   2797  15074     13      0 
 11:04:48       0    197     52      -     97     57      0      0      0      0  14801   2797  15074     13      0 
 11:04:53       0    197     53      -     97     57      0      0      0      0  14801   2790  15074     13      0 
 11:04:58       0    197     53      -     97     57      0      0      0      0  14801   2790  15074     13      0 
 11:05:03       0    197     53      -     97     57      0      0      0      0  14801   2790  15074     13      0 
 11:05:08       0    197     53      -     97     57      0      0      0      0  14801   2790  15074     13      0 
 11:05:13       0    197     53      -     97     57      0      0      0      0  14801   2790  15074     13      0 
 11:05:18       0    197     53      -     97     57      0      0      0      0  14801   2790  15074     13      0 
 11:05:23       0    197     53      -     97     57      0      0      0      0  14801   2790  15074     13      0 
 11:05:28       0    197     53      -     97     57      0      0      0      0  14801   2790  15074     13      0 
 11:05:33       0    198     53      -     97     57      0      0      0      0  14801   2790  15074     13      0 
 11:05:38       0    198     53      -     97     57      0      0      0      0  14801   2790  15074     13      0 
 11:05:43       0    198     53      -     97     57      0      0      0      0  14801   2790  15074     13      0 
 11:05:48       0    198     53      -     97     57      0      0      0      0  14801   2790  15074     13      0 
 11:05:53       0    198     54      -     97     57      0      0      0      0  14801   2790  15074     13      0 
 11:05:58       0    198     54      -     97     57      0      0      0      0  14801   2790  15074     13      0 
 11:06:03       0    198     54      -     97     57      0      0      0      0  14801   2790  15074     13      0 
 11:06:08       0    198     54      -     97     57      0      0      0      0  14801   2790  15074     13      0 
 11:06:13       0    198     54      -     97     57      0      0      0      0  14801   2790  15074     13      0 
 11:06:18       0    198     54      -     97     57      0      0      0      0  14801   2790  15074     13      0 
 11:06:23       0    198     54      -     97     57      0      0      0      0  14801   2790  15074     13      0 
 11:06:28       0    199     54      -     97     57      0      0      0      0  14801   2790  15074     13      0 
 11:06:33       0    198     54      -     97     57      0      0      0      0  14801   2790  15074     13      0 
 11:06:38       0    199     54      -     97     57      0      0      0      0  14801   2790  15074     13      0 
 11:06:43       0    199     54      -     97     57      0      0      0      0  14801   2790  15074     13      0 
 11:06:48       0    199     54      -     97     57      0      0      0      0  14801   2790  15074     13      0 
 11:06:53       0    199     54      -     97     57      0      0      0      0  14801   2790  15074     13      0 
 11:06:58       0    199     54      -     97     57      0      0      0      0  14801   2790  15074     13      0 
 11:07:03       0    199     54      -     97     57      0      0      0      0  14801   2790  15074     13      0 
 11:07:08       0    199     55      -     97     57      0      0      0      0  14801   2790  15074     13      0 
 11:07:13       0    199     55      -     97     57      0      0      0      0  14801   2790  15074     13      0 
 11:07:18       0    199     55      -     97     57      0      0      0      0  14801   2790  15074     13      0 
 11:07:23       0    199     55      -     97     57      0      0      0      0  14801   2790  15074     13      0 
 11:07:28       0    199     55      -     97     58      0      0      0      0  14801   2790  15074     13      0 
 11:07:33       0    199     55      -     97     57      0      0      0      0  14801   2790  15074     13      0 
#Time         gpu    pwr  gtemp  mtemp     sm    mem    enc    dec    jpg    ofa   mclk   pclk     fb   bar1   ccpm 
#HH:MM:SS     Idx      W      C      C      %      %      %      %      %      %    MHz    MHz     MB     MB     MB 
 11:07:38       0    200     55      -     97     57      0      0      0      0  14801   2790  15074     13      0 
 11:07:43       0    200     55      -     97     58      0      0      0      0  14801   2790  15074     13      0 
 11:07:48       0    200     55      -     97     58      0      0      0      0  14801   2790  15074     13      0 
 11:07:53       0    200     55      -     97     58      0      0      0      0  14801   2790  15074     13      0 
 11:07:58       0    200     55      -     97     58      0      0      0      0  14801   2790  15074     13      0 
 11:08:03       0    200     55      -     97     58      0      0      0      0  14801   2790  15074     13      0 
 11:08:08       0    200     55      -     97     58      0      0      0      0  14801   2790  15074     13      0 
 11:08:13       0    200     55      -     97     58      0      0      0      0  14801   2790  15074     13      0 
 11:08:18       0    200     55      -     97     58      0      0      0      0  14801   2790  15074     13      0 
 11:08:23       0    200     55      -     97     58      0      0      0      0  14801   2790  15074     13      0 
 11:08:28       0    200     55      -     97     58      0      0      0      0  14801   2790  15074     13      0 
 11:08:33       0    275     60      -    100     18      0      0      0      0  14801   2805  15658     13      0 
 11:08:38       0    276     62      -    100     24      0      0      0      0  14801   2797  15658     13      0 
 11:08:43       0    275     62      -    100     19      0      0      0      0  14801   2805  15698     13      0 
 11:08:48       0    266     61      -    100     12      0      0      0      0  14801   2797  15700     13      0 
 11:08:53       0    275     60      -    100     15      0      0      0      0  14801   2805  15702     13      0 
 11:08:58       0    274     63      -    100      2      0      0      0      0  14801   2805  15702     13      0 
 11:09:03       0    274     62      -    100     25      0      0      0      0  14801   2790  15698     13      0 
 11:09:08       0    267     60      -    100     25      0      0      0      0  14801   2805  15698     13      0 
 11:09:13       0    180     53      -     97     51      0      0      0      0  14801   2790  15698     13      0 
 11:09:18       0    185     52      -     97     52      0      0      0      0  14801   2790  15698     13      0 
 11:09:23       0    188     52      -     97     57      0      0      0      0  14801   2797  15698     13      0 
 11:09:28       0    196     52      -     97     57      0      0      0      0  14801   2797  15698     13      0 
 11:09:33       0    196     52      -     97     57      0      0      0      0  14801   2797  15698     13      0 
 11:09:38       0    196     52      -     97     57      0      0      0      0  14801   2797  15698     13      0 
 11:09:43       0    196     51      -     97     57      0      0      0      0  14801   2797  15698     13      0 
 11:09:48       0    196     51      -     97     57      0      0      0      0  14801   2797  15698     13      0 
 11:09:53       0    196     51      -     97     57      0      0      0      0  14801   2797  15698     13      0 
 11:09:58       0    196     51      -     97     57      0      0      0      0  14801   2797  15698     13      0 
 11:10:03       0    195     51      -     97     57      0      0      0      0  14801   2797  15698     13      0 
 11:10:08       0    196     51      -     97     57      0      0      0      0  14801   2797  15698     13      0 
 11:10:13       0    196     51      -     97     57      0      0      0      0  14801   2797  15698     13      0 
 11:10:18       0    196     51      -     97     57      0      0      0      0  14801   2797  15698     13      0 
 11:10:23       0    196     51      -     97     57      0      0      0      0  14801   2797  15698     13      0 
 11:10:28       0    196     51      -     97     57      0      0      0      0  14801   2797  15698     13      0 
 11:10:33       0    196     51      -     97     57      0      0      0      0  14801   2797  15698     13      0 
 11:10:38       0    196     51      -     97     57      0      0      0      0  14801   2797  15698     13      0 
 11:10:43       0    196     51      -     97     57      0      0      0      0  14801   2797  15698     13      0 
 11:10:48       0    196     52      -     97     57      0      0      0      0  14801   2797  15698     13      0 
 11:10:53       0    196     52      -     97     57      0      0      0      0  14801   2797  15698     13      0 
 11:10:58       0    192     52      -     97     57      0      0      0      0  14801   2797  15074     13      0 
 11:11:03       0    196     52      -     97     57      0      0      0      0  14801   2797  15074     13      0 
 11:11:08       0    197     52      -     97     57      0      0      0      0  14801   2797  15074     13      0 
 11:11:13       0    196     52      -     97     57      0      0      0      0  14801   2797  15074     13      0 
#Time         gpu    pwr  gtemp  mtemp     sm    mem    enc    dec    jpg    ofa   mclk   pclk     fb   bar1   ccpm 
#HH:MM:SS     Idx      W      C      C      %      %      %      %      %      %    MHz    MHz     MB     MB     MB 
 11:11:18       0    196     52      -     97     57      0      0      0      0  14801   2797  15074     13      0 
 11:11:23       0    196     52      -     97     57      0      0      0      0  14801   2797  15074     13      0 
 11:11:28       0    197     52      -     97     57      0      0      0      0  14801   2797  15074     13      0 
 11:11:33       0    196     52      -     97     57      0      0      0      0  14801   2797  15074     13      0 
 11:11:38       0    196     52      -     97     57      0      0      0      0  14801   2797  15074     13      0 
 11:11:43       0    196     52      -     97     57      0      0      0      0  14801   2797  15074     13      0 
 11:11:48       0    197     53      -     97     57      0      0      0      0  14801   2782  15074     13      0 
 11:11:53       0    197     53      -     97     57      0      0      0      0  14801   2790  15074     13      0 
 11:11:58       0    197     53      -     97     57      0      0      0      0  14801   2790  15074     13      0 
 11:12:03       0    197     53      -     97     57      0      0      0      0  14801   2790  15074     13      0 
 11:12:08       0    197     53      -     97     57      0      0      0      0  14801   2790  15074     13      0 
 11:12:13       0    197     53      -     97     57      0      0      0      0  14801   2790  15074     13      0 
 11:12:18       0    197     53      -     97     57      0      0      0      0  14801   2790  15074     13      0 
 11:12:23       0    197     53      -     97     57      0      0      0      0  14801   2790  15074     13      0 
 11:12:28       0    197     53      -     97     57      0      0      0      0  14801   2790  15074     13      0 
 11:12:33       0    198     53      -     97     57      0      0      0      0  14801   2790  15074     13      0 
 11:12:38       0    198     53      -     97     57      0      0      0      0  14801   2790  15074     13      0 
 11:12:43       0    198     53      -     97     57      0      0      0      0  14801   2790  15074     13      0 
 11:12:48       0    197     54      -     97     57      0      0      0      0  14801   2790  15074     13      0 
 11:12:53       0    198     54      -     97     57      0      0      0      0  14801   2790  15074     13      0 
 11:12:58       0    198     54      -     97     57      0      0      0      0  14801   2790  15074     13      0 
 11:13:03       0    198     54      -     97     57      0      0      0      0  14801   2790  15074     13      0 
 11:13:08       0    198     54      -     97     57      0      0      0      0  14801   2790  15074     13      0 
 11:13:14       0    198     54      -     97     57      0      0      0      0  14801   2790  15074     13      0 
 11:13:19       0    198     54      -     97     57      0      0      0      0  14801   2790  15074     13      0 
 11:13:24       0    198     54      -     97     57      0      0      0      0  14801   2790  15074     13      0 
 11:13:29       0    198     54      -     97     57      0      0      0      0  14801   2790  15074     13      0 
 11:13:34       0    198     54      -     97     57      0      0      0      0  14801   2790  15074     13      0 
 11:13:39       0    198     54      -     97     57      0      0      0      0  14801   2790  15074     13      0 
 11:13:44       0    198     54      -     97     57      0      0      0      0  14801   2790  15074     13      0 
 11:13:49       0    199     54      -     97     57      0      0      0      0  14801   2790  15074     13      0 
 11:13:54       0    199     54      -     97     57      0      0      0      0  14801   2790  15074     13      0 
 11:13:59       0    199     54      -     97     57      0      0      0      0  14801   2790  15074     13      0 
 11:14:04       0    199     54      -     97     57      0      0      0      0  14801   2790  15074     13      0 
 11:14:09       0    199     55      -     97     57      0      0      0      0  14801   2790  15074     13      0 
 11:14:14       0    199     55      -     97     57      0      0      0      0  14801   2790  15074     13      0 
 11:14:19       0    199     55      -     97     57      0      0      0      0  14801   2790  15074     13      0 
 11:14:24       0    199     55      -     97     57      0      0      0      0  14801   2790  15074     13      0 
 11:14:29       0    199     55      -     97     57      0      0      0      0  14801   2790  15074     13      0 
 11:14:34       0    199     55      -     97     57      0      0      0      0  14801   2790  15074     13      0 
 11:14:39       0    199     55      -     97     57      0      0      0      0  14801   2790  15074     13      0 
 11:14:44       0    199     55      -     97     58      0      0      0      0  14801   2790  15074     13      0 
 11:14:49       0    199     55      -     97     58      0      0      0      0  14801   2790  15074     13      0 
 11:14:54       0    199     55      -     97     58      0      0      0      0  14801   2790  15074     13      0 
#Time         gpu    pwr  gtemp  mtemp     sm    mem    enc    dec    jpg    ofa   mclk   pclk     fb   bar1   ccpm 
#HH:MM:SS     Idx      W      C      C      %      %      %      %      %      %    MHz    MHz     MB     MB     MB 
 11:14:59       0    199     55      -     97     58      0      0      0      0  14801   2790  15074     13      0 
 11:15:04       0    200     55      -     97     58      0      0      0      0  14801   2790  15074     13      0 
 11:15:09       0    200     55      -     97     58      0      0      0      0  14801   2790  15074     13      0 
 11:15:14       0    200     55      -     97     58      0      0      0      0  14801   2790  15074     13      0 
 11:15:19       0    200     55      -     97     58      0      0      0      0  14801   2790  15074     13      0 
 11:15:24       0    200     55      -     97     58      0      0      0      0  14801   2790  15074     13      0 
 11:15:29       0    200     55      -     97     58      0      0      0      0  14801   2790  15074     13      0 
 11:15:34       0    275     62      -    100     19      0      0      0      0  14801   2805  15658     13      0 
 11:15:39       0    275     62      -    100     18      0      0      0      0  14801   2797  15658     13      0 
 11:15:44       0    275     64      -    100     15      0      0      0      0  14801   2805  15698     13      0 
 11:15:49       0    267     60      -    100     18      0      0      0      0  14801   2797  15698     13      0 
 11:15:54       0    275     60      -     99     25      0      0      0      0  14801   2805  15700     13      0 
 11:15:59       0    275     63      -    100      6      0      0      0      0  14801   2797  15700     13      0 
 11:16:04       0    275     61      -    100     11      0      0      0      0  14801   2797  15698     13      0 
 11:16:09       0    266     63      -    100      1      0      0      0      0  14801   2805  15698     13      0 
 11:16:14       0    177     53      -     98     47      0      0      0      0  14801   2790  15698     13      0 
 11:16:19       0    176     51      -     98     45      0      0      0      0  14801   2797  15698     13      0 
 11:16:24       0    172     51      -     98     47      0      0      0      0  14801   2797  15698     13      0 
 11:16:29       0    173     51      -     98     49      0      0      0      0  14801   2797  15698     13      0 
 11:16:34       0    274     57      -    100     22      0      0      0      0  14801   2812  15700     13      0 
 11:16:39       0    272     59      -    100     12      0      0      0      0  14801   2812  15698     13      0 
 11:16:44       0    272     61      -    100      0      0      0      0      0  14801   2790  15698     13      0 
 11:16:49       0    258     59      -    100     20      0      0      0      0  14801   2812  15700     13      0 
 11:16:54       0    274     61      -    100     12      0      0      0      0  14801   2812  15700     13      0 
 11:16:59       0    273     59      -    100     17      0      0      0      0  14801   2812  15698     13      0 
 11:17:04       0    272     59      -    100     12      0      0      0      0  14801   2812  15698     13      0 
 11:17:09       0    205     48      -      0      0      0      0      0      0  14801   2812  15700     13      0 
 11:17:14       0    274     61      -    100      9      0      0      0      0  14801   2812  15700     13      0 
 11:17:19       0    272     62      -    100      6      0      0      0      0  14801   2805  15698     13      0 
 11:17:24       0    273     60      -    100     27      0      0      0      0  14801   2805  15698     13      0 
 11:17:29       0    265     61      -    100      3      0      0      0      0  14801   2805  15698     13      0 
 11:17:34       0    260     61      -    100      2      0      0      0      0  14801   2812  15676     13      0 
 11:17:39       0    260     60      -    100     23      0      0      0      0  14801   2797  15676     13      0 
 11:17:44       0    259     61      -    100      2      0      0      0      0  14801   2812  15676     13      0 
 11:17:49       0    259     61      -    100      2      0      0      0      0  14801   2812  15676     13      0 
 11:17:54       0    249     61      -    100      2      0      0      0      0  14801   2805  15680     13      0 
 11:17:59       0    258     61      -    100      2      0      0      0      0  14801   2805  15680     13      0 
 11:18:04       0    253     59      -     99     24      0      0      0      0  14801   2805  15324     13      0 
 11:18:09       0     48     45      -      0      0      0      0      0      0  14801   2692  15658     13      0 
