#Time         gpu    pwr  gtemp  mtemp     sm    mem    enc    dec    jpg    ofa   mclk   pclk     fb   bar1   ccpm 
#HH:MM:SS     Idx      W      C      C      %      %      %      %      %      %    MHz    MHz     MB     MB     MB 
 11:34:47       0     16     41      -      0      6      0      0      0      0    405    195     10     10      0 
 11:34:52       0     16     41      -      0      6      0      0      0      0    405    195     10     10      0 
 11:34:57       0     30     42      -      0      0      0      0      0      0  14801   2692    434     13      0 
 11:35:02       0     47     42      -      1      0      0      0      0      0  14801   2692   2682     13      0 
 11:35:07       0    216     44      -    100     21      0      0      0      0  14801   2820  15064     13      0 
 11:35:12       0     49     43      -      0      0      0      0      0      0  14801   2835  15710     13      0 
 11:35:17       0     47     43      -      0      0      0      0      0      0  14801   2692  15710     13      0 
 11:35:22       0     47     43      -      0      0      0      0      0      0  14801   2692  15710     13      0 
 11:35:27       0     47     43      -      0      0      0      0      0      0  14801   2692  15710     13      0 
 11:35:32       0    143     49      -    100     11      0      0      0      0  14801   2797  15712     13      0 
 11:35:37       0    276     57      -    100     22      0      0      0      0  14801   2812  15732     13      0 
 11:35:42       0    273     60      -    100      2      0      0      0      0  14801   2812  15732     13      0 
 11:35:47       0    273     61      -    100      7      0      0      0      0  14801   2812  15690     13      0 
 11:35:52       0    271     59      -    100      2      0      0      0      0  14801   2812  15690     13      0 
 11:35:57       0    262     61      -    100      6      0      0      0      0  14801   2812  15690     13      0 
 11:36:02       0    260     61      -    100      2      0      0      0      0  14801   2805  15668     13      0 
 11:36:08       0    258     61      -    100      2      0      0      0      0  14801   2805  15668     13      0 
 11:36:13       0    260     61      -    100     23      0      0      0      0  14801   2812  15668     13      0 
 11:36:18       0    257     61      -    100      2      0      0      0      0  14801   2805  15668     13      0 
 11:36:23       0    259     61      -    100      2      0      0      0      0  14801   2805  15672     13      0 
 11:36:28       0    258     61      -    100      2      0      0      0      0  14801   2805  15672     13      0 
 11:36:33       0    258     61      -    100      2      0      0      0      0  14801   2812  15672     13      0 
 11:36:38       0    257     61      -    100      2      0      0      0      0  14801   2797  15672     13      0 
 11:36:43       0    257     61      -    100      2      0      0      0      0  14801   2805  15672     13      0 
 11:36:48       0    259     61      -    100      4      0      0      0      0  14801   2812  15692     13      0 
 11:36:53       0    260     61      -    100      2      0      0      0      0  14801   2805  15692     13      0 
 11:36:58       0    258     61      -    100      2      0      0      0      0  14801   2797  15692     13      0 
 11:37:03       0    257     61      -    100      2      0      0      0      0  14801   2805  15692     13      0 
 11:37:08       0    256     61      -    100     19      0      0      0      0  14801   2797  15692     13      0 
 11:37:13       0    256     61      -    100     22      0      0      0      0  14801   2805  15692     13      0 
 11:37:18       0    257     61      -    100      3      0      0      0      0  14801   2805  15692     13      0 
 11:37:23       0    261     60      -    100      2      0      0      0      0  14801   2805  15688     13      0 
 11:37:28       0    258     61      -    100     22      0      0      0      0  14801   2812  15688     13      0 
 11:37:33       0    257     58      -    100      2      0      0      0      0  14801   2812  15688     13      0 
 11:37:38       0    257     61      -    100      2      0      0      0      0  14801   2805  15688     13      0 
 11:37:43       0    255     61      -    100      2      0      0      0      0  14801   2790  15688     13      0 
 11:37:48       0    256     61      -    100      2      0      0      0      0  14801   2812  15688     13      0 
 11:37:53       0    255     61      -    100      2      0      0      0      0  14801   2805  15688     13      0 
 11:37:58       0    255     59      -    100      2      0      0      0      0  14801   2812  15668     13      0 
 11:38:03       0    257     61      -    100      8      0      0      0      0  14801   2812  15668     13      0 
 11:38:08       0    257     61      -    100      2      0      0      0      0  14801   2812  15668     13      0 
 11:38:13       0    256     61      -    100      2      0      0      0      0  14801   2812  15668     13      0 
 11:38:18       0    256     61      -    100      2      0      0      0      0  14801   2812  15668     13      0 
 11:38:23       0    255     61      -    100     18      0      0      0      0  14801   2812  15668     13      0 
#Time         gpu    pwr  gtemp  mtemp     sm    mem    enc    dec    jpg    ofa   mclk   pclk     fb   bar1   ccpm 
#HH:MM:SS     Idx      W      C      C      %      %      %      %      %      %    MHz    MHz     MB     MB     MB 
 11:38:28       0    256     61      -    100      2      0      0      0      0  14801   2812  15668     13      0 
 11:38:33       0    254     59      -    100      2      0      0      0      0  14801   2812  15668     13      0 
 11:38:38       0    258     61      -    100      2      0      0      0      0  14801   2812  15668     13      0 
 11:38:43       0    255     61      -    100      2      0      0      0      0  14801   2797  15668     13      0 
 11:38:48       0    257     60      -    100      2      0      0      0      0  14801   2812  15668     13      0 
 11:38:53       0    256     60      -    100      2      0      0      0      0  14801   2812  15668     13      0 
 11:38:58       0    254     61      -    100      2      0      0      0      0  14801   2797  15668     13      0 
 11:39:03       0    255     61      -    100      2      0      0      0      0  14801   2812  15668     13      0 
 11:39:08       0    255     61      -    100      2      0      0      0      0  14801   2812  15668     13      0 
 11:39:13       0    256     58      -    100      2      0      0      0      0  14801   2812  15668     13      0 
 11:39:18       0    255     61      -    100      2      0      0      0      0  14801   2812  15668     13      0 
 11:39:23       0    255     61      -    100      2      0      0      0      0  14801   2812  15668     13      0 
 11:39:28       0    254     61      -    100      2      0      0      0      0  14801   2812  15668     13      0 
 11:39:33       0    254     61      -    100      2      0      0      0      0  14801   2812  15652     13      0 
 11:39:38       0    256     61      -    100      2      0      0      0      0  14801   2812  15692     13      0 
 11:39:43       0    255     61      -    100      2      0      0      0      0  14801   2812  15692     13      0 
 11:39:48       0    255     61      -    100      2      0      0      0      0  14801   2812  15692     13      0 
 11:39:53       0    256     61      -    100      2      0      0      0      0  14801   2812  15692     13      0 
 11:39:58       0    255     61      -    100      2      0      0      0      0  14801   2812  15692     13      0 
 11:40:03       0    254     61      -    100      2      0      0      0      0  14801   2812  15692     13      0 
 11:40:08       0    259     61      -    100      2      0      0      0      0  14801   2812  15692     13      0 
 11:40:13       0    254     58      -    100     23      0      0      0      0  14801   2812  15692     13      0 
 11:40:18       0    252     60      -    100     11      0      0      0      0  14801   2782  15692     13      0 
 11:40:23       0    254     60      -    100      2      0      0      0      0  14801   2812  15692     13      0 
 11:40:28       0    253     61      -    100      2      0      0      0      0  14801   2797  15692     13      0 
 11:40:33       0    254     60      -    100      2      0      0      0      0  14801   2812  15692     13      0 
 11:40:38       0    253     60      -    100      8      0      0      0      0  14801   2782  15692     13      0 
 11:40:43       0    255     60      -    100     11      0      0      0      0  14801   2812  15692     13      0 
 11:40:48       0    252     58      -    100      2      0      0      0      0  14801   2812  15692     13      0 
 11:40:53       0    257     61      -    100      2      0      0      0      0  14801   2812  15692     13      0 
 11:40:58       0    254     61      -    100      2      0      0      0      0  14801   2812  15692     13      0 
 11:41:03       0    253     60      -    100      2      0      0      0      0  14801   2812  15692     13      0 
 11:41:08       0    255     60      -    100      2      0      0      0      0  14801   2812  15692     13      0 
 11:41:13       0    254     58      -    100     23      0      0      0      0  14801   2812  15692     13      0 
 11:41:18       0    254     60      -    100      2      0      0      0      0  14801   2812  15692     13      0 
 11:41:23       0    255     60      -    100      2      0      0      0      0  14801   2812  15692     13      0 
 11:41:28       0    254     60      -    100      2      0      0      0      0  14801   2812  15692     13      0 
 11:41:33       0    257     60      -    100      2      0      0      0      0  14801   2812  15632     13      0 
 11:41:38       0    253     60      -    100      2      0      0      0      0  14801   2812  15672     13      0 
 11:41:43       0    252     60      -    100      2      0      0      0      0  14801   2782  15672     13      0 
 11:41:48       0    254     61      -    100      2      0      0      0      0  14801   2812  15672     13      0 
 11:41:53       0    253     60      -    100      8      0      0      0      0  14801   2812  15672     13      0 
 11:41:58       0    254     60      -    100      2      0      0      0      0  14801   2812  15672     13      0 
 11:42:03       0    253     60      -    100      2      0      0      0      0  14801   2812  15672     13      0 
#Time         gpu    pwr  gtemp  mtemp     sm    mem    enc    dec    jpg    ofa   mclk   pclk     fb   bar1   ccpm 
#HH:MM:SS     Idx      W      C      C      %      %      %      %      %      %    MHz    MHz     MB     MB     MB 
 11:42:08       0    253     60      -    100      2      0      0      0      0  14801   2812  15672     13      0 
 11:42:13       0    254     60      -    100     15      0      0      0      0  14801   2812  15672     13      0 
 11:42:18       0    252     60      -    100      2      0      0      0      0  14801   2812  15672     13      0 
 11:42:23       0    256     60      -    100      2      0      0      0      0  14801   2812  15672     13      0 
 11:42:28       0    253     60      -    100      2      0      0      0      0  14801   2812  15672     13      0 
 11:42:33       0    257     60      -    100      2      0      0      0      0  14801   2812  15672     13      0 
 11:42:38       0    253     59      -    100     23      0      0      0      0  14801   2812  15672     13      0 
 11:42:43       0    252     60      -    100      2      0      0      0      0  14801   2812  15672     13      0 
 11:42:48       0    254     60      -    100      2      0      0      0      0  14801   2812  15672     13      0 
 11:42:53       0    254     60      -    100      2      0      0      0      0  14801   2782  15672     13      0 
 11:42:58       0    253     60      -    100      2      0      0      0      0  14801   2812  15672     13      0 
 11:43:03       0    253     60      -    100      2      0      0      0      0  14801   2812  15672     13      0 
 11:43:08       0    256     60      -    100      2      0      0      0      0  14801   2812  15672     13      0 
 11:43:13       0    255     60      -    100      2      0      0      0      0  14801   2812  15672     13      0 
 11:43:18       0    254     60      -    100      2      0      0      0      0  14801   2812  15672     13      0 
 11:43:23       0    252     60      -    100      2      0      0      0      0  14801   2812  15672     13      0 
 11:43:28       0    253     60      -    100      2      0      0      0      0  14801   2812  15672     13      0 
 11:43:33       0    258     60      -    100      2      0      0      0      0  14801   2812  15672     13      0 
 11:43:38       0    256     60      -    100      2      0      0      0      0  14801   2812  15672     13      0 
 11:43:43       0    256     60      -    100      2      0      0      0      0  14801   2812  15672     13      0 
 11:43:48       0    251     57      -    100     14      0      0      0      0  14801   2812  15672     13      0 
 11:43:53       0    252     60      -    100      2      0      0      0      0  14801   2812  15672     13      0 
 11:43:58       0    252     60      -    100      2      0      0      0      0  14801   2812  15690     13      0 
 11:44:03       0    252     60      -    100      2      0      0      0      0  14801   2812  15690     13      0 
 11:44:08       0    252     60      -    100      2      0      0      0      0  14801   2812  15690     13      0 
 11:44:13       0    252     60      -    100      2      0      0      0      0  14801   2812  15690     13      0 
 11:44:18       0    252     60      -    100      2      0      0      0      0  14801   2812  15690     13      0 
 11:44:23       0    252     60      -    100      2      0      0      0      0  14801   2812  15690     13      0 
 11:44:28       0    252     60      -    100      2      0      0      0      0  14801   2812  15690     13      0 
 11:44:33       0    254     60      -    100      2      0      0      0      0  14801   2812  15690     13      0 
 11:44:38       0    250     60      -    100      2      0      0      0      0  14801   2782  15690     13      0 
 11:44:43       0    252     60      -    100      2      0      0      0      0  14801   2812  15690     13      0 
 11:44:48       0    251     60      -    100      2      0      0      0      0  14801   2812  15690     13      0 
 11:44:53       0    252     60      -    100     12      0      0      0      0  14801   2812  15690     13      0 
 11:44:58       0    252     60      -    100      2      0      0      0      0  14801   2812  15690     13      0 
 11:45:03       0    252     60      -    100      2      0      0      0      0  14801   2812  15690     13      0 
 11:45:08       0    249     55      -    100      2      0      0      0      0  14801   2812  15690     13      0 
 11:45:13       0    256     60      -    100      2      0      0      0      0  14801   2812  15690     13      0 
 11:45:18       0    256     60      -    100      2      0      0      0      0  14801   2812  15654     13      0 
 11:45:24       0    252     60      -    100      2      0      0      0      0  14801   2812  15694     13      0 
 11:45:29       0    252     60      -    100      4      0      0      0      0  14801   2812  15694     13      0 
 11:45:34       0    251     60      -    100      2      0      0      0      0  14801   2812  15694     13      0 
 11:45:39       0    251     58      -    100      2      0      0      0      0  14801   2782  15694     13      0 
 11:45:44       0    256     60      -    100      2      0      0      0      0  14801   2812  15694     13      0 
#Time         gpu    pwr  gtemp  mtemp     sm    mem    enc    dec    jpg    ofa   mclk   pclk     fb   bar1   ccpm 
#HH:MM:SS     Idx      W      C      C      %      %      %      %      %      %    MHz    MHz     MB     MB     MB 
 11:45:49       0    257     60      -    100      2      0      0      0      0  14801   2812  15694     13      0 
 11:45:54       0    251     60      -    100      6      0      0      0      0  14801   2812  15694     13      0 
 11:45:59       0    252     60      -    100      2      0      0      0      0  14801   2812  15694     13      0 
 11:46:04       0    255     60      -    100      2      0      0      0      0  14801   2812  15694     13      0 
 11:46:09       0    257     60      -    100      2      0      0      0      0  14801   2812  15694     13      0 
 11:46:14       0    250     60      -    100     23      0      0      0      0  14801   2812  15694     13      0 
 11:46:19       0    251     60      -    100      2      0      0      0      0  14801   2812  15694     13      0 
 11:46:24       0    256     60      -    100      2      0      0      0      0  14801   2812  15694     13      0 
 11:46:29       0    251     60      -    100      2      0      0      0      0  14801   2812  15694     13      0 
 11:46:34       0    253     60      -    100      2      0      0      0      0  14801   2812  15694     13      0 
 11:46:39       0    256     60      -    100      2      0      0      0      0  14801   2812  15694     13      0 
 11:46:44       0    252     60      -    100      2      0      0      0      0  14801   2812  15694     13      0 
 11:46:49       0    250     60      -    100      2      0      0      0      0  14801   2812  15670     13      0 
 11:46:54       0    255     60      -    100      2      0      0      0      0  14801   2782  15670     13      0 
 11:46:59       0    250     60      -    100      2      0      0      0      0  14801   2812  15670     13      0 
 11:47:04       0    251     59      -    100      2      0      0      0      0  14801   2812  15670     13      0 
 11:47:09       0    256     60      -    100      2      0      0      0      0  14801   2812  15670     13      0 
 11:47:14       0    251     60      -    100     10      0      0      0      0  14801   2812  15670     13      0 
 11:47:19       0    256     60      -    100      2      0      0      0      0  14801   2812  15670     13      0 
 11:47:24       0    250     60      -    100      2      0      0      0      0  14801   2812  15670     13      0 
 11:47:29       0    252     59      -    100      2      0      0      0      0  14801   2812  15670     13      0 
 11:47:34       0    256     60      -    100      2      0      0      0      0  14801   2812  15670     13      0 
 11:47:39       0    251     60      -    100      2      0      0      0      0  14801   2812  15670     13      0 
 11:47:44       0    256     60      -    100      2      0      0      0      0  14801   2812  15670     13      0 
 11:47:49       0    250     60      -    100     16      0      0      0      0  14801   2812  15670     13      0 
 11:47:54       0    257     60      -    100      2      0      0      0      0  14801   2812  15670     13      0 
 11:47:59       0    249     60      -    100      9      0      0      0      0  14801   2812  15670     13      0 
 11:48:04       0    257     60      -    100      2      0      0      0      0  14801   2812  15670     13      0 
 11:48:09       0    250     60      -    100      2      0      0      0      0  14801   2812  15670     13      0 
 11:48:14       0    253     60      -    100      2      0      0      0      0  14801   2782  15670     13      0 
 11:48:19       0    249     60      -    100      8      0      0      0      0  14801   2782  15632     13      0 
 11:48:24       0    256     60      -    100      2      0      0      0      0  14801   2812  15672     13      0 
 11:48:29       0    251     60      -    100      4      0      0      0      0  14801   2812  15672     13      0 
 11:48:34       0    255     60      -    100      2      0      0      0      0  14801   2812  15672     13      0 
 11:48:39       0    250     60      -    100     13      0      0      0      0  14801   2812  15672     13      0 
 11:48:44       0    226     53      -    100      6      0      0      0      0  14801   2797  15692     13      0 
 11:48:49       0     50     45      -      0      0      0      0      0      0  14801   2692  15688     13      0 
 11:48:54       0    275     60      -    100     20      0      0      0      0  14801   2812  15688     13      0 
 11:48:59       0    272     61      -    100     18      0      0      0      0  14801   2812  15690     13      0 
 11:49:04       0    273     59      -    100     19      0      0      0      0  14801   2805  15690     13      0 
 11:49:09       0    265     59      -    100      1      0      0      0      0  14801   2805  15690     13      0 
 11:49:14       0    261     61      -    100      6      0      0      0      0  14801   2812  15668     13      0 
 11:49:19       0    261     59      -    100     16      0      0      0      0  14801   2805  15668     13      0 
 11:49:24       0    261     61      -    100      2      0      0      0      0  14801   2797  15668     13      0 
#Time         gpu    pwr  gtemp  mtemp     sm    mem    enc    dec    jpg    ofa   mclk   pclk     fb   bar1   ccpm 
#HH:MM:SS     Idx      W      C      C      %      %      %      %      %      %    MHz    MHz     MB     MB     MB 
 11:49:29       0    259     61      -    100      2      0      0      0      0  14801   2797  15668     13      0 
 11:49:34       0    259     61      -    100     15      0      0      0      0  14801   2805  15672     13      0 
 11:49:39       0    259     61      -    100      2      0      0      0      0  14801   2797  15672     13      0 
 11:49:44       0    259     59      -    100     25      0      0      0      0  14801   2812  15672     13      0 
 11:49:49       0    258     61      -    100      2      0      0      0      0  14801   2812  15672     13      0 
 11:49:54       0    257     61      -    100      2      0      0      0      0  14801   2797  15672     13      0 
 11:49:59       0    259     61      -    100      2      0      0      0      0  14801   2797  15652     13      0 
 11:50:04       0    257     61      -    100      2      0      0      0      0  14801   2797  15692     13      0 
 11:50:09       0    257     61      -    100      2      0      0      0      0  14801   2812  15692     13      0 
 11:50:14       0    257     61      -    100      2      0      0      0      0  14801   2797  15692     13      0 
 11:50:19       0    257     58      -    100     13      0      0      0      0  14801   2812  15692     13      0 
 11:50:24       0    256     60      -    100     18      0      0      0      0  14801   2805  15692     13      0 
 11:50:29       0    255     59      -    100     17      0      0      0      0  14801   2805  15692     13      0 
 11:50:34       0    257     61      -    100      2      0      0      0      0  14801   2812  15688     13      0 
 11:50:39       0    256     61      -    100      2      0      0      0      0  14801   2812  15688     13      0 
 11:50:44       0    256     61      -    100      2      0      0      0      0  14801   2812  15688     13      0 
 11:50:49       0    256     59      -    100     25      0      0      0      0  14801   2812  15688     13      0 
 11:50:54       0    257     61      -    100      2      0      0      0      0  14801   2805  15688     13      0 
 11:50:59       0    258     61      -    100      2      0      0      0      0  14801   2812  15688     13      0 
 11:51:04       0    256     61      -    100      2      0      0      0      0  14801   2812  15688     13      0 
 11:51:09       0    256     59      -    100     23      0      0      0      0  14801   2812  15688     13      0 
 11:51:14       0    256     61      -    100      2      0      0      0      0  14801   2797  15668     13      0 
 11:51:19       0    256     61      -    100      2      0      0      0      0  14801   2812  15668     13      0 
 11:51:24       0    256     61      -    100      2      0      0      0      0  14801   2812  15668     13      0 
 11:51:29       0    255     61      -    100      2      0      0      0      0  14801   2812  15668     13      0 
 11:51:34       0    255     61      -    100      2      0      0      0      0  14801   2797  15668     13      0 
 11:51:39       0    254     61      -    100      2      0      0      0      0  14801   2805  15668     13      0 
 11:51:44       0    255     61      -    100      7      0      0      0      0  14801   2812  15668     13      0 
 11:51:49       0    257     61      -    100      2      0      0      0      0  14801   2812  15668     13      0 
 11:51:54       0    256     61      -    100      2      0      0      0      0  14801   2812  15668     13      0 
 11:51:59       0    255     61      -    100      2      0      0      0      0  14801   2812  15668     13      0 
 11:52:04       0    255     61      -    100      2      0      0      0      0  14801   2812  15668     13      0 
 11:52:09       0    255     61      -    100      2      0      0      0      0  14801   2812  15668     13      0 
 11:52:14       0    254     58      -    100      2      0      0      0      0  14801   2812  15668     13      0 
 11:52:19       0    256     61      -    100      2      0      0      0      0  14801   2812  15668     13      0 
 11:52:24       0    255     61      -    100      2      0      0      0      0  14801   2797  15668     13      0 
 11:52:29       0    255     60      -    100      9      0      0      0      0  14801   2812  15668     13      0 
 11:52:34       0    255     61      -    100      2      0      0      0      0  14801   2812  15668     13      0 
 11:52:39       0    254     60      -    100      2      0      0      0      0  14801   2812  15668     13      0 
 11:52:44       0    255     61      -    100      2      0      0      0      0  14801   2812  15668     13      0 
 11:52:49       0    255     60      -    100      2      0      0      0      0  14801   2812  15692     13      0 
 11:52:54       0    254     60      -    100      2      0      0      0      0  14801   2782  15692     13      0 
 11:52:59       0    254     56      -    100      9      0      0      0      0  14801   2812  15692     13      0 
 11:53:04       0    253     61      -    100      2      0      0      0      0  14801   2812  15692     13      0 
#Time         gpu    pwr  gtemp  mtemp     sm    mem    enc    dec    jpg    ofa   mclk   pclk     fb   bar1   ccpm 
#HH:MM:SS     Idx      W      C      C      %      %      %      %      %      %    MHz    MHz     MB     MB     MB 
 11:53:09       0    254     61      -    100      2      0      0      0      0  14801   2812  15692     13      0 
 11:53:14       0    255     60      -    100      2      0      0      0      0  14801   2812  15692     13      0 
 11:53:19       0    253     57      -    100     10      0      0      0      0  14801   2812  15692     13      0 
 11:53:24       0    253     60      -    100      6      0      0      0      0  14801   2812  15692     13      0 
 11:53:29       0    254     60      -    100      2      0      0      0      0  14801   2812  15692     13      0 
 11:53:34       0    254     60      -    100      2      0      0      0      0  14801   2812  15692     13      0 
 11:53:39       0    254     60      -    100      2      0      0      0      0  14801   2812  15692     13      0 
 11:53:44       0    254     60      -    100      2      0      0      0      0  14801   2812  15692     13      0 
 11:53:49       0    255     60      -    100      2      0      0      0      0  14801   2812  15692     13      0 
 11:53:54       0    254     60      -    100      2      0      0      0      0  14801   2812  15692     13      0 
 11:53:59       0    253     60      -    100      2      0      0      0      0  14801   2812  15692     13      0 
 11:54:04       0    254     60      -    100      8      0      0      0      0  14801   2812  15692     13      0 
 11:54:09       0    254     60      -    100      2      0      0      0      0  14801   2812  15692     13      0 
 11:54:14       0    254     60      -    100      2      0      0      0      0  14801   2812  15692     13      0 
 11:54:19       0    252     57      -    100      2      0      0      0      0  14801   2812  15692     13      0 
 11:54:24       0    254     60      -    100      2      0      0      0      0  14801   2812  15692     13      0 
 11:54:29       0    255     60      -    100     24      0      0      0      0  14801   2812  15692     13      0 
 11:54:34       0    253     60      -    100      2      0      0      0      0  14801   2812  15692     13      0 
 11:54:40       0    256     60      -    100      2      0      0      0      0  14801   2812  15692     13      0 
 11:54:45       0    254     60      -    100      2      0      0      0      0  14801   2812  15692     13      0 
 11:54:50       0    253     60      -    100      2      0      0      0      0  14801   2812  15672     13      0 
 11:54:55       0    256     60      -    100      2      0      0      0      0  14801   2812  15672     13      0 
 11:55:00       0    253     60      -    100      2      0      0      0      0  14801   2812  15672     13      0 
 11:55:05       0    256     60      -    100      2      0      0      0      0  14801   2812  15672     13      0 
 11:55:10       0    254     60      -    100     25      0      0      0      0  14801   2812  15672     13      0 
 11:55:15       0    256     60      -    100      2      0      0      0      0  14801   2812  15672     13      0 
 11:55:20       0    254     60      -    100     26      0      0      0      0  14801   2812  15672     13      0 
 11:55:25       0    256     60      -    100      2      0      0      0      0  14801   2812  15672     13      0 
 11:55:30       0    251     60      -    100      2      0      0      0      0  14801   2812  15672     13      0 
 11:55:35       0    255     60      -    100      2      0      0      0      0  14801   2812  15672     13      0 
 11:55:40       0    252     60      -    100      2      0      0      0      0  14801   2812  15672     13      0 
 11:55:45       0    253     60      -    100      2      0      0      0      0  14801   2782  15672     13      0 
 11:55:50       0    256     60      -    100      2      0      0      0      0  14801   2812  15672     13      0 
 11:55:55       0    253     60      -    100      2      0      0      0      0  14801   2812  15632     13      0 
 11:56:00       0    252     60      -    100      2      0      0      0      0  14801   2812  15672     13      0 
 11:56:05       0    255     60      -    100      2      0      0      0      0  14801   2782  15672     13      0 
 11:56:10       0    252     60      -    100      2      0      0      0      0  14801   2812  15672     13      0 
 11:56:15       0    252     60      -    100      2      0      0      0      0  14801   2812  15672     13      0 
 11:56:20       0    252     60      -    100      2      0      0      0      0  14801   2812  15672     13      0 
 11:56:25       0    255     60      -    100      2      0      0      0      0  14801   2812  15672     13      0 
 11:56:30       0    253     60      -    100      2      0      0      0      0  14801   2812  15672     13      0 
 11:56:35       0    252     60      -    100      2      0      0      0      0  14801   2812  15672     13      0 
 11:56:40       0    253     60      -    100      5      0      0      0      0  14801   2812  15672     13      0 
 11:56:45       0    252     60      -    100      2      0      0      0      0  14801   2812  15672     13      0 
#Time         gpu    pwr  gtemp  mtemp     sm    mem    enc    dec    jpg    ofa   mclk   pclk     fb   bar1   ccpm 
#HH:MM:SS     Idx      W      C      C      %      %      %      %      %      %    MHz    MHz     MB     MB     MB 
 11:56:50       0    256     60      -    100      2      0      0      0      0  14801   2812  15672     13      0 
 11:56:55       0    256     60      -    100      2      0      0      0      0  14801   2812  15672     13      0 
 11:57:00       0    254     60      -    100      2      0      0      0      0  14801   2812  15672     13      0 
 11:57:05       0    251     58      -    100      2      0      0      0      0  14801   2812  15672     13      0 
 11:57:10       0    252     59      -    100      2      0      0      0      0  14801   2812  15650     13      0 
 11:57:15       0    252     60      -    100      2      0      0      0      0  14801   2812  15690     13      0 
 11:57:20       0    253     60      -    100      2      0      0      0      0  14801   2812  15690     13      0 
 11:57:25       0    252     60      -    100      2      0      0      0      0  14801   2812  15690     13      0 
 11:57:30       0    253     60      -    100      3      0      0      0      0  14801   2812  15690     13      0 
 11:57:35       0    251     60      -    100      2      0      0      0      0  14801   2812  15690     13      0 
 11:57:40       0    253     60      -    100      4      0      0      0      0  14801   2812  15690     13      0 
 11:57:45       0    251     60      -    100      2      0      0      0      0  14801   2812  15690     13      0 
 11:57:50       0    251     60      -    100      2      0      0      0      0  14801   2812  15690     13      0 
 11:57:55       0    251     60      -    100      2      0      0      0      0  14801   2812  15690     13      0 
 11:58:00       0    253     60      -    100      2      0      0      0      0  14801   2812  15690     13      0 
 11:58:05       0    247     59      -    100      2      0      0      0      0  14801   2790  15690     13      0 
 11:58:10       0    256     55      -    100      2      0      0      0      0  14801   2812  15690     13      0 
 11:58:15       0    256     60      -    100      2      0      0      0      0  14801   2812  15690     13      0 
 11:58:20       0    254     60      -    100      2      0      0      0      0  14801   2782  15690     13      0 
 11:58:25       0    252     60      -    100      2      0      0      0      0  14801   2812  15690     13      0 
 11:58:30       0    252     60      -    100      2      0      0      0      0  14801   2812  15690     13      0 
 11:58:35       0    251     60      -    100      2      0      0      0      0  14801   2782  15694     13      0 
 11:58:40       0    252     60      -    100      2      0      0      0      0  14801   2812  15694     13      0 
 11:58:45       0    250     60      -    100      2      0      0      0      0  14801   2812  15694     13      0 
 11:58:50       0    251     59      -    100     16      0      0      0      0  14801   2812  15694     13      0 
 11:58:55       0    253     60      -    100      2      0      0      0      0  14801   2782  15694     13      0 
 11:59:00       0    252     60      -    100      2      0      0      0      0  14801   2812  15694     13      0 
 11:59:05       0    251     60      -    100      2      0      0      0      0  14801   2812  15694     13      0 
 11:59:10       0    251     60      -    100      2      0      0      0      0  14801   2812  15694     13      0 
 11:59:15       0    256     60      -    100      2      0      0      0      0  14801   2812  15694     13      0 
 11:59:20       0    257     60      -    100      2      0      0      0      0  14801   2812  15694     13      0 
 11:59:25       0    252     60      -    100      2      0      0      0      0  14801   2812  15694     13      0 
 11:59:30       0    251     60      -    100     22      0      0      0      0  14801   2812  15694     13      0 
 11:59:35       0    256     60      -    100      2      0      0      0      0  14801   2812  15694     13      0 
 11:59:40       0    251     60      -    100      2      0      0      0      0  14801   2812  15694     13      0 
 11:59:45       0    252     60      -    100      2      0      0      0      0  14801   2812  15694     13      0 
 11:59:50       0    255     60      -    100      2      0      0      0      0  14801   2812  15694     13      0 
 11:59:55       0    251     60      -    100      2      0      0      0      0  14801   2812  15694     13      0 
 12:00:00       0    250     60      -    100      2      0      0      0      0  14801   2812  15670     13      0 
 12:00:05       0    256     60      -    100      2      0      0      0      0  14801   2812  15670     13      0 
 12:00:10       0    251     60      -    100      2      0      0      0      0  14801   2812  15670     13      0 
 12:00:15       0    251     60      -    100      7      0      0      0      0  14801   2812  15670     13      0 
 12:00:20       0    256     60      -    100      2      0      0      0      0  14801   2812  15670     13      0 
 12:00:25       0    250     60      -    100      2      0      0      0      0  14801   2812  15670     13      0 
#Time         gpu    pwr  gtemp  mtemp     sm    mem    enc    dec    jpg    ofa   mclk   pclk     fb   bar1   ccpm 
#HH:MM:SS     Idx      W      C      C      %      %      %      %      %      %    MHz    MHz     MB     MB     MB 
 12:00:30       0    256     55      -    100      2      0      0      0      0  14801   2812  15670     13      0 
 12:00:35       0    250     60      -    100      2      0      0      0      0  14801   2812  15670     13      0 
 12:00:40       0    251     60      -    100      2      0      0      0      0  14801   2812  15670     13      0 
 12:00:45       0    255     60      -    100      2      0      0      0      0  14801   2812  15670     13      0 
 12:00:50       0    251     60      -    100      2      0      0      0      0  14801   2812  15670     13      0 
 12:00:55       0    256     60      -    100      2      0      0      0      0  14801   2812  15670     13      0 
 12:01:00       0    250     60      -    100      2      0      0      0      0  14801   2812  15670     13      0 
 12:01:05       0    256     60      -    100      2      0      0      0      0  14801   2812  15670     13      0 
 12:01:10       0    250     60      -    100      2      0      0      0      0  14801   2812  15670     13      0 
 12:01:15       0    256     55      -    100      2      0      0      0      0  14801   2812  15670     13      0 
 12:01:20       0    251     60      -    100      2      0      0      0      0  14801   2812  15670     13      0 
 12:01:25       0    256     55      -    100      2      0      0      0      0  14801   2812  15670     13      0 
 12:01:30       0    252     60      -    100      2      0      0      0      0  14801   2812  15670     13      0 
 12:01:35       0    255     60      -    100      2      0      0      0      0  14801   2812  15672     13      0 
 12:01:40       0    250     60      -    100      2      0      0      0      0  14801   2812  15672     13      0 
 12:01:45       0    255     60      -    100      2      0      0      0      0  14801   2812  15672     13      0 
 12:01:50       0    249     60      -    100      2      0      0      0      0  14801   2812  15672     13      0 
 12:01:55       0    256     60      -    100      2      0      0      0      0  14801   2812  15672     13      0 
 12:02:00       0     50     45      -      0      0      0      0      0      0  14801   2700  15688     13      0 
 12:02:05       0     47     44      -      0      0      0      0      0      0  15001   2692     10     10      0 
