#Time         gpu    pwr  gtemp  mtemp     sm    mem    enc    dec    jpg    ofa   mclk   pclk     fb   bar1   ccpm 
#HH:MM:SS     Idx      W      C      C      %      %      %      %      %      %    MHz    MHz     MB     MB     MB 
 11:18:31       0     15     41      -      0      6      0      0      0      0    405    195     10     10      0 
 11:18:36       0     15     41      -      0      6      0      0      0      0    405    195     10     10      0 
 11:18:41       0     15     40      -      0      6      0      0      0      0  15001    195    348     13      0 
 11:18:46       0     47     41      -      0      0      0      0      0      0  14801   2692  15084     13      0 
 11:18:51       0     48     41      -      0      0      0      0      0      0  14801   2700  11474     13      0 
 11:18:56       0     47     41      -      0      0      0      0      0      0  14801   2692  11508     13      0 
 11:19:01       0     48     41      -      0      0      0      0      0      0  14801   2692  11508     13      0 
 11:19:06       0     48     44      -      0      0      0      0      0      0  14801   2730  11534     13      0 
 11:19:11       0     48     42      -      0      0      0      0      0      0  14801   2692  12110     13      0 
 11:19:16       0     53     43      -      0      0      0      0      0      0  14801   2835  12110     13      0 
 11:19:21       0     47     43      -      0      0      0      0      0      0  14801   2692  15092     13      0 
 11:19:26       0     49     43      -      0      0      0      0      0      0  14801   2835  15698     13      0 
 11:19:31       0     47     43      -      0      0      0      0      0      0  14801   2692  15698     13      0 
 11:19:36       0     47     43      -      0      0      0      0      0      0  14801   2692  15698     13      0 
 11:19:41       0     47     43      -      0      0      0      0      0      0  14801   2692  15698     13      0 
 11:19:46       0    153     50      -     67     17      0      0      0      0  14801   2797  15700     13      0 
 11:19:51       0    271     60      -    100     14      0      0      0      0  14801   2820  15700     13      0 
 11:19:56       0    271     58      -    100     28      0      0      0      0  14801   2812  15698     13      0 
 11:20:01       0    128     57      -    100     25      0      0      0      0  14801   2820  15700     13      0 
 11:20:06       0    271     58      -    100     23      0      0      0      0  14801   2805  15700     13      0 
 11:20:11       0    271     60      -    100     19      0      0      0      0  14801   2805  15698     13      0 
 11:20:16       0    271     61      -    100     16      0      0      0      0  14801   2805  15698     13      0 
 11:20:21       0    262     60      -    100     10      0      0      0      0  14801   2805  15700     13      0 
 11:20:26       0    260     59      -    100     14      0      0      0      0  14801   2805  15674     13      0 
 11:20:31       0    261     61      -    100      2      0      0      0      0  14801   2805  15676     13      0 
 11:20:36       0    260     62      -    100      2      0      0      0      0  14801   2805  15676     13      0 
 11:20:41       0    258     62      -    100      2      0      0      0      0  14801   2805  15676     13      0 
 11:20:46       0    257     62      -    100      2      0      0      0      0  14801   2805  15680     13      0 
 11:20:51       0    259     62      -    100      5      0      0      0      0  14801   2805  15680     13      0 
 11:20:56       0    256     62      -    100      2      0      0      0      0  14801   2805  15680     13      0 
 11:21:01       0    258     62      -    100      2      0      0      0      0  14801   2805  15680     13      0 
 11:21:06       0    258     62      -    100      2      0      0      0      0  14801   2797  15680     13      0 
 11:21:11       0    257     60      -    100     24      0      0      0      0  14801   2797  15700     13      0 
 11:21:16       0    256     62      -    100      2      0      0      0      0  14801   2797  15700     13      0 
 11:21:21       0    256     62      -    100      2      0      0      0      0  14801   2805  15700     13      0 
 11:21:26       0    256     62      -    100      2      0      0      0      0  14801   2797  15700     13      0 
 11:21:31       0    258     60      -    100     24      0      0      0      0  14801   2797  15700     13      0 
 11:21:36       0    256     59      -    100     11      0      0      0      0  14801   2797  15700     13      0 
 11:21:41       0    256     62      -    100      2      0      0      0      0  14801   2797  15700     13      0 
 11:21:46       0    258     62      -    100      2      0      0      0      0  14801   2805  15696     13      0 
 11:21:51       0    254     59      -    100     17      0      0      0      0  14801   2797  15696     13      0 
 11:21:56       0    256     62      -    100      2      0      0      0      0  14801   2805  15696     13      0 
 11:22:01       0    255     62      -    100      2      0      0      0      0  14801   2797  15696     13      0 
 11:22:06       0    255     62      -    100      2      0      0      0      0  14801   2797  15696     13      0 
#Time         gpu    pwr  gtemp  mtemp     sm    mem    enc    dec    jpg    ofa   mclk   pclk     fb   bar1   ccpm 
#HH:MM:SS     Idx      W      C      C      %      %      %      %      %      %    MHz    MHz     MB     MB     MB 
 11:22:11       0    255     62      -    100      2      0      0      0      0  14801   2797  15696     13      0 
 11:22:16       0    256     62      -    100      2      0      0      0      0  14801   2797  15696     13      0 
 11:22:21       0    256     62      -    100      2      0      0      0      0  14801   2797  15696     13      0 
 11:22:26       0    255     62      -    100      2      0      0      0      0  14801   2805  15676     13      0 
 11:22:31       0    256     62      -    100      2      0      0      0      0  14801   2797  15676     13      0 
 11:22:36       0    256     62      -    100      2      0      0      0      0  14801   2812  15676     13      0 
 11:22:41       0    255     62      -    100      2      0      0      0      0  14801   2797  15676     13      0 
 11:22:46       0    255     59      -    100     10      0      0      0      0  14801   2797  15676     13      0 
 11:22:51       0    256     62      -    100      2      0      0      0      0  14801   2812  15676     13      0 
 11:22:56       0    256     62      -    100      2      0      0      0      0  14801   2797  15676     13      0 
 11:23:01       0    255     62      -    100      2      0      0      0      0  14801   2797  15676     13      0 
 11:23:06       0    255     62      -    100      2      0      0      0      0  14801   2797  15676     13      0 
 11:23:11       0    255     62      -    100      2      0      0      0      0  14801   2797  15676     13      0 
 11:23:16       0    255     62      -    100      2      0      0      0      0  14801   2797  15676     13      0 
 11:23:21       0    256     62      -    100      2      0      0      0      0  14801   2805  15676     13      0 
 11:23:26       0    255     61      -    100      2      0      0      0      0  14801   2805  15676     13      0 
 11:23:31       0    255     62      -    100      2      0      0      0      0  14801   2797  15676     13      0 
 11:23:36       0    255     62      -    100      2      0      0      0      0  14801   2797  15676     13      0 
 11:23:41       0    254     61      -    100      2      0      0      0      0  14801   2805  15676     13      0 
 11:23:46       0    254     61      -    100      2      0      0      0      0  14801   2767  15676     13      0 
 11:23:51       0    255     62      -    100      2      0      0      0      0  14801   2805  15676     13      0 
 11:23:56       0    254     62      -    100      2      0      0      0      0  14801   2797  15676     13      0 
 11:24:01       0    254     61      -    100      2      0      0      0      0  14801   2805  15700     13      0 
 11:24:06       0    255     62      -    100      2      0      0      0      0  14801   2797  15700     13      0 
 11:24:11       0    255     59      -    100      2      0      0      0      0  14801   2797  15700     13      0 
 11:24:16       0    254     62      -    100      2      0      0      0      0  14801   2812  15700     13      0 
 11:24:21       0    256     62      -    100      2      0      0      0      0  14801   2812  15700     13      0 
 11:24:26       0    254     62      -    100      2      0      0      0      0  14801   2797  15700     13      0 
 11:24:31       0    255     59      -    100      2      0      0      0      0  14801   2797  15700     13      0 
 11:24:36       0    253     60      -    100      7      0      0      0      0  14801   2797  15700     13      0 
 11:24:41       0    254     61      -    100      2      0      0      0      0  14801   2805  15700     13      0 
 11:24:46       0    253     61      -    100      2      0      0      0      0  14801   2805  15700     13      0 
 11:24:51       0    253     61      -    100      2      0      0      0      0  14801   2805  15700     13      0 
 11:24:56       0    254     61      -    100      2      0      0      0      0  14801   2812  15700     13      0 
 11:25:01       0    253     61      -    100      2      0      0      0      0  14801   2805  15700     13      0 
 11:25:06       0    253     61      -    100     19      0      0      0      0  14801   2797  15700     13      0 
 11:25:11       0    253     61      -    100     24      0      0      0      0  14801   2797  15700     13      0 
 11:25:16       0    258     61      -    100      2      0      0      0      0  14801   2812  15700     13      0 
 11:25:21       0    254     61      -    100      2      0      0      0      0  14801   2797  15700     13      0 
 11:25:26       0    254     61      -    100      2      0      0      0      0  14801   2812  15700     13      0 
 11:25:31       0    254     61      -    100      2      0      0      0      0  14801   2805  15700     13      0 
 11:25:36       0    254     61      -     99     26      0      0      0      0  14801   2805  15700     13      0 
 11:25:41       0    255     61      -    100      2      0      0      0      0  14801   2797  15700     13      0 
 11:25:46       0    253     61      -    100      2      0      0      0      0  14801   2797  15700     13      0 
#Time         gpu    pwr  gtemp  mtemp     sm    mem    enc    dec    jpg    ofa   mclk   pclk     fb   bar1   ccpm 
#HH:MM:SS     Idx      W      C      C      %      %      %      %      %      %    MHz    MHz     MB     MB     MB 
 11:25:51       0    254     61      -    100      2      0      0      0      0  14801   2812  15700     13      0 
 11:25:56       0    258     61      -    100      2      0      0      0      0  14801   2812  15700     13      0 
 11:26:01       0    247     61      -    100      2      0      0      0      0  14801   2797  15680     13      0 
 11:26:06       0    249     58      -    100     10      0      0      0      0  14801   2767  15680     13      0 
 11:26:11       0    253     61      -    100      2      0      0      0      0  14801   2797  15680     13      0 
 11:26:16       0    254     61      -    100      2      0      0      0      0  14801   2812  15680     13      0 
 11:26:21       0    253     61      -    100      2      0      0      0      0  14801   2797  15680     13      0 
 11:26:26       0    255     61      -    100      9      0      0      0      0  14801   2812  15680     13      0 
 11:26:31       0    254     61      -    100      2      0      0      0      0  14801   2812  15680     13      0 
 11:26:37       0    252     61      -    100     22      0      0      0      0  14801   2797  15680     13      0 
 11:26:42       0    251     61      -    100      2      0      0      0      0  14801   2767  15680     13      0 
 11:26:47       0    257     61      -    100      2      0      0      0      0  14801   2812  15680     13      0 
 11:26:52       0    253     61      -    100      2      0      0      0      0  14801   2805  15680     13      0 
 11:26:57       0    253     61      -    100      2      0      0      0      0  14801   2790  15680     13      0 
 11:27:02       0    251     54      -    100     26      0      0      0      0  14801   2775  15680     13      0 
 11:27:07       0    277     59      -    100     23      0      0      0      0  14801   2812  15676     13      0 
 11:27:12       0    274     62      -    100     19      0      0      0      0  14801   2812  15676     13      0 
 11:27:17       0    270     54      -     99     32      0      0      0      0  14801   2805  15698     13      0 
 11:27:22       0    273     59      -    100     20      0      0      0      0  14801   2812  15700     13      0 
 11:27:27       0    273     60      -    100      5      0      0      0      0  14801   2812  15700     13      0 
 11:27:32       0    271     62      -    100     13      0      0      0      0  14801   2805  15698     13      0 
 11:27:37       0    269     61      -    100     15      0      0      0      0  14801   2797  15698     13      0 
 11:27:42       0    260     61      -    100     16      0      0      0      0  14801   2805  15698     13      0 
 11:27:47       0    261     61      -    100      5      0      0      0      0  14801   2812  15676     13      0 
 11:27:52       0    261     61      -    100      2      0      0      0      0  14801   2812  15676     13      0 
 11:27:57       0    258     59      -    100      2      0      0      0      0  14801   2805  15676     13      0 
 11:28:02       0    258     61      -    100     23      0      0      0      0  14801   2797  15676     13      0 
 11:28:07       0    258     61      -    100     11      0      0      0      0  14801   2797  15680     13      0 
 11:28:12       0    257     62      -    100      2      0      0      0      0  14801   2805  15680     13      0 
 11:28:17       0    257     62      -    100      2      0      0      0      0  14801   2805  15680     13      0 
 11:28:22       0    257     62      -    100      2      0      0      0      0  14801   2805  15680     13      0 
 11:28:27       0    259     62      -    100      2      0      0      0      0  14801   2805  15680     13      0 
 11:28:32       0    257     62      -    100      2      0      0      0      0  14801   2805  15700     13      0 
 11:28:37       0    257     62      -    100      2      0      0      0      0  14801   2805  15700     13      0 
 11:28:42       0    259     62      -     99     25      0      0      0      0  14801   2797  15700     13      0 
 11:28:47       0    256     62      -    100      2      0      0      0      0  14801   2805  15700     13      0 
 11:28:52       0    256     62      -    100      2      0      0      0      0  14801   2805  15700     13      0 
 11:28:57       0    256     62      -    100      2      0      0      0      0  14801   2805  15700     13      0 
 11:29:02       0    257     62      -    100      2      0      0      0      0  14801   2797  15700     13      0 
 11:29:07       0    257     62      -    100     24      0      0      0      0  14801   2797  15696     13      0 
 11:29:12       0    258     62      -    100      2      0      0      0      0  14801   2805  15696     13      0 
 11:29:17       0    258     62      -    100      2      0      0      0      0  14801   2805  15696     13      0 
 11:29:22       0    258     62      -    100     26      0      0      0      0  14801   2797  15696     13      0 
 11:29:27       0    258     62      -     99     24      0      0      0      0  14801   2797  15696     13      0 
#Time         gpu    pwr  gtemp  mtemp     sm    mem    enc    dec    jpg    ofa   mclk   pclk     fb   bar1   ccpm 
#HH:MM:SS     Idx      W      C      C      %      %      %      %      %      %    MHz    MHz     MB     MB     MB 
 11:29:32       0    258     62      -     99     25      0      0      0      0  14801   2797  15696     13      0 
 11:29:37       0    258     62      -    100     11      0      0      0      0  14801   2805  15696     13      0 
 11:29:42       0    256     62      -    100      2      0      0      0      0  14801   2812  15676     13      0 
 11:29:47       0    253     60      -    100      2      0      0      0      0  14801   2797  15676     13      0 
 11:29:52       0    256     62      -    100      3      0      0      0      0  14801   2797  15676     13      0 
 11:29:57       0    253     60      -    100      2      0      0      0      0  14801   2797  15676     13      0 
 11:30:02       0    255     62      -    100      2      0      0      0      0  14801   2805  15676     13      0 
 11:30:07       0    255     62      -    100     22      0      0      0      0  14801   2797  15676     13      0 
 11:30:12       0    255     62      -    100      2      0      0      0      0  14801   2797  15676     13      0 
 11:30:17       0    252     60      -    100      2      0      0      0      0  14801   2797  15676     13      0 
 11:30:22       0    255     61      -    100      2      0      0      0      0  14801   2797  15676     13      0 
 11:30:27       0    254     60      -    100      2      0      0      0      0  14801   2805  15676     13      0 
 11:30:32       0    256     61      -    100      2      0      0      0      0  14801   2797  15676     13      0 
 11:30:37       0    255     59      -    100      2      0      0      0      0  14801   2797  15676     13      0 
 11:30:42       0    255     62      -    100      2      0      0      0      0  14801   2797  15676     13      0 
 11:30:47       0    255     62      -    100      3      0      0      0      0  14801   2797  15676     13      0 
 11:30:52       0    256     62      -    100      2      0      0      0      0  14801   2812  15676     13      0 
 11:30:57       0    253     57      -    100      2      0      0      0      0  14801   2797  15676     13      0 
 11:31:02       0    255     62      -    100      9      0      0      0      0  14801   2797  15676     13      0 
 11:31:07       0    255     60      -    100      2      0      0      0      0  14801   2797  15676     13      0 
 11:31:12       0    256     62      -     99     24      0      0      0      0  14801   2797  15676     13      0 
 11:31:17       0    255     58      -    100      2      0      0      0      0  14801   2797  15676     13      0 
 11:31:22       0    253     62      -    100      2      0      0      0      0  14801   2805  15700     13      0 
 11:31:27       0    254     61      -    100      2      0      0      0      0  14801   2767  15700     13      0 
 11:31:32       0    256     58      -    100      2      0      0      0      0  14801   2797  15700     13      0 
 11:31:37       0    254     62      -    100      2      0      0      0      0  14801   2805  15700     13      0 
 11:31:42       0    254     61      -    100      8      0      0      0      0  14801   2797  15700     13      0 
 11:31:47       0    258     62      -    100      2      0      0      0      0  14801   2797  15700     13      0 
 11:31:52       0    254     59      -    100      2      0      0      0      0  14801   2797  15700     13      0 
 11:31:57       0    254     61      -    100      2      0      0      0      0  14801   2797  15700     13      0 
 11:32:02       0    254     61      -    100      2      0      0      0      0  14801   2797  15700     13      0 
 11:32:07       0    254     61      -    100      2      0      0      0      0  14801   2797  15700     13      0 
 11:32:12       0    253     61      -    100      2      0      0      0      0  14801   2797  15700     13      0 
 11:32:17       0    254     61      -    100      2      0      0      0      0  14801   2797  15700     13      0 
 11:32:22       0    255     61      -    100      2      0      0      0      0  14801   2797  15700     13      0 
 11:32:27       0    253     61      -    100      2      0      0      0      0  14801   2797  15700     13      0 
 11:32:32       0    252     61      -    100      2      0      0      0      0  14801   2812  15700     13      0 
 11:32:37       0    254     61      -    100      2      0      0      0      0  14801   2805  15700     13      0 
 11:32:42       0    254     59      -    100     17      0      0      0      0  14801   2812  15700     13      0 
 11:32:47       0    259     61      -    100      2      0      0      0      0  14801   2812  15700     13      0 
 11:32:52       0    254     61      -    100      2      0      0      0      0  14801   2797  15700     13      0 
 11:32:57       0    253     61      -    100      2      0      0      0      0  14801   2812  15700     13      0 
 11:33:02       0    256     60      -     99     24      0      0      0      0  14801   2812  15700     13      0 
 11:33:07       0    253     61      -    100      2      0      0      0      0  14801   2797  15700     13      0 
#Time         gpu    pwr  gtemp  mtemp     sm    mem    enc    dec    jpg    ofa   mclk   pclk     fb   bar1   ccpm 
#HH:MM:SS     Idx      W      C      C      %      %      %      %      %      %    MHz    MHz     MB     MB     MB 
 11:33:12       0    253     61      -    100      2      0      0      0      0  14801   2812  15700     13      0 
 11:33:17       0    253     57      -    100     17      0      0      0      0  14801   2797  15700     13      0 
 11:33:22       0    253     61      -    100      2      0      0      0      0  14801   2775  15680     13      0 
 11:33:27       0    254     60      -    100     17      0      0      0      0  14801   2805  15680     13      0 
 11:33:32       0    253     61      -    100      2      0      0      0      0  14801   2797  15680     13      0 
 11:33:37       0    254     61      -    100      2      0      0      0      0  14801   2812  15680     13      0 
 11:33:42       0    258     61      -    100      2      0      0      0      0  14801   2812  15680     13      0 
 11:33:47       0    251     61      -    100      2      0      0      0      0  14801   2790  15680     13      0 
 11:33:52       0    253     61      -    100      2      0      0      0      0  14801   2797  15680     13      0 
 11:33:57       0    253     61      -    100      5      0      0      0      0  14801   2812  15680     13      0 
 11:34:02       0    254     61      -    100      2      0      0      0      0  14801   2797  15680     13      0 
 11:34:07       0    258     61      -    100      2      0      0      0      0  14801   2812  15680     13      0 
 11:34:12       0    252     61      -    100      2      0      0      0      0  14801   2812  15680     13      0 
 11:34:17       0    253     61      -    100      2      0      0      0      0  14801   2797  15680     13      0 
 11:34:22       0     54     47      -      0      0      0      0      0      0  14801   2835  15676     13      0 
 11:34:27       0     50     45      -      0      0      0      0      0      0  15001   2692     10     10      0 
