#Time         gpu    pwr  gtemp  mtemp     sm    mem    enc    dec    jpg    ofa   mclk   pclk     fb   bar1   ccpm 
#HH:MM:SS     Idx      W      C      C      %      %      %      %      %      %    MHz    MHz     MB     MB     MB 
 07:07:48       0     34     31      -      0      0      0      0      0      0   7001    472      4      2      0 
 07:07:53       0     20     29      -      0      0      0      0      0      0    405    225      4      2      0 
 07:07:58       0     20     28      -      0      0      0      0      0      0    405    225      4      2      0 
 07:08:03       0     26     29      -      1      0      0      0      0      0  14801   1185    338      4      0 
 07:08:08       0     49     30      -      5      0      0      0      0      0  14801   2745   2368      4      0 
 07:08:13       0     48     30      -      0      0      0      0      0      0  14801   2722   2694      4      0 
 07:08:18       0     48     30      -      0      0      0      0      0      0  14801   2722  15096      4      0 
 07:08:23       0     56     31      -      0      0      0      0      0      0  14801   2955  15096      4      0 
 07:08:28       0     48     30      -      0      0      0      0      0      0  14801   2722  15096      4      0 
 07:08:33       0     48     30      -      0      0      0      0      0      0  14801   2722  11478      4      0 
 07:08:38       0     48     30      -      0      0      0      0      0      0  14801   2722  11478      4      0 
 07:08:43       0     48     30      -      0      0      0      0      0      0  14801   2722  11530      4      0 
 07:08:48       0     52     30      -      0      0      0      0      0      0  14801   2722  11530      4      0 
 07:08:53       0     48     30      -      0      0      0      0      0      0  14801   2722  11530      4      0 
 07:08:58       0     54     30      -      0      0      0      0      0      0  14801   2955  11530      4      0 
 07:09:03       0     58     31      -    100      0      0      0      0      0  14801   2955  11536      4      0 
 07:09:08       0     48     30      -      0      0      0      0      0      0  14801   2722  11538      4      0 
 07:09:13       0     48     30      -      0      0      0      0      0      0  14801   2722  11538      4      0 
 07:09:18       0    271     48      -    100     23      0      0      0      0  14801   2895  12134      4      0 
 07:09:23       0     48     30      -      0      0      0      0      0      0  14801   2722  12134      4      0 
 07:09:28       0     48     30      -      0      0      0      0      0      0  14801   2722  12134      4      0 
 07:09:33       0     48     30      -      0      0      0      0      0      0  14801   2722  15116      4      0 
 07:09:38       0    148     47      -    100     26      0      0      0      0  14801   2917  15700      4      0 
 07:09:43       0     48     30      -      0      0      0      0      0      0  14801   2722  15670      4      0 
 07:09:48       0     48     30      -      0      0      0      0      0      0  14801   2722  15670      4      0 
 07:09:53       0     48     30      -      0      0      0      0      0      0  14801   2722  15670      4      0 
 07:09:58       0     23     27      -      0      0      0      0      0      0    405    225  15670      4      0 
 07:10:03       0    185     39      -     95     53      0      0      0      0  14801   2910  15670      4      0 
 07:10:08       0    292     54      -    100     10      0      0      0      0  14801   2895  15676      4      0 
 07:10:13       0    287     54      -    100     17      0      0      0      0  14801   2895  15680      4      0 
 07:10:18       0    192     43      -     95     51      0      0      0      0  14801   2895  15678      4      0 
 07:10:23       0    113     36      -      0      0      0      0      0      0  14801   2940  15678      4      0 
 07:10:28       0    296     55      -    100     23      0      0      0      0  14801   2880  15678      4      0 
 07:10:33       0    300     57      -    100     24      0      0      0      0  14801   2880  15682      4      0 
 07:10:38       0    132     39      -      0      0      0      0      0      0  14801   2940  15462      4      0 
 07:10:43       0     49     36      -      0      0      0      0      0      0  14801   2715  15462      4      0 
