#Time         gpu    pwr  gtemp  mtemp     sm    mem    enc    dec    jpg    ofa   mclk   pclk     fb   bar1   ccpm 
#HH:MM:SS     Idx      W      C      C      %      %      %      %      %      %    MHz    MHz     MB     MB     MB 
 07:29:05       0     21     25      -      0      0      0      0      0      0    405    225      2      1      0 
 07:29:11       0     22     25      -      0      0      0      0      0      0    405    217      2      1      0 
 07:29:16       0     21     24      -      0      0      0      0      0      0    405    225      2      1      0 
 07:29:21       0     24     26      -      1      0      0      0      0      0  14801   2730    338      4      0 
 07:29:26       0     48     28      -      3      0      0      0      0      0  14801   2745   2264      4      0 
 07:29:31       0     48     28      -      0      0      0      0      0      0  14801   2722   2694      4      0 
 07:29:36       0     48     28      -      0      0      0      0      0      0  14801   2722  15096      4      0 
 07:29:41       0     56     29      -      0      0      0      0      0      0  14801   2932  15096      4      0 
 07:29:46       0     48     28      -      0      0      0      0      0      0  14801   2722  11478      4      0 
 07:29:51       0     51     30      -    100      5      0      0      0      0  14801   2872  11478      4      0 
 07:29:56       0     48     28      -      0      0      0      0      0      0  14801   2722  11478      4      0 
 07:30:01       0     48     29      -      0      0      0      0      0      0  14801   2722  11530      4      0 
 07:30:06       0     48     29      -      0      0      0      0      0      0  14801   2722  11530      4      0 
 07:30:11       0     48     29      -      0      0      0      0      0      0  14801   2722  11530      4      0 
 07:30:16       0     48     29      -      0      0      0      0      0      0  14801   2722  11530      4      0 
 07:30:21       0     64     30      -      0      0      0      0      0      0  14801   2955  11538      4      0 
 07:30:26       0     58     30      -     49      3      0      0      0      0  14801   2955  11538      4      0 
 07:30:31       0     58     30      -    100      2      0      0      0      0  14801   2955  12134      4      0 
 07:30:36       0     48     30      -      0      0      0      0      0      0  14801   2722  12134      4      0 
 07:30:41       0     52     30      -      0      0      0      0      0      0  14801   2722  12134      4      0 
 07:30:46       0     48     30      -      0      0      0      0      0      0  14801   2722  15116      4      0 
 07:30:51       0     66     41      -    100      2      0      0      0      0  14801   2955  15700      4      0 
 07:30:56       0     48     30      -      0      0      0      0      0      0  14801   2722  15458      4      0 
 07:31:01       0     48     30      -      0      0      0      0      0      0  14801   2722  15458      4      0 
 07:31:06       0     48     30      -      0      0      0      0      0      0  14801   2722  15458      4      0 
 07:31:11       0     22     27      -      0      0      0      0      0      0    810    232  15458      4      0 
 07:31:16       0    181     39      -     95     48      0      0      0      0  14801   2910  15458      4      0 
 07:31:21       0    291     52      -    100     14      0      0      0      0  14801   2887  15676      4      0 
 07:31:26       0    296     46      -    100     30      0      0      0      0  14801   2880  15680      4      0 
 07:31:31       0    191     43      -     95     50      0      0      0      0  14801   2902  15422      4      0 
 07:31:36       0    177     37      -     33     18      0      0      0      0  14801   2917  15416      4      0 
 07:31:41       0    295     58      -    100     28      0      0      0      0  14801   2880  15678      4      0 
 07:31:46       0    293     60      -    100     24      0      0      0      0  14801   2880  15682      4      0 
 07:31:51       0    194     41      -     92     47      0      0      0      0  14801   2902  15206      4      0 
 07:31:56       0     48     36      -      0      0      0      0      0      0  14801   2715  15206      4      0 
