#Time         gpu    pwr  gtemp  mtemp     sm    mem    enc    dec    jpg    ofa   mclk   pclk     fb   bar1   ccpm 
#HH:MM:SS     Idx      W      C      C      %      %      %      %      %      %    MHz    MHz     MB     MB     MB 
 06:53:53       0     15     40      -      0      6      0      0      0      0    405    195     10     10      0 
 06:53:58       0     14     39      -      0      6      0      0      0      0    405    195     10     10      0 
 06:54:03       0     18     40      -      0      1      0      0      0      0  14801    195    348     13      0 
 06:54:08       0     47     41      -      1      0      0      0      0      0  14801   2692   2678     13      0 
 06:54:13       0    270     54      -    100     24      0      0      0      0  14801   2820  15064     13      0 
 06:54:18       0     49     42      -      0      0      0      0      0      0  14801   2835  15710     13      0 
 06:54:23       0     47     42      -      0      0      0      0      0      0  14801   2692  15710     13      0 
 06:54:28       0     47     42      -      0      0      0      0      0      0  14801   2692  15710     13      0 
 06:54:33       0     47     42      -      0      0      0      0      0      0  14801   2692  15710     13      0 
 06:54:38       0    142     48      -     98     57      0      0      0      0  14801   2835  15712     13      0 
 06:54:43       0    179     56      -    100     24      0      0      0      0  14801   2835  15732     13      0 
 06:54:48       0    274     59      -    100     14      0      0      0      0  14801   2812  15732     13      0 
 06:54:53       0    273     60      -    100      4      0      0      0      0  14801   2812  15690     13      0 
 06:54:58       0    277     59      -    100     24      0      0      0      0  14801   2812  15692     13      0 
 06:55:03       0    277     59      -    100     15      0      0      0      0  14801   2820  15692     13      0 
 06:55:08       0    275     61      -    100      0      0      0      0      0  14801   2820  15650     13      0 
 06:55:13       0     51     46      -      0      0      0      0      0      0  14801   2835  15692     13      0 
 06:55:18       0     49     44      -      0      0      0      0      0      0  15001   2692     10     10      0 
