#Time         gpu    pwr  gtemp  mtemp     sm    mem    enc    dec    jpg    ofa   mclk   pclk     fb   bar1   ccpm 
#HH:MM:SS     Idx      W      C      C      %      %      %      %      %      %    MHz    MHz     MB     MB     MB 
 05:45:57       0     15     39      -      0      6      0      0      0      0    405    195     10     10      0 
 05:46:02       0     14     39      -      0      6      0      0      0      0    405    195     10     10      0 
 05:46:07       0     14     38      -      0      6      0      0      0      0    405    195    348     13      0 
 05:46:12       0     47     40      -      0      0      0      0      0      0  14801   2692  15004     13      0 
 05:46:17       0     47     40      -      0      0      0      0      0      0  14801   2692  11566     13      0 
 05:46:22       0     47     40      -      0      0      0      0      0      0  14801   2700  11578     13      0 
 05:46:27       0     48     40      -      0      0      0      0      0      0  14801   2692  11600     13      0 
 05:46:32       0     60     43      -     96     14      0      0      0      0  14801   2842  11626     13      0 
 05:46:37       0    103     53      -    100     23      0      0      0      0  14801   2820  12262     13      0 
 05:46:42       0     48     42      -      0      0      0      0      0      0  14801   2850  12262     13      0 
 05:46:47       0     57     42      -      0      0      0      0      0      0  14801   2850  15698     13      0 
 05:46:52       0     47     42      -      0      0      0      0      0      0  14801   2692  15698     13      0 
 05:46:57       0     47     42      -      0      0      0      0      0      0  14801   2692  15698     13      0 
 05:47:02       0     47     42      -      0      0      0      0      0      0  14801   2692  15698     13      0 
 05:47:07       0    112     47      -     97     35      0      0      0      0  14801   2820  15700     13      0 
 05:47:12       0    178     55      -    100     25      0      0      0      0  14801   2812  15720     13      0 
 05:47:17       0    269     58      -    100     22      0      0      0      0  14801   2820  15720     13      0 
 05:47:22       0    270     57      -    100      0      0      0      0      0  14801   2820  15678     13      0 
 05:47:27       0    269     59      -    100      2      0      0      0      0  14801   2797  15678     13      0 
 05:47:32       0    263     60      -     99     25      0      0      0      0  14801   2812  15678     13      0 
 05:47:37       0    259     60      -    100      2      0      0      0      0  14801   2812  15700     13      0 
 05:47:42       0    258     60      -    100      6      0      0      0      0  14801   2812  15700     13      0 
 05:47:47       0    257     60      -    100      2      0      0      0      0  14801   2812  15700     13      0 
 05:47:52       0    259     60      -     99     24      0      0      0      0  14801   2812  15700     13      0 
 05:47:57       0    257     60      -    100      5      0      0      0      0  14801   2812  15700     13      0 
 05:48:02       0    256     58      -    100      2      0      0      0      0  14801   2812  15700     13      0 
 05:48:07       0    257     54      -    100     22      0      0      0      0  14801   2812  15700     13      0 
 05:48:12       0    256     60      -    100      2      0      0      0      0  14801   2812  15700     13      0 
 05:48:17       0    256     60      -    100      1      0      0      0      0  14801   2812  15700     13      0 
 05:48:22       0    241     60      -    100      1      0      0      0      0  14801   2805  15680     13      0 
 05:48:27       0    255     60      -    100      1      0      0      0      0  14801   2812  15680     13      0 
 05:48:32       0    255     60      -    100     10      0      0      0      0  14801   2812  15680     13      0 
 05:48:37       0    256     60      -    100      1      0      0      0      0  14801   2812  15680     13      0 
 05:48:42       0    256     60      -    100      1      0      0      0      0  14801   2812  15680     13      0 
 05:48:47       0    255     60      -    100      1      0      0      0      0  14801   2812  15680     13      0 
 05:48:52       0    257     60      -    100      1      0      0      0      0  14801   2812  15680     13      0 
 05:48:57       0    255     57      -    100     15      0      0      0      0  14801   2812  15676     13      0 
 05:49:02       0    254     60      -    100      1      0      0      0      0  14801   2812  15676     13      0 
 05:49:07       0    255     60      -    100     19      0      0      0      0  14801   2812  15676     13      0 
 05:49:12       0    253     59      -    100      1      0      0      0      0  14801   2812  15676     13      0 
 05:49:17       0    254     60      -    100      1      0      0      0      0  14801   2812  15676     13      0 
 05:49:22       0    254     60      -    100      1      0      0      0      0  14801   2812  15676     13      0 
 05:49:27       0    253     60      -    100      1      0      0      0      0  14801   2812  15676     13      0 
 05:49:32       0    255     60      -    100      1      0      0      0      0  14801   2812  15676     13      0 
#Time         gpu    pwr  gtemp  mtemp     sm    mem    enc    dec    jpg    ofa   mclk   pclk     fb   bar1   ccpm 
#HH:MM:SS     Idx      W      C      C      %      %      %      %      %      %    MHz    MHz     MB     MB     MB 
 05:49:37       0    255     60      -    100      1      0      0      0      0  14801   2812  15700     13      0 
 05:49:42       0    253     60      -    100      1      0      0      0      0  14801   2812  15700     13      0 
 05:49:47       0    255     60      -    100      9      0      0      0      0  14801   2812  15700     13      0 
 05:49:52       0    251     58      -    100      1      0      0      0      0  14801   2812  15700     13      0 
 05:49:57       0    254     60      -    100      1      0      0      0      0  14801   2812  15700     13      0 
 05:50:02       0    254     60      -    100      9      0      0      0      0  14801   2812  15700     13      0 
 05:50:07       0    255     60      -    100      1      0      0      0      0  14801   2812  15700     13      0 
 05:50:12       0    255     57      -    100      1      0      0      0      0  14801   2812  15700     13      0 
 05:50:17       0    251     58      -    100      1      0      0      0      0  14801   2812  15700     13      0 
 05:50:22       0    254     56      -    100      1      0      0      0      0  14801   2812  15704     13      0 
 05:50:27       0    254     60      -    100      1      0      0      0      0  14801   2812  15704     13      0 
 05:50:32       0    254     60      -    100     11      0      0      0      0  14801   2812  15704     13      0 
 05:50:37       0    255     60      -    100     13      0      0      0      0  14801   2812  15704     13      0 
 05:50:42       0    255     60      -    100      1      0      0      0      0  14801   2812  15704     13      0 
 05:50:47       0    253     57      -    100      1      0      0      0      0  14801   2782  15704     13      0 
 05:50:52       0    254     60      -    100      9      0      0      0      0  14801   2812  15704     13      0 
 05:50:57       0    252     59      -    100      1      0      0      0      0  14801   2812  15704     13      0 
 05:51:02       0    254     60      -    100      1      0      0      0      0  14801   2812  15704     13      0 
 05:51:07       0    254     60      -    100      1      0      0      0      0  14801   2812  15704     13      0 
 05:51:12       0    253     60      -    100     10      0      0      0      0  14801   2812  15680     13      0 
 05:51:17       0    255     60      -    100      1      0      0      0      0  14801   2812  15680     13      0 
 05:51:22       0    254     60      -    100      1      0      0      0      0  14801   2812  15680     13      0 
 05:51:27       0    253     60      -    100     18      0      0      0      0  14801   2812  15680     13      0 
 05:51:32       0    253     60      -    100      1      0      0      0      0  14801   2812  15680     13      0 
 05:51:37       0    253     54      -    100      1      0      0      0      0  14801   2812  15680     13      0 
 05:51:42       0    253     60      -    100      1      0      0      0      0  14801   2812  15680     13      0 
 05:51:47       0    253     60      -    100      1      0      0      0      0  14801   2812  15680     13      0 
 05:51:52       0    254     60      -    100     23      0      0      0      0  14801   2812  15680     13      0 
 05:51:57       0    253     60      -    100     10      0      0      0      0  14801   2812  15680     13      0 
 05:52:02       0    253     60      -    100     11      0      0      0      0  14801   2812  15680     13      0 
 05:52:07       0    249     60      -     92     21      0      0      0      0  14801   2812  15640     13      0 
 05:52:12       0    253     60      -    100     10      0      0      0      0  14801   2812  15680     13      0 
 05:52:17       0    251     60      -    100      3      0      0      0      0  14801   2782  15680     13      0 
 05:52:22       0    254     60      -    100      1      0      0      0      0  14801   2812  15680     13      0 
 05:52:27       0    252     60      -    100      1      0      0      0      0  14801   2782  15680     13      0 
 05:52:32       0    252     60      -    100      1      0      0      0      0  14801   2812  15680     13      0 
 05:52:37       0    254     60      -    100      1      0      0      0      0  14801   2812  15680     13      0 
 05:52:42       0    250     58      -    100      6      0      0      0      0  14801   2790  15680     13      0 
 05:52:47       0    252     60      -    100      1      0      0      0      0  14801   2812  15680     13      0 
 05:52:52       0    253     60      -    100      1      0      0      0      0  14801   2812  15680     13      0 
 05:52:57       0    253     60      -    100      1      0      0      0      0  14801   2812  15680     13      0 
 05:53:02       0    256     60      -    100      1      0      0      0      0  14801   2812  15680     13      0 
 05:53:07       0    252     60      -    100      1      0      0      0      0  14801   2812  15680     13      0 
 05:53:12       0    252     60      -    100     23      0      0      0      0  14801   2812  15700     13      0 
#Time         gpu    pwr  gtemp  mtemp     sm    mem    enc    dec    jpg    ofa   mclk   pclk     fb   bar1   ccpm 
#HH:MM:SS     Idx      W      C      C      %      %      %      %      %      %    MHz    MHz     MB     MB     MB 
 05:53:17       0    257     60      -    100      1      0      0      0      0  14801   2812  15700     13      0 
 05:53:22       0    252     60      -    100      1      0      0      0      0  14801   2812  15700     13      0 
 05:53:27       0    254     60      -    100      1      0      0      0      0  14801   2782  15700     13      0 
 05:53:32       0    252     60      -    100      1      0      0      0      0  14801   2812  15700     13      0 
 05:53:37       0    254     60      -    100      1      0      0      0      0  14801   2782  15700     13      0 
 05:53:43       0    252     60      -    100      1      0      0      0      0  14801   2812  15700     13      0 
 05:53:48       0    256     60      -    100      1      0      0      0      0  14801   2812  15700     13      0 
 05:53:53       0    253     60      -    100      1      0      0      0      0  14801   2812  15700     13      0 
 05:53:58       0    252     60      -    100      1      0      0      0      0  14801   2812  15700     13      0 
 05:54:03       0    250     55      -    100     12      0      0      0      0  14801   2782  15700     13      0 
 05:54:08       0    252     60      -    100      1      0      0      0      0  14801   2812  15700     13      0 
 05:54:13       0    255     60      -    100      1      0      0      0      0  14801   2812  15700     13      0 
 05:54:18       0    252     60      -    100      1      0      0      0      0  14801   2812  15700     13      0 
 05:54:23       0    251     60      -    100      1      0      0      0      0  14801   2812  15704     13      0 
 05:54:28       0    257     60      -    100      1      0      0      0      0  14801   2812  15704     13      0 
 05:54:33       0    251     56      -    100      1      0      0      0      0  14801   2812  15704     13      0 
 05:54:38       0    252     60      -    100      1      0      0      0      0  14801   2812  15704     13      0 
 05:54:43       0    251     60      -    100      1      0      0      0      0  14801   2812  15704     13      0 
 05:54:48       0    255     59      -    100      1      0      0      0      0  14801   2782  15704     13      0 
 05:54:53       0    256     60      -    100      1      0      0      0      0  14801   2812  15704     13      0 
 05:54:58       0    251     58      -    100     22      0      0      0      0  14801   2812  15704     13      0 
 05:55:03       0    251     60      -    100      1      0      0      0      0  14801   2812  15704     13      0 
 05:55:08       0    251     60      -    100      1      0      0      0      0  14801   2812  15704     13      0 
 05:55:13       0    252     60      -    100      1      0      0      0      0  14801   2812  15704     13      0 
 05:55:18       0    251     60      -    100      1      0      0      0      0  14801   2812  15704     13      0 
 05:55:23       0    256     60      -    100      1      0      0      0      0  14801   2812  15704     13      0 
 05:55:28       0    255     60      -    100      1      0      0      0      0  14801   2812  15704     13      0 
 05:55:33       0    252     59      -    100      1      0      0      0      0  14801   2812  15704     13      0 
 05:55:38       0    252     59      -    100      1      0      0      0      0  14801   2812  15678     13      0 
 05:55:43       0    252     56      -    100     22      0      0      0      0  14801   2812  15678     13      0 
 05:55:48       0    249     57      -    100     23      0      0      0      0  14801   2790  15678     13      0 
 05:55:53       0    251     59      -    100      6      0      0      0      0  14801   2812  15678     13      0 
 05:55:58       0    250     58      -    100     17      0      0      0      0  14801   2812  15678     13      0 
 05:56:03       0    250     59      -    100     12      0      0      0      0  14801   2797  15678     13      0 
 05:56:08       0    249     54      -    100      9      0      0      0      0  14801   2812  15678     13      0 
 05:56:13       0    247     54      -    100      9      0      0      0      0  14801   2782  15678     13      0 
 05:56:18       0    253     59      -    100      1      0      0      0      0  14801   2782  15678     13      0 
 05:56:23       0    256     60      -    100      1      0      0      0      0  14801   2812  15678     13      0 
 05:56:28       0    255     60      -    100      1      0      0      0      0  14801   2812  15678     13      0 
 05:56:33       0    256     60      -    100      1      0      0      0      0  14801   2812  15678     13      0 
 05:56:38       0    249     59      -    100      1      0      0      0      0  14801   2782  15678     13      0 
 05:56:43       0    250     60      -    100      1      0      0      0      0  14801   2812  15678     13      0 
 05:56:48       0    250     60      -    100      1      0      0      0      0  14801   2812  15678     13      0 
 05:56:53       0    249     59      -    100      1      0      0      0      0  14801   2812  15678     13      0 
#Time         gpu    pwr  gtemp  mtemp     sm    mem    enc    dec    jpg    ofa   mclk   pclk     fb   bar1   ccpm 
#HH:MM:SS     Idx      W      C      C      %      %      %      %      %      %    MHz    MHz     MB     MB     MB 
 05:56:58       0    255     60      -    100      1      0      0      0      0  14801   2812  15682     13      0 
 05:57:03       0    255     59      -    100      1      0      0      0      0  14801   2782  15682     13      0 
 05:57:08       0    257     60      -    100      1      0      0      0      0  14801   2812  15682     13      0 
 05:57:13       0    249     59      -    100      1      0      0      0      0  14801   2782  15682     13      0 
 05:57:18       0    251     59      -    100      1      0      0      0      0  14801   2812  15682     13      0 
 05:57:23       0    256     60      -    100      1      0      0      0      0  14801   2812  15682     13      0 
 05:57:28       0    256     60      -    100      1      0      0      0      0  14801   2812  15682     13      0 
 05:57:33       0    249     59      -    100      1      0      0      0      0  14801   2782  15682     13      0 
 05:57:38       0    251     60      -    100      1      0      0      0      0  14801   2812  15682     13      0 
 05:57:43       0    255     60      -    100      1      0      0      0      0  14801   2812  15682     13      0 
 05:57:48       0    253     59      -    100      1      0      0      0      0  14801   2782  15682     13      0 
 05:57:53       0    249     60      -    100      1      0      0      0      0  14801   2812  15682     13      0 
 05:57:58       0    250     59      -    100      1      0      0      0      0  14801   2812  15682     13      0 
 05:58:03       0    255     60      -    100      1      0      0      0      0  14801   2812  15682     13      0 
 05:58:08       0    250     60      -    100      1      0      0      0      0  14801   2812  15682     13      0 
 05:58:13       0    250     59      -    100      1      0      0      0      0  14801   2812  15682     13      0 
 05:58:18       0    253     59      -    100      1      0      0      0      0  14801   2782  15682     13      0 
 05:58:23       0    251     60      -    100      1      0      0      0      0  14801   2812  15682     13      0 
 05:58:28       0    249     59      -    100      5      0      0      0      0  14801   2812  15702     13      0 
 05:58:33       0    254     59      -    100      1      0      0      0      0  14801   2782  15702     13      0 
 05:58:38       0    249     60      -    100      1      0      0      0      0  14801   2812  15702     13      0 
 05:58:43       0    251     57      -    100      1      0      0      0      0  14801   2812  15702     13      0 
 05:58:48       0    256     60      -    100      1      0      0      0      0  14801   2812  15702     13      0 
 05:58:53       0    250     60      -    100      1      0      0      0      0  14801   2812  15702     13      0 
 05:58:58       0    252     58      -    100      1      0      0      0      0  14801   2812  15702     13      0 
 05:59:03       0    256     60      -    100      1      0      0      0      0  14801   2812  15702     13      0 
 05:59:08       0    249     59      -    100      1      0      0      0      0  14801   2812  15702     13      0 
 05:59:13       0    255     60      -    100      1      0      0      0      0  14801   2812  15702     13      0 
 05:59:18       0    249     60      -    100     23      0      0      0      0  14801   2812  15702     13      0 
 05:59:23       0    256     60      -    100      1      0      0      0      0  14801   2812  15702     13      0 
 05:59:28       0    249     60      -    100      1      0      0      0      0  14801   2812  15702     13      0 
 05:59:33       0    256     60      -    100      1      0      0      0      0  14801   2812  15702     13      0 
 05:59:38       0    248     59      -    100      1      0      0      0      0  14801   2782  15702     13      0 
 05:59:43       0    256     60      -    100      1      0      0      0      0  14801   2812  15702     13      0 
 05:59:48       0    249     60      -    100      1      0      0      0      0  14801   2812  15702     13      0 
 05:59:53       0    256     60      -    100      1      0      0      0      0  14801   2812  15702     13      0 
 05:59:58       0    235     59      -    100      5      0      0      0      0  14801   2790  15660     13      0 
 06:00:03       0    256     60      -    100      1      0      0      0      0  14801   2812  15700     13      0 
 06:00:08       0    249     60      -    100     11      0      0      0      0  14801   2812  15700     13      0 
 06:00:13       0    255     60      -    100      1      0      0      0      0  14801   2812  15700     13      0 
 06:00:18       0    249     60      -    100      1      0      0      0      0  14801   2812  15700     13      0 
 06:00:23       0    221     51      -    100      7      0      0      0      0  14801   2805  15700     13      0 
 06:00:28       0     51     45      -      0      0      0      0      0      0  14801   2812  15720     13      0 
 06:00:33       0    272     58      -     99     25      0      0      0      0  14801   2812  15720     13      0 
#Time         gpu    pwr  gtemp  mtemp     sm    mem    enc    dec    jpg    ofa   mclk   pclk     fb   bar1   ccpm 
#HH:MM:SS     Idx      W      C      C      %      %      %      %      %      %    MHz    MHz     MB     MB     MB 
 06:00:38       0    271     60      -    100     15      0      0      0      0  14801   2820  15720     13      0 
 06:00:43       0    272     58      -    100      0      0      0      0      0  14801   2812  15678     13      0 
 06:00:48       0    269     59      -    100      1      0      0      0      0  14801   2812  15678     13      0 
 06:00:53       0    261     60      -     94     25      0      0      0      0  14801   2812  15698     13      0 
 06:00:58       0    260     60      -    100     16      0      0      0      0  14801   2812  15700     13      0 
 06:01:03       0    260     59      -    100     14      0      0      0      0  14801   2812  15700     13      0 
 06:01:08       0    260     60      -     99     23      0      0      0      0  14801   2812  15700     13      0 
 06:01:13       0    258     61      -    100      2      0      0      0      0  14801   2812  15660     13      0 
 06:01:18       0    257     61      -    100      2      0      0      0      0  14801   2812  15700     13      0 
 06:01:23       0    258     61      -     99     27      0      0      0      0  14801   2812  15700     13      0 
 06:01:28       0    256     59      -    100     17      0      0      0      0  14801   2812  15700     13      0 
 06:01:33       0    259     61      -    100      1      0      0      0      0  14801   2812  15700     13      0 
 06:01:38       0    255     58      -    100     21      0      0      0      0  14801   2812  15700     13      0 
 06:01:43       0    256     58      -    100      2      0      0      0      0  14801   2812  15680     13      0 
 06:01:48       0    259     61      -    100     23      0      0      0      0  14801   2812  15680     13      0 
 06:01:53       0    255     61      -    100      1      0      0      0      0  14801   2812  15680     13      0 
 06:01:58       0    256     61      -    100      1      0      0      0      0  14801   2812  15680     13      0 
 06:02:03       0    256     61      -    100     20      0      0      0      0  14801   2812  15680     13      0 
 06:02:08       0    257     61      -    100     17      0      0      0      0  14801   2812  15680     13      0 
 06:02:13       0    259     61      -    100      1      0      0      0      0  14801   2812  15636     13      0 
 06:02:18       0    256     61      -    100      1      0      0      0      0  14801   2812  15676     13      0 
 06:02:23       0    257     60      -    100      1      0      0      0      0  14801   2812  15676     13      0 
 06:02:28       0    256     61      -    100     15      0      0      0      0  14801   2812  15676     13      0 
 06:02:33       0    253     60      -    100      1      0      0      0      0  14801   2812  15676     13      0 
 06:02:38       0    254     58      -    100      1      0      0      0      0  14801   2812  15676     13      0 
 06:02:43       0    253     56      -    100      1      0      0      0      0  14801   2812  15676     13      0 
 06:02:48       0    255     60      -    100      1      0      0      0      0  14801   2812  15676     13      0 
 06:02:53       0    255     60      -    100     10      0      0      0      0  14801   2812  15700     13      0 
 06:02:58       0    256     60      -    100      1      0      0      0      0  14801   2812  15700     13      0 
 06:03:03       0    257     60      -    100      1      0      0      0      0  14801   2812  15700     13      0 
 06:03:08       0    257     60      -    100      1      0      0      0      0  14801   2812  15700     13      0 
 06:03:13       0    256     60      -    100      2      0      0      0      0  14801   2812  15700     13      0 
 06:03:18       0    253     57      -    100      1      0      0      0      0  14801   2812  15700     13      0 
 06:03:23       0    254     60      -    100      1      0      0      0      0  14801   2812  15700     13      0 
 06:03:28       0    255     60      -    100      1      0      0      0      0  14801   2812  15700     13      0 
 06:03:33       0    255     60      -    100      1      0      0      0      0  14801   2812  15700     13      0 
 06:03:38       0    254     60      -    100      1      0      0      0      0  14801   2812  15704     13      0 
 06:03:43       0    257     60      -    100      1      0      0      0      0  14801   2812  15704     13      0 
 06:03:48       0    254     60      -    100      1      0      0      0      0  14801   2812  15704     13      0 
 06:03:53       0    253     60      -    100      1      0      0      0      0  14801   2797  15704     13      0 
 06:03:58       0    254     60      -    100      1      0      0      0      0  14801   2812  15704     13      0 
 06:04:03       0    254     60      -    100     22      0      0      0      0  14801   2812  15704     13      0 
 06:04:08       0    255     60      -    100      1      0      0      0      0  14801   2812  15704     13      0 
 06:04:13       0    254     60      -    100      1      0      0      0      0  14801   2812  15704     13      0 
#Time         gpu    pwr  gtemp  mtemp     sm    mem    enc    dec    jpg    ofa   mclk   pclk     fb   bar1   ccpm 
#HH:MM:SS     Idx      W      C      C      %      %      %      %      %      %    MHz    MHz     MB     MB     MB 
 06:04:18       0    254     60      -    100      1      0      0      0      0  14801   2812  15704     13      0 
 06:04:23       0    255     60      -    100      1      0      0      0      0  14801   2812  15704     13      0 
 06:04:28       0    255     60      -    100      1      0      0      0      0  14801   2812  15640     13      0 
 06:04:33       0    254     60      -    100      1      0      0      0      0  14801   2812  15680     13      0 
 06:04:38       0    254     59      -    100      1      0      0      0      0  14801   2812  15680     13      0 
 06:04:43       0    254     60      -    100      1      0      0      0      0  14801   2812  15680     13      0 
 06:04:48       0    253     60      -    100      1      0      0      0      0  14801   2782  15680     13      0 
 06:04:53       0    252     56      -    100      1      0      0      0      0  14801   2812  15680     13      0 
 06:04:58       0    253     60      -    100      1      0      0      0      0  14801   2812  15680     13      0 
 06:05:03       0    256     60      -    100      1      0      0      0      0  14801   2812  15680     13      0 
 06:05:08       0    254     60      -    100     21      0      0      0      0  14801   2812  15680     13      0 
 06:05:13       0    252     60      -    100      7      0      0      0      0  14801   2812  15680     13      0 
 06:05:18       0    255     60      -    100      1      0      0      0      0  14801   2790  15680     13      0 
 06:05:23       0    253     60      -    100      1      0      0      0      0  14801   2812  15680     13      0 
 06:05:28       0    253     60      -    100      1      0      0      0      0  14801   2812  15680     13      0 
 06:05:33       0    255     60      -    100     15      0      0      0      0  14801   2812  15680     13      0 
 06:05:38       0    253     60      -    100     15      0      0      0      0  14801   2812  15680     13      0 
 06:05:43       0    253     60      -    100      1      0      0      0      0  14801   2812  15680     13      0 
 06:05:48       0    255     60      -    100      1      0      0      0      0  14801   2812  15680     13      0 
 06:05:53       0    252     57      -    100      1      0      0      0      0  14801   2812  15680     13      0 
 06:05:58       0    253     60      -    100      1      0      0      0      0  14801   2812  15680     13      0 
 06:06:03       0    254     60      -    100      1      0      0      0      0  14801   2812  15680     13      0 
 06:06:08       0    251     60      -    100      1      0      0      0      0  14801   2812  15680     13      0 
 06:06:13       0    251     55      -    100      1      0      0      0      0  14801   2812  15680     13      0 
 06:06:18       0    253     60      -    100      1      0      0      0      0  14801   2812  15680     13      0 
 06:06:23       0    252     60      -    100      6      0      0      0      0  14801   2812  15680     13      0 
 06:06:28       0    253     58      -    100      1      0      0      0      0  14801   2812  15660     13      0 
 06:06:33       0    250     57      -    100      1      0      0      0      0  14801   2782  15700     13      0 
 06:06:38       0    252     60      -    100      1      0      0      0      0  14801   2812  15700     13      0 
 06:06:43       0    253     59      -    100      1      0      0      0      0  14801   2812  15700     13      0 
 06:06:48       0    251     59      -    100      1      0      0      0      0  14801   2782  15700     13      0 
 06:06:53       0    254     59      -    100      3      0      0      0      0  14801   2812  15700     13      0 
 06:06:58       0    252     60      -    100      1      0      0      0      0  14801   2812  15700     13      0 
 06:07:03       0    252     59      -    100     12      0      0      0      0  14801   2812  15700     13      0 
 06:07:08       0    251     60      -    100      1      0      0      0      0  14801   2782  15700     13      0 
 06:07:13       0    253     60      -    100      1      0      0      0      0  14801   2812  15700     13      0 
 06:07:18       0    252     60      -    100      1      0      0      0      0  14801   2797  15700     13      0 
 06:07:23       0    255     60      -    100      1      0      0      0      0  14801   2782  15700     13      0 
 06:07:28       0    254     59      -    100     11      0      0      0      0  14801   2812  15700     13      0 
 06:07:33       0    250     60      -    100      1      0      0      0      0  14801   2782  15700     13      0 
 06:07:38       0    247     60      -    100      1      0      0      0      0  14801   2812  15664     13      0 
 06:07:43       0    249     57      -    100     22      0      0      0      0  14801   2790  15704     13      0 
 06:07:48       0    251     60      -    100      1      0      0      0      0  14801   2812  15704     13      0 
 06:07:54       0    250     60      -    100      1      0      0      0      0  14801   2782  15704     13      0 
#Time         gpu    pwr  gtemp  mtemp     sm    mem    enc    dec    jpg    ofa   mclk   pclk     fb   bar1   ccpm 
#HH:MM:SS     Idx      W      C      C      %      %      %      %      %      %    MHz    MHz     MB     MB     MB 
 06:07:59       0    253     60      -    100      1      0      0      0      0  14801   2782  15704     13      0 
 06:08:04       0    252     56      -    100     18      0      0      0      0  14801   2812  15704     13      0 
 06:08:09       0    251     60      -    100      1      0      0      0      0  14801   2812  15704     13      0 
 06:08:14       0    252     60      -    100      1      0      0      0      0  14801   2812  15704     13      0 
 06:08:19       0    249     60      -    100      1      0      0      0      0  14801   2782  15704     13      0 
 06:08:24       0    256     60      -    100      1      0      0      0      0  14801   2812  15704     13      0 
 06:08:29       0    256     60      -    100      1      0      0      0      0  14801   2812  15704     13      0 
 06:08:34       0    252     58      -    100     24      0      0      0      0  14801   2812  15704     13      0 
 06:08:39       0    249     59      -    100      1      0      0      0      0  14801   2812  15704     13      0 
 06:08:44       0    253     60      -    100      1      0      0      0      0  14801   2812  15704     13      0 
 06:08:49       0    251     60      -    100      1      0      0      0      0  14801   2812  15704     13      0 
 06:08:54       0    238     59      -    100      1      0      0      0      0  14801   2812  15638     13      0 
 06:08:59       0    250     60      -    100      1      0      0      0      0  14801   2782  15678     13      0 
 06:09:04       0    253     60      -    100      1      0      0      0      0  14801   2812  15678     13      0 
 06:09:09       0    250     60      -    100      1      0      0      0      0  14801   2812  15678     13      0 
 06:09:14       0    252     60      -    100      1      0      0      0      0  14801   2812  15678     13      0 
 06:09:19       0    250     60      -    100      1      0      0      0      0  14801   2812  15678     13      0 
 06:09:24       0    252     59      -    100      1      0      0      0      0  14801   2790  15678     13      0 
 06:09:29       0    249     60      -    100      1      0      0      0      0  14801   2812  15678     13      0 
 06:09:34       0    253     60      -    100      1      0      0      0      0  14801   2812  15678     13      0 
 06:09:39       0    249     59      -    100      1      0      0      0      0  14801   2812  15678     13      0 
 06:09:44       0    253     59      -    100      1      0      0      0      0  14801   2812  15678     13      0 
 06:09:49       0    248     59      -    100      8      0      0      0      0  14801   2797  15678     13      0 
 06:09:54       0    247     54      -    100      8      0      0      0      0  14801   2782  15678     13      0 
 06:09:59       0    256     60      -    100      1      0      0      0      0  14801   2812  15678     13      0 
 06:10:04       0    255     59      -    100      1      0      0      0      0  14801   2782  15678     13      0 
 06:10:09       0    257     60      -    100      1      0      0      0      0  14801   2812  15678     13      0 
 06:10:14       0    251     59      -    100      1      0      0      0      0  14801   2812  15678     13      0 
 06:10:19       0    248     59      -    100      1      0      0      0      0  14801   2812  15682     13      0 
 06:10:24       0    249     58      -    100     18      0      0      0      0  14801   2797  15682     13      0 
 06:10:29       0    255     59      -    100      1      0      0      0      0  14801   2812  15682     13      0 
 06:10:34       0    255     59      -    100      1      0      0      0      0  14801   2790  15682     13      0 
 06:10:39       0    249     59      -    100      1      0      0      0      0  14801   2812  15682     13      0 
 06:10:44       0    250     59      -    100      1      0      0      0      0  14801   2805  15682     13      0 
 06:10:49       0    252     59      -    100      1      0      0      0      0  14801   2812  15682     13      0 
 06:10:54       0    253     59      -    100      1      0      0      0      0  14801   2782  15682     13      0 
 06:10:59       0    251     59      -    100      1      0      0      0      0  14801   2812  15682     13      0 
 06:11:04       0    248     59      -    100      1      0      0      0      0  14801   2812  15682     13      0 
 06:11:09       0    253     60      -    100      1      0      0      0      0  14801   2812  15682     13      0 
 06:11:14       0    255     59      -    100      1      0      0      0      0  14801   2812  15682     13      0 
 06:11:19       0    250     60      -    100      1      0      0      0      0  14801   2812  15682     13      0 
 06:11:24       0    249     56      -    100     23      0      0      0      0  14801   2812  15682     13      0 
 06:11:29       0    256     60      -    100      1      0      0      0      0  14801   2812  15682     13      0 
 06:11:34       0    249     59      -    100      1      0      0      0      0  14801   2797  15682     13      0 
#Time         gpu    pwr  gtemp  mtemp     sm    mem    enc    dec    jpg    ofa   mclk   pclk     fb   bar1   ccpm 
#HH:MM:SS     Idx      W      C      C      %      %      %      %      %      %    MHz    MHz     MB     MB     MB 
 06:11:39       0    250     58      -    100     15      0      0      0      0  14801   2812  15682     13      0 
 06:11:44       0    255     60      -    100      1      0      0      0      0  14801   2812  15662     13      0 
 06:11:49       0    249     59      -    100      1      0      0      0      0  14801   2812  15702     13      0 
 06:11:54       0    251     59      -    100      1      0      0      0      0  14801   2782  15702     13      0 
 06:11:59       0    256     60      -    100      1      0      0      0      0  14801   2812  15702     13      0 
 06:12:04       0    250     59      -    100      1      0      0      0      0  14801   2797  15702     13      0 
 06:12:09       0    255     60      -    100      1      0      0      0      0  14801   2812  15702     13      0 
 06:12:14       0    249     60      -    100      1      0      0      0      0  14801   2812  15702     13      0 
 06:12:19       0    255     60      -    100      1      0      0      0      0  14801   2812  15702     13      0 
 06:12:24       0    250     60      -    100      1      0      0      0      0  14801   2812  15702     13      0 
 06:12:29       0    251     58      -    100     16      0      0      0      0  14801   2812  15702     13      0 
 06:12:34       0    255     60      -    100      1      0      0      0      0  14801   2812  15702     13      0 
 06:12:39       0    250     60      -    100      1      0      0      0      0  14801   2812  15702     13      0 
 06:12:44       0    255     60      -    100      1      0      0      0      0  14801   2812  15702     13      0 
 06:12:49       0    248     59      -    100      1      0      0      0      0  14801   2782  15702     13      0 
 06:12:54       0    256     60      -    100      1      0      0      0      0  14801   2812  15702     13      0 
 06:12:59       0    250     60      -    100      1      0      0      0      0  14801   2812  15702     13      0 
 06:13:04       0    256     60      -    100      1      0      0      0      0  14801   2812  15702     13      0 
 06:13:09       0    247     59      -    100      1      0      0      0      0  14801   2782  15702     13      0 
 06:13:14       0    256     60      -    100      1      0      0      0      0  14801   2812  15702     13      0 
 06:13:19       0    248     59      -    100      1      0      0      0      0  14801   2805  15700     13      0 
 06:13:24       0    249     56      -    100      1      0      0      0      0  14801   2782  15700     13      0 
 06:13:29       0    251     60      -    100      1      0      0      0      0  14801   2812  15700     13      0 
 06:13:34       0    253     59      -    100      1      0      0      0      0  14801   2782  15700     13      0 
 06:13:39       0    249     60      -    100      1      0      0      0      0  14801   2812  15700     13      0 
 06:13:44       0    234     57      -    100     24      0      0      0      0  14801   2812  15720     13      0 
 06:13:49       0    181     50      -     96     50      0      0      0      0  14801   2790  15724     13      0 
 06:13:54       0    187     50      -     96     53      0      0      0      0  14801   2790  15724     13      0 
 06:13:59       0    186     50      -     96     53      0      0      0      0  14801   2790  15724     13      0 
 06:14:04       0    186     50      -     96     53      0      0      0      0  14801   2790  15724     13      0 
 06:14:09       0    186     49      -     96     53      0      0      0      0  14801   2790  15724     13      0 
 06:14:14       0    186     49      -     96     53      0      0      0      0  14801   2790  15724     13      0 
 06:14:19       0    187     49      -     96     53      0      0      0      0  14801   2790  15724     13      0 
 06:14:24       0    186     49      -     96     53      0      0      0      0  14801   2790  15724     13      0 
 06:14:29       0    186     49      -     96     53      0      0      0      0  14801   2790  15724     13      0 
 06:14:34       0    186     49      -     96     53      0      0      0      0  14801   2790  15724     13      0 
 06:14:39       0    186     49      -     96     53      0      0      0      0  14801   2790  15724     13      0 
 06:14:44       0    186     49      -     96     53      0      0      0      0  14801   2790  15724     13      0 
 06:14:49       0    186     49      -     95     53      0      0      0      0  14801   2790  15724     13      0 
 06:14:54       0    186     49      -     95     53      0      0      0      0  14801   2790  15724     13      0 
 06:14:59       0    186     49      -     96     53      0      0      0      0  14801   2790  15724     13      0 
 06:15:04       0    186     49      -     96     53      0      0      0      0  14801   2790  15724     13      0 
 06:15:09       0    186     49      -     96     53      0      0      0      0  14801   2790  15724     13      0 
 06:15:14       0    186     50      -     96     53      0      0      0      0  14801   2790  15724     13      0 
#Time         gpu    pwr  gtemp  mtemp     sm    mem    enc    dec    jpg    ofa   mclk   pclk     fb   bar1   ccpm 
#HH:MM:SS     Idx      W      C      C      %      %      %      %      %      %    MHz    MHz     MB     MB     MB 
 06:15:19       0    187     50      -     96     53      0      0      0      0  14801   2790  15724     13      0 
 06:15:24       0    187     50      -     96     53      0      0      0      0  14801   2790  15724     13      0 
 06:15:29       0    187     50      -     96     53      0      0      0      0  14801   2790  15724     13      0 
 06:15:34       0    187     50      -     96     53      0      0      0      0  14801   2790  15724     13      0 
 06:15:39       0    187     50      -     96     53      0      0      0      0  14801   2790  15724     13      0 
 06:15:44       0    187     50      -     96     53      0      0      0      0  14801   2790  15724     13      0 
 06:15:49       0    187     50      -     96     53      0      0      0      0  14801   2790  15724     13      0 
 06:15:54       0    187     50      -     96     54      0      0      0      0  14801   2790  15724     13      0 
 06:15:59       0    187     50      -     96     54      0      0      0      0  14801   2790  15724     13      0 
 06:16:04       0    187     51      -     96     53      0      0      0      0  14801   2790  15724     13      0 
 06:16:09       0    187     51      -     96     53      0      0      0      0  14801   2790  15724     13      0 
 06:16:14       0    187     51      -     96     53      0      0      0      0  14801   2790  15724     13      0 
 06:16:19       0    187     51      -     96     53      0      0      0      0  14801   2790  15724     13      0 
 06:16:24       0    187     51      -     96     53      0      0      0      0  14801   2790  15724     13      0 
 06:16:29       0    188     51      -     96     53      0      0      0      0  14801   2790  15724     13      0 
 06:16:34       0    188     51      -     96     53      0      0      0      0  14801   2790  15724     13      0 
 06:16:39       0    188     51      -     96     54      0      0      0      0  14801   2790  15724     13      0 
 06:16:44       0    188     52      -     96     53      0      0      0      0  14801   2790  15724     13      0 
 06:16:49       0    188     52      -     96     53      0      0      0      0  14801   2790  15724     13      0 
 06:16:54       0    189     52      -     96     54      0      0      0      0  14801   2790  15724     13      0 
 06:16:59       0    189     52      -     96     54      0      0      0      0  14801   2790  15724     13      0 
 06:17:04       0    189     52      -     96     54      0      0      0      0  14801   2790  15724     13      0 
 06:17:09       0    189     52      -     96     54      0      0      0      0  14801   2775  15724     13      0 
 06:17:14       0    189     52      -     96     53      0      0      0      0  14801   2782  15724     13      0 
 06:17:19       0    189     52      -     96     54      0      0      0      0  14801   2782  15724     13      0 
 06:17:24       0    189     52      -     96     54      0      0      0      0  14801   2782  15724     13      0 
 06:17:29       0    189     52      -     96     54      0      0      0      0  14801   2775  15724     13      0 
 06:17:34       0    189     53      -     96     53      0      0      0      0  14801   2782  15724     13      0 
 06:17:39       0    189     53      -     96     53      0      0      0      0  14801   2775  15724     13      0 
 06:17:44       0    189     53      -     96     54      0      0      0      0  14801   2782  15724     13      0 
 06:17:49       0    189     53      -     96     54      0      0      0      0  14801   2782  15724     13      0 
 06:17:54       0    189     53      -     96     54      0      0      0      0  14801   2782  15724     13      0 
 06:17:59       0    190     53      -     96     54      0      0      0      0  14801   2782  15014     13      0 
 06:18:04       0    190     53      -     96     54      0      0      0      0  14801   2782  15014     13      0 
 06:18:09       0    190     53      -     96     54      0      0      0      0  14801   2782  15014     13      0 
 06:18:14       0    190     53      -     96     54      0      0      0      0  14801   2782  15014     13      0 
 06:18:19       0    190     53      -     96     54      0      0      0      0  14801   2782  15014     13      0 
 06:18:24       0    191     53      -     96     54      0      0      0      0  14801   2782  15014     13      0 
 06:18:29       0    191     53      -     96     54      0      0      0      0  14801   2782  15014     13      0 
 06:18:34       0    190     53      -     96     54      0      0      0      0  14801   2782  15014     13      0 
 06:18:39       0    190     53      -     96     54      0      0      0      0  14801   2782  15014     13      0 
 06:18:44       0    190     53      -     96     54      0      0      0      0  14801   2782  15014     13      0 
 06:18:49       0    190     54      -     96     54      0      0      0      0  14801   2782  15014     13      0 
 06:18:54       0    190     54      -     96     54      0      0      0      0  14801   2782  15014     13      0 
#Time         gpu    pwr  gtemp  mtemp     sm    mem    enc    dec    jpg    ofa   mclk   pclk     fb   bar1   ccpm 
#HH:MM:SS     Idx      W      C      C      %      %      %      %      %      %    MHz    MHz     MB     MB     MB 
 06:18:59       0    190     54      -     96     54      0      0      0      0  14801   2782  15014     13      0 
 06:19:04       0    190     54      -     96     54      0      0      0      0  14801   2782  15014     13      0 
 06:19:09       0    191     54      -     96     54      0      0      0      0  14801   2775  15014     13      0 
 06:19:14       0    191     54      -     96     54      0      0      0      0  14801   2782  15014     13      0 
 06:19:19       0    191     54      -     96     54      0      0      0      0  14801   2775  15014     13      0 
 06:19:24       0    191     54      -     96     54      0      0      0      0  14801   2782  15014     13      0 
 06:19:29       0    191     54      -     96     54      0      0      0      0  14801   2782  15014     13      0 
 06:19:34       0    191     54      -     96     54      0      0      0      0  14801   2782  15014     13      0 
 06:19:40       0    191     54      -     96     54      0      0      0      0  14801   2782  15014     13      0 
 06:19:45       0    191     54      -     96     54      0      0      0      0  14801   2775  15014     13      0 
 06:19:50       0    147     53      -     97     42      0      0      0      0  14801   2782  15022     13      0 
 06:19:55       0    163     52      -     96     44      0      0      0      0  14801   2782  15022     13      0 
 06:20:00       0    161     52      -     97     38      0      0      0      0  14801   2797  15022     13      0 
 06:20:05       0    274     60      -    100     14      0      0      0      0  14801   2805  15682     13      0 
 06:20:10       0    275     55      -    100     18      0      0      0      0  14801   2805  15638     13      0 
 06:20:15       0    273     61      -    100      6      0      0      0      0  14801   2812  15678     13      0 
 06:20:20       0    204     56      -      0      0      0      0      0      0  14801   2835  15682     13      0 
 06:20:25       0    275     60      -    100     14      0      0      0      0  14801   2812  15682     13      0 
 06:20:30       0    274     59      -    100     26      0      0      0      0  14801   2797  15678     13      0 
 06:20:35       0    274     62      -    100     25      0      0      0      0  14801   2797  15678     13      0 
 06:20:40       0    276     59      -    100     21      0      0      0      0  14801   2812  15680     13      0 
 06:20:45       0    274     61      -    100     25      0      0      0      0  14801   2812  15680     13      0 
 06:20:50       0    274     61      -    100      9      0      0      0      0  14801   2812  15678     13      0 
 06:20:55       0    272     60      -    100     17      0      0      0      0  14801   2812  15678     13      0 
 06:21:00       0    192     52      -     96     54      0      0      0      0  14801   2790  15678     13      0 
 06:21:05       0    192     51      -     96     54      0      0      0      0  14801   2790  15678     13      0 
 06:21:10       0    191     51      -     96     54      0      0      0      0  14801   2790  15678     13      0 
 06:21:15       0    191     50      -     96     54      0      0      0      0  14801   2790  15678     13      0 
 06:21:20       0    191     50      -     96     54      0      0      0      0  14801   2790  15678     13      0 
 06:21:25       0    191     50      -     96     55      0      0      0      0  14801   2790  15678     13      0 
 06:21:30       0    190     50      -     96     54      0      0      0      0  14801   2790  15678     13      0 
 06:21:35       0    190     49      -     96     54      0      0      0      0  14801   2790  15678     13      0 
 06:21:40       0    190     49      -     96     54      0      0      0      0  14801   2790  15678     13      0 
 06:21:45       0    190     49      -     96     54      0      0      0      0  14801   2790  15678     13      0 
 06:21:50       0    190     49      -     96     54      0      0      0      0  14801   2790  15678     13      0 
 06:21:55       0    190     49      -     96     54      0      0      0      0  14801   2790  15678     13      0 
 06:22:00       0    190     49      -     96     54      0      0      0      0  14801   2790  15678     13      0 
 06:22:05       0    190     49      -     96     54      0      0      0      0  14801   2790  15678     13      0 
 06:22:10       0    190     49      -     96     55      0      0      0      0  14801   2790  15678     13      0 
 06:22:15       0    190     49      -     96     55      0      0      0      0  14801   2790  15678     13      0 
 06:22:20       0    190     50      -     96     55      0      0      0      0  14801   2790  15678     13      0 
 06:22:25       0    191     50      -     96     54      0      0      0      0  14801   2790  15678     13      0 
 06:22:30       0    191     50      -     96     55      0      0      0      0  14801   2790  15678     13      0 
 06:22:35       0    191     50      -     96     55      0      0      0      0  14801   2790  15678     13      0 
#Time         gpu    pwr  gtemp  mtemp     sm    mem    enc    dec    jpg    ofa   mclk   pclk     fb   bar1   ccpm 
#HH:MM:SS     Idx      W      C      C      %      %      %      %      %      %    MHz    MHz     MB     MB     MB 
 06:22:40       0    191     50      -     96     55      0      0      0      0  14801   2790  15678     13      0 
 06:22:45       0    191     50      -     96     55      0      0      0      0  14801   2790  15678     13      0 
 06:22:50       0    191     50      -     96     55      0      0      0      0  14801   2790  15036     13      0 
 06:22:55       0    191     50      -     96     55      0      0      0      0  14801   2790  15036     13      0 
 06:23:00       0    191     50      -     96     55      0      0      0      0  14801   2790  15036     13      0 
 06:23:05       0    191     50      -     96     55      0      0      0      0  14801   2790  15036     13      0 
 06:23:10       0    191     51      -     96     55      0      0      0      0  14801   2790  15036     13      0 
 06:23:15       0    191     51      -     96     55      0      0      0      0  14801   2790  15036     13      0 
 06:23:20       0    191     51      -     96     55      0      0      0      0  14801   2790  15036     13      0 
 06:23:25       0    191     51      -     96     55      0      0      0      0  14801   2790  15036     13      0 
 06:23:30       0    191     51      -     96     55      0      0      0      0  14801   2790  15036     13      0 
 06:23:35       0    191     51      -     96     55      0      0      0      0  14801   2790  15036     13      0 
 06:23:40       0    192     51      -     96     55      0      0      0      0  14801   2790  15036     13      0 
 06:23:45       0    192     51      -     96     55      0      0      0      0  14801   2790  15036     13      0 
 06:23:50       0    192     51      -     96     55      0      0      0      0  14801   2790  15036     13      0 
 06:23:55       0    192     52      -     96     55      0      0      0      0  14801   2790  15036     13      0 
 06:24:00       0    192     52      -     96     55      0      0      0      0  14801   2790  15036     13      0 
 06:24:05       0    192     52      -     96     55      0      0      0      0  14801   2790  15036     13      0 
 06:24:10       0    192     52      -     96     55      0      0      0      0  14801   2790  15036     13      0 
 06:24:15       0    192     52      -     96     55      0      0      0      0  14801   2790  15036     13      0 
 06:24:20       0    193     52      -     96     55      0      0      0      0  14801   2790  15036     13      0 
 06:24:25       0    192     52      -     96     55      0      0      0      0  14801   2790  15036     13      0 
 06:24:30       0    192     52      -     96     55      0      0      0      0  14801   2790  15036     13      0 
 06:24:35       0    193     52      -     96     55      0      0      0      0  14801   2790  15036     13      0 
 06:24:40       0    193     52      -     96     55      0      0      0      0  14801   2790  15036     13      0 
 06:24:45       0    193     53      -     96     55      0      0      0      0  14801   2782  15036     13      0 
 06:24:50       0    193     53      -     96     55      0      0      0      0  14801   2782  15036     13      0 
 06:24:55       0    193     53      -     96     55      0      0      0      0  14801   2782  15036     13      0 
 06:25:00       0    193     53      -     96     55      0      0      0      0  14801   2782  15036     13      0 
 06:25:05       0    193     53      -     96     55      0      0      0      0  14801   2782  15036     13      0 
 06:25:10       0    193     53      -     96     55      0      0      0      0  14801   2782  15036     13      0 
 06:25:15       0    193     53      -     96     55      0      0      0      0  14801   2782  15036     13      0 
 06:25:20       0    193     53      -     96     55      0      0      0      0  14801   2782  15036     13      0 
 06:25:25       0    194     53      -     96     55      0      0      0      0  14801   2782  15036     13      0 
 06:25:30       0    194     53      -     96     55      0      0      0      0  14801   2782  15036     13      0 
 06:25:35       0    194     53      -     96     55      0      0      0      0  14801   2782  15036     13      0 
 06:25:40       0    194     53      -     96     55      0      0      0      0  14801   2782  15036     13      0 
 06:25:45       0    194     53      -     96     55      0      0      0      0  14801   2782  15036     13      0 
 06:25:50       0    194     54      -     96     55      0      0      0      0  14801   2782  15036     13      0 
 06:25:55       0    194     54      -     96     55      0      0      0      0  14801   2782  15036     13      0 
 06:26:00       0    194     54      -     96     55      0      0      0      0  14801   2782  15036     13      0 
 06:26:05       0    194     54      -     96     55      0      0      0      0  14801   2782  15036     13      0 
 06:26:10       0    194     54      -     96     55      0      0      0      0  14801   2782  15036     13      0 
 06:26:15       0    194     54      -     96     55      0      0      0      0  14801   2782  15036     13      0 
#Time         gpu    pwr  gtemp  mtemp     sm    mem    enc    dec    jpg    ofa   mclk   pclk     fb   bar1   ccpm 
#HH:MM:SS     Idx      W      C      C      %      %      %      %      %      %    MHz    MHz     MB     MB     MB 
 06:26:20       0    194     54      -     96     55      0      0      0      0  14801   2782  15036     13      0 
 06:26:25       0    194     54      -     96     55      0      0      0      0  14801   2782  15036     13      0 
 06:26:30       0    194     54      -     96     55      0      0      0      0  14801   2782  15036     13      0 
 06:26:35       0    194     54      -     96     55      0      0      0      0  14801   2782  15036     13      0 
 06:26:40       0    194     54      -     96     55      0      0      0      0  14801   2782  15036     13      0 
 06:26:45       0    194     54      -     96     55      0      0      0      0  14801   2782  15036     13      0 
 06:26:50       0    195     54      -     96     55      0      0      0      0  14801   2782  15036     13      0 
 06:26:55       0    195     54      -     96     55      0      0      0      0  14801   2782  15036     13      0 
 06:27:00       0    195     54      -     96     55      0      0      0      0  14801   2782  15036     13      0 
 06:27:05       0    195     54      -     96     55      0      0      0      0  14801   2782  15036     13      0 
 06:27:10       0    195     54      -     96     55      0      0      0      0  14801   2782  15036     13      0 
 06:27:15       0    195     54      -     96     55      0      0      0      0  14801   2782  15036     13      0 
 06:27:20       0    195     54      -     96     55      0      0      0      0  14801   2782  15036     13      0 
 06:27:25       0    196     54      -     96     56      0      0      0      0  14801   2782  15036     13      0 
 06:27:30       0    275     61      -    100     20      0      0      0      0  14801   2812  15682     13      0 
 06:27:35       0    275     61      -    100      6      0      0      0      0  14801   2805  15682     13      0 
 06:27:40       0    274     63      -    100      6      0      0      0      0  14801   2805  15678     13      0 
 06:27:45       0    272     63      -    100     19      0      0      0      0  14801   2805  15678     13      0 
 06:27:50       0    275     61      -     99     27      0      0      0      0  14801   2812  15682     13      0 
 06:27:55       0    275     59      -    100     10      0      0      0      0  14801   2812  15682     13      0 
 06:28:00       0    275     59      -    100     20      0      0      0      0  14801   2805  15678     13      0 
 06:28:05       0    271     62      -    100     18      0      0      0      0  14801   2805  15678     13      0 
 06:28:10       0    165     51      -     97     46      0      0      0      0  14801   2797  15678     13      0 
 06:28:15       0    175     51      -     97     47      0      0      0      0  14801   2797  15678     13      0 
 06:28:20       0    168     50      -     97     45      0      0      0      0  14801   2790  15678     13      0 
 06:28:25       0    191     51      -     96     54      0      0      0      0  14801   2790  15678     13      0 
 06:28:30       0    191     50      -     96     54      0      0      0      0  14801   2790  15678     13      0 
 06:28:35       0    191     50      -     96     54      0      0      0      0  14801   2790  15678     13      0 
 06:28:40       0    190     50      -     96     54      0      0      0      0  14801   2790  15678     13      0 
 06:28:45       0    190     50      -     96     54      0      0      0      0  14801   2790  15678     13      0 
 06:28:50       0    190     50      -     96     54      0      0      0      0  14801   2790  15678     13      0 
 06:28:55       0    190     50      -     96     54      0      0      0      0  14801   2790  15678     13      0 
 06:29:00       0    190     50      -     96     54      0      0      0      0  14801   2790  15678     13      0 
 06:29:05       0    190     50      -     96     54      0      0      0      0  14801   2790  15678     13      0 
 06:29:10       0    190     50      -     96     54      0      0      0      0  14801   2790  15678     13      0 
 06:29:15       0    190     50      -     96     54      0      0      0      0  14801   2790  15678     13      0 
 06:29:20       0    190     50      -     96     55      0      0      0      0  14801   2790  15678     13      0 
 06:29:25       0    190     50      -     96     54      0      0      0      0  14801   2790  15678     13      0 
 06:29:30       0    190     50      -     96     55      0      0      0      0  14801   2790  15678     13      0 
 06:29:35       0    190     50      -     96     55      0      0      0      0  14801   2790  15678     13      0 
 06:29:40       0    191     50      -     96     55      0      0      0      0  14801   2790  15678     13      0 
 06:29:45       0    191     50      -     96     55      0      0      0      0  14801   2790  15678     13      0 
 06:29:50       0    191     50      -     96     55      0      0      0      0  14801   2790  15678     13      0 
 06:29:55       0    191     50      -     96     55      0      0      0      0  14801   2790  15678     13      0 
#Time         gpu    pwr  gtemp  mtemp     sm    mem    enc    dec    jpg    ofa   mclk   pclk     fb   bar1   ccpm 
#HH:MM:SS     Idx      W      C      C      %      %      %      %      %      %    MHz    MHz     MB     MB     MB 
 06:30:00       0    187     50      -     96     55      0      0      0      0  14801   2790  15036     13      0 
 06:30:05       0    191     50      -     96     55      0      0      0      0  14801   2790  15036     13      0 
 06:30:10       0    191     50      -     96     55      0      0      0      0  14801   2790  15036     13      0 
 06:30:15       0    191     50      -     96     55      0      0      0      0  14801   2790  15036     13      0 
 06:30:20       0    191     50      -     96     55      0      0      0      0  14801   2790  15036     13      0 
 06:30:25       0    191     50      -     96     55      0      0      0      0  14801   2790  15036     13      0 
 06:30:30       0    191     51      -     96     55      0      0      0      0  14801   2790  15036     13      0 
 06:30:35       0    191     51      -     96     55      0      0      0      0  14801   2790  15036     13      0 
 06:30:40       0    191     51      -     96     55      0      0      0      0  14801   2790  15036     13      0 
 06:30:45       0    191     51      -     96     55      0      0      0      0  14801   2790  15036     13      0 
 06:30:50       0    191     51      -     96     55      0      0      0      0  14801   2790  15036     13      0 
 06:30:55       0    191     51      -     96     55      0      0      0      0  14801   2790  15036     13      0 
 06:31:00       0    192     51      -     96     55      0      0      0      0  14801   2790  15036     13      0 
 06:31:05       0    192     51      -     96     55      0      0      0      0  14801   2790  15036     13      0 
 06:31:10       0    192     51      -     96     55      0      0      0      0  14801   2790  15036     13      0 
 06:31:15       0    192     52      -     96     55      0      0      0      0  14801   2790  15036     13      0 
 06:31:20       0    192     52      -     96     55      0      0      0      0  14801   2790  15036     13      0 
 06:31:26       0    192     52      -     96     55      0      0      0      0  14801   2790  15036     13      0 
 06:31:31       0    192     52      -     96     55      0      0      0      0  14801   2790  15036     13      0 
 06:31:36       0    192     52      -     96     55      0      0      0      0  14801   2782  15036     13      0 
 06:31:41       0    192     52      -     96     55      0      0      0      0  14801   2782  15036     13      0 
 06:31:46       0    192     52      -     96     55      0      0      0      0  14801   2782  15036     13      0 
 06:31:51       0    192     52      -     96     55      0      0      0      0  14801   2782  15036     13      0 
 06:31:56       0    193     52      -     96     55      0      0      0      0  14801   2782  15036     13      0 
 06:32:01       0    193     52      -     96     55      0      0      0      0  14801   2782  15036     13      0 
 06:32:06       0    192     53      -     96     55      0      0      0      0  14801   2782  15036     13      0 
 06:32:11       0    193     53      -     96     55      0      0      0      0  14801   2782  15036     13      0 
 06:32:16       0    193     53      -     96     55      0      0      0      0  14801   2782  15036     13      0 
 06:32:21       0    193     53      -     96     55      0      0      0      0  14801   2782  15036     13      0 
 06:32:26       0    193     53      -     96     55      0      0      0      0  14801   2782  15036     13      0 
 06:32:31       0    193     53      -     96     55      0      0      0      0  14801   2782  15036     13      0 
 06:32:36       0    193     53      -     96     55      0      0      0      0  14801   2782  15036     13      0 
 06:32:41       0    193     53      -     96     55      0      0      0      0  14801   2782  15036     13      0 
 06:32:46       0    193     53      -     96     55      0      0      0      0  14801   2782  15036     13      0 
 06:32:51       0    194     53      -     96     55      0      0      0      0  14801   2782  15036     13      0 
 06:32:56       0    194     53      -     96     55      0      0      0      0  14801   2782  15036     13      0 
 06:33:01       0    194     53      -     96     55      0      0      0      0  14801   2782  15036     13      0 
 06:33:06       0    194     53      -     96     55      0      0      0      0  14801   2782  15036     13      0 
 06:33:11       0    194     53      -     96     55      0      0      0      0  14801   2782  15036     13      0 
 06:33:16       0    194     53      -     96     55      0      0      0      0  14801   2782  15036     13      0 
 06:33:21       0    194     54      -     96     55      0      0      0      0  14801   2782  15036     13      0 
 06:33:26       0    194     54      -     96     55      0      0      0      0  14801   2782  15036     13      0 
 06:33:31       0    194     54      -     96     55      0      0      0      0  14801   2782  15036     13      0 
 06:33:36       0    194     54      -     96     55      0      0      0      0  14801   2782  15036     13      0 
#Time         gpu    pwr  gtemp  mtemp     sm    mem    enc    dec    jpg    ofa   mclk   pclk     fb   bar1   ccpm 
#HH:MM:SS     Idx      W      C      C      %      %      %      %      %      %    MHz    MHz     MB     MB     MB 
 06:33:41       0    194     54      -     96     55      0      0      0      0  14801   2782  15036     13      0 
 06:33:46       0    194     54      -     96     55      0      0      0      0  14801   2782  15036     13      0 
 06:33:51       0    194     54      -     96     55      0      0      0      0  14801   2782  15036     13      0 
 06:33:56       0    194     54      -     96     55      0      0      0      0  14801   2782  15036     13      0 
 06:34:01       0    194     54      -     96     55      0      0      0      0  14801   2782  15036     13      0 
 06:34:06       0    195     54      -     96     55      0      0      0      0  14801   2782  15036     13      0 
 06:34:11       0    195     54      -     96     55      0      0      0      0  14801   2782  15036     13      0 
 06:34:16       0    195     54      -     96     55      0      0      0      0  14801   2782  15036     13      0 
 06:34:21       0    195     54      -     96     55      0      0      0      0  14801   2782  15036     13      0 
 06:34:26       0    195     54      -     96     55      0      0      0      0  14801   2782  15036     13      0 
 06:34:31       0    195     54      -     96     55      0      0      0      0  14801   2782  15036     13      0 
 06:34:36       0    195     54      -     96     55      0      0      0      0  14801   2782  15036     13      0 
 06:34:41       0    185     50      -     25     14      0      0      0      0  14801   2782  15642     13      0 
 06:34:46       0    275     61      -     99     25      0      0      0      0  14801   2805  15682     13      0 
 06:34:51       0    274     61      -    100     18      0      0      0      0  14801   2805  15678     13      0 
 06:34:56       0    274     63      -    100      7      0      0      0      0  14801   2790  15678     13      0 
 06:35:01       0    169     53      -     97     41      0      0      0      0  14801   2782  15680     13      0 
 06:35:06       0    275     58      -    100     20      0      0      0      0  14801   2812  15680     13      0 
 06:35:11       0    273     61      -    100     24      0      0      0      0  14801   2805  15678     13      0 
 06:35:16       0    273     62      -    100      3      0      0      0      0  14801   2805  15678     13      0 
 06:35:21       0    162     51      -     97     40      0      0      0      0  14801   2797  15678     13      0 
 06:35:26       0    164     51      -     97     42      0      0      0      0  14801   2797  15678     13      0 
 06:35:31       0    166     50      -     97     41      0      0      0      0  14801   2797  15678     13      0 
 06:35:36       0    162     49      -     97     44      0      0      0      0  14801   2797  15678     13      0 
 06:35:41       0    161     49      -     97     42      0      0      0      0  14801   2797  15680     13      0 
 06:35:46       0    272     57      -    100     25      0      0      0      0  14801   2812  15680     13      0 
 06:35:51       0    270     57      -    100     17      0      0      0      0  14801   2805  15678     13      0 
 06:35:56       0    272     60      -    100      1      0      0      0      0  14801   2820  15678     13      0 
 06:36:01       0    275     57      -    100     21      0      0      0      0  14801   2820  15680     13      0 
 06:36:06       0    273     60      -    100     13      0      0      0      0  14801   2812  15680     13      0 
 06:36:11       0    273     58      -    100     24      0      0      0      0  14801   2812  15678     13      0 
 06:36:16       0    272     58      -    100     23      0      0      0      0  14801   2812  15678     13      0 
 06:36:21       0    189     47      -      0      0      0      0      0      0  14801   2805  15680     13      0 
 06:36:26       0    273     59      -    100     11      0      0      0      0  14801   2812  15680     13      0 
 06:36:31       0    271     61      -    100      0      0      0      0      0  14801   2805  15678     13      0 
 06:36:36       0    272     60      -    100     19      0      0      0      0  14801   2805  15678     13      0 
 06:36:41       0    265     59      -    100     13      0      0      0      0  14801   2812  15678     13      0 
 06:36:46       0    260     61      -    100      2      0      0      0      0  14801   2812  15700     13      0 
 06:36:51       0    260     60      -    100      5      0      0      0      0  14801   2812  15700     13      0 
 06:36:56       0    258     58      -    100     11      0      0      0      0  14801   2812  15700     13      0 
 06:37:01       0    258     61      -    100      2      0      0      0      0  14801   2812  15700     13      0 
 06:37:06       0    250     61      -    100      2      0      0      0      0  14801   2812  15700     13      0 
 06:37:11       0    258     60      -    100      2      0      0      0      0  14801   2812  15700     13      0 
 06:37:16       0    157     47      -     97     45      0      0      0      0  14801   2835  15682     13      0 
#Time         gpu    pwr  gtemp  mtemp     sm    mem    enc    dec    jpg    ofa   mclk   pclk     fb   bar1   ccpm 
#HH:MM:SS     Idx      W      C      C      %      %      %      %      %      %    MHz    MHz     MB     MB     MB 
 06:37:21       0     48     44      -      0      0      0      0      0      0  14801   2692  15682     13      0 
