#Time         gpu    pwr  gtemp  mtemp     sm    mem    enc    dec    jpg    ofa   mclk   pclk     fb   bar1   ccpm 
#HH:MM:SS     Idx      W      C      C      %      %      %      %      %      %    MHz    MHz     MB     MB     MB 
 05:18:17       0     16     40      -      0      6      0      0      0      0    405    195     10     10      0 
 05:18:22       0     16     39      -      0      6      0      0      0      0    405    195     10     10      0 
 05:18:27       0     15     39      -      0      6      0      0      0      0    405    195    348     13      0 
 05:18:32       0     47     40      -      1      0      0      0      0      0  14801   2692   2678     13      0 
 05:18:37       0    266     53      -    100     23      0      0      0      0  14801   2820  15064     13      0 
 05:18:42       0     49     41      -      0      0      0      0      0      0  14801   2850  15710     13      0 
 05:18:47       0     47     41      -      0      0      0      0      0      0  14801   2692  15710     13      0 
 05:18:52       0     47     41      -      0      0      0      0      0      0  14801   2692  15710     13      0 
 05:18:57       0     47     41      -      0      0      0      0      0      0  14801   2692  15710     13      0 
 05:19:02       0    113     45      -     98     49      0      0      0      0  14801   2842  15712     13      0 
 05:19:07       0    134     55      -      0      0      0      0      0      0  14801   2820  15732     13      0 
 05:19:12       0    274     58      -    100     20      0      0      0      0  14801   2820  15732     13      0 
 05:19:17       0    272     59      -    100     22      0      0      0      0  14801   2820  15690     13      0 
 05:19:22       0    270     58      -    100     11      0      0      0      0  14801   2805  15690     13      0 
 05:19:27       0    264     59      -    100     18      0      0      0      0  14801   2812  15690     13      0 
 05:19:32       0    257     58      -    100      2      0      0      0      0  14801   2812  15668     13      0 
 05:19:37       0    259     59      -    100     22      0      0      0      0  14801   2812  15668     13      0 
 05:19:42       0    259     58      -    100      2      0      0      0      0  14801   2812  15668     13      0 
 05:19:47       0    259     60      -    100      2      0      0      0      0  14801   2812  15668     13      0 
 05:19:52       0    259     58      -    100      4      0      0      0      0  14801   2812  15672     13      0 
 05:19:57       0    257     60      -    100      2      0      0      0      0  14801   2812  15672     13      0 
 05:20:02       0    259     60      -    100      2      0      0      0      0  14801   2812  15672     13      0 
 05:20:07       0    257     60      -    100      2      0      0      0      0  14801   2812  15672     13      0 
 05:20:12       0    256     57      -    100      2      0      0      0      0  14801   2812  15672     13      0 
 05:20:17       0    256     60      -    100     16      0      0      0      0  14801   2812  15692     13      0 
 05:20:22       0    257     59      -    100     12      0      0      0      0  14801   2812  15692     13      0 
 05:20:27       0    257     60      -    100      1      0      0      0      0  14801   2812  15692     13      0 
 05:20:32       0    256     59      -    100      3      0      0      0      0  14801   2812  15692     13      0 
 05:20:37       0    256     60      -    100      2      0      0      0      0  14801   2812  15692     13      0 
 05:20:42       0    256     60      -    100      1      0      0      0      0  14801   2812  15692     13      0 
 05:20:47       0    257     60      -    100     18      0      0      0      0  14801   2812  15692     13      0 
 05:20:52       0    254     60      -    100      1      0      0      0      0  14801   2812  15688     13      0 
 05:20:57       0    258     60      -    100      2      0      0      0      0  14801   2812  15688     13      0 
 05:21:02       0    256     60      -    100      1      0      0      0      0  14801   2797  15688     13      0 
 05:21:07       0    255     55      -    100      1      0      0      0      0  14801   2812  15688     13      0 
 05:21:12       0    256     60      -    100     14      0      0      0      0  14801   2812  15688     13      0 
 05:21:17       0    257     60      -    100     12      0      0      0      0  14801   2812  15688     13      0 
 05:21:22       0    256     58      -    100     16      0      0      0      0  14801   2812  15688     13      0 
 05:21:27       0    256     60      -    100      1      0      0      0      0  14801   2812  15628     13      0 
 05:21:32       0    257     60      -    100      1      0      0      0      0  14801   2812  15668     13      0 
 05:21:37       0    257     59      -    100     16      0      0      0      0  14801   2812  15668     13      0 
 05:21:42       0    256     60      -    100      1      0      0      0      0  14801   2812  15668     13      0 
 05:21:47       0    256     60      -    100      8      0      0      0      0  14801   2812  15668     13      0 
 05:21:52       0    255     60      -    100      1      0      0      0      0  14801   2812  15668     13      0 
#Time         gpu    pwr  gtemp  mtemp     sm    mem    enc    dec    jpg    ofa   mclk   pclk     fb   bar1   ccpm 
#HH:MM:SS     Idx      W      C      C      %      %      %      %      %      %    MHz    MHz     MB     MB     MB 
 05:21:57       0    255     60      -    100      1      0      0      0      0  14801   2812  15668     13      0 
 05:22:02       0    255     60      -    100      1      0      0      0      0  14801   2812  15668     13      0 
 05:22:07       0    252     55      -    100      5      0      0      0      0  14801   2812  15668     13      0 
 05:22:12       0    253     57      -    100     10      0      0      0      0  14801   2812  15668     13      0 
 05:22:17       0    258     58      -    100     26      0      0      0      0  14801   2812  15668     13      0 
 05:22:22       0    251     55      -    100      4      0      0      0      0  14801   2812  15668     13      0 
 05:22:27       0    254     60      -    100      1      0      0      0      0  14801   2812  15668     13      0 
 05:22:33       0    255     60      -    100      1      0      0      0      0  14801   2812  15668     13      0 
 05:22:38       0    254     60      -    100      1      0      0      0      0  14801   2812  15668     13      0 
 05:22:43       0    255     58      -    100     24      0      0      0      0  14801   2812  15668     13      0 
 05:22:48       0    254     60      -    100      1      0      0      0      0  14801   2812  15668     13      0 
 05:22:53       0    254     60      -    100      1      0      0      0      0  14801   2812  15668     13      0 
 05:22:58       0    254     60      -    100      1      0      0      0      0  14801   2812  15668     13      0 
 05:23:03       0    254     59      -    100      1      0      0      0      0  14801   2812  15652     13      0 
 05:23:08       0    254     60      -    100      1      0      0      0      0  14801   2812  15692     13      0 
 05:23:13       0    254     58      -    100     22      0      0      0      0  14801   2812  15692     13      0 
 05:23:18       0    254     59      -    100      1      0      0      0      0  14801   2812  15692     13      0 
 05:23:23       0    255     60      -    100      1      0      0      0      0  14801   2812  15692     13      0 
 05:23:28       0    252     56      -    100      1      0      0      0      0  14801   2812  15692     13      0 
 05:23:33       0    252     59      -    100      1      0      0      0      0  14801   2790  15692     13      0 
 05:23:38       0    255     59      -    100      1      0      0      0      0  14801   2812  15692     13      0 
 05:23:43       0    253     59      -    100      1      0      0      0      0  14801   2812  15692     13      0 
 05:23:48       0    253     59      -    100      1      0      0      0      0  14801   2782  15692     13      0 
 05:23:53       0    254     59      -    100      1      0      0      0      0  14801   2812  15692     13      0 
 05:23:58       0    253     59      -    100      1      0      0      0      0  14801   2812  15692     13      0 
 05:24:03       0    253     59      -    100      1      0      0      0      0  14801   2812  15692     13      0 
 05:24:08       0    253     59      -    100      1      0      0      0      0  14801   2790  15692     13      0 
 05:24:13       0    253     59      -    100      1      0      0      0      0  14801   2812  15692     13      0 
 05:24:18       0    253     59      -    100      1      0      0      0      0  14801   2812  15692     13      0 
 05:24:23       0    254     59      -    100      1      0      0      0      0  14801   2812  15692     13      0 
 05:24:28       0    253     59      -    100      1      0      0      0      0  14801   2812  15692     13      0 
 05:24:33       0    252     57      -    100     16      0      0      0      0  14801   2812  15692     13      0 
 05:24:38       0    256     59      -    100      1      0      0      0      0  14801   2812  15692     13      0 
 05:24:43       0    253     59      -    100      1      0      0      0      0  14801   2812  15692     13      0 
 05:24:48       0    252     59      -    100      1      0      0      0      0  14801   2812  15692     13      0 
 05:24:53       0    254     58      -    100     27      0      0      0      0  14801   2812  15692     13      0 
 05:24:58       0    252     59      -    100      1      0      0      0      0  14801   2812  15692     13      0 
 05:25:03       0    253     59      -    100      1      0      0      0      0  14801   2812  15632     13      0 
 05:25:08       0    250     55      -    100      3      0      0      0      0  14801   2812  15672     13      0 
 05:25:13       0    252     59      -    100      1      0      0      0      0  14801   2812  15672     13      0 
 05:25:18       0    253     59      -    100      1      0      0      0      0  14801   2812  15672     13      0 
 05:25:23       0    252     59      -    100      1      0      0      0      0  14801   2812  15672     13      0 
 05:25:28       0    253     59      -    100      1      0      0      0      0  14801   2812  15672     13      0 
 05:25:33       0    252     59      -    100      1      0      0      0      0  14801   2812  15672     13      0 
#Time         gpu    pwr  gtemp  mtemp     sm    mem    enc    dec    jpg    ofa   mclk   pclk     fb   bar1   ccpm 
#HH:MM:SS     Idx      W      C      C      %      %      %      %      %      %    MHz    MHz     MB     MB     MB 
 05:25:38       0    252     59      -    100      1      0      0      0      0  14801   2812  15672     13      0 
 05:25:43       0    252     58      -    100      1      0      0      0      0  14801   2782  15672     13      0 
 05:25:48       0    252     59      -    100      8      0      0      0      0  14801   2812  15672     13      0 
 05:25:53       0    256     59      -    100      1      0      0      0      0  14801   2812  15672     13      0 
 05:25:58       0    252     59      -    100      1      0      0      0      0  14801   2812  15672     13      0 
 05:26:03       0    253     59      -    100      1      0      0      0      0  14801   2812  15672     13      0 
 05:26:08       0    250     54      -    100      1      0      0      0      0  14801   2812  15672     13      0 
 05:26:13       0    252     59      -    100      1      0      0      0      0  14801   2812  15672     13      0 
 05:26:18       0    252     59      -    100      1      0      0      0      0  14801   2812  15672     13      0 
 05:26:23       0    255     59      -    100      1      0      0      0      0  14801   2812  15672     13      0 
 05:26:28       0    252     59      -    100      1      0      0      0      0  14801   2812  15672     13      0 
 05:26:33       0    251     59      -    100      1      0      0      0      0  14801   2812  15672     13      0 
 05:26:38       0    256     59      -    100      1      0      0      0      0  14801   2812  15672     13      0 
 05:26:43       0    256     59      -    100      1      0      0      0      0  14801   2812  15672     13      0 
 05:26:48       0    253     59      -    100      1      0      0      0      0  14801   2812  15672     13      0 
 05:26:53       0    251     59      -    100     16      0      0      0      0  14801   2812  15672     13      0 
 05:26:58       0    253     59      -    100      1      0      0      0      0  14801   2812  15672     13      0 
 05:27:03       0    254     59      -    100      1      0      0      0      0  14801   2782  15672     13      0 
 05:27:08       0    255     59      -    100      1      0      0      0      0  14801   2812  15672     13      0 
 05:27:13       0    255     59      -    100      1      0      0      0      0  14801   2812  15672     13      0 
 05:27:18       0    249     54      -    100      1      0      0      0      0  14801   2812  15672     13      0 
 05:27:23       0    251     59      -    100      1      0      0      0      0  14801   2812  15672     13      0 
 05:27:28       0    251     59      -    100      1      0      0      0      0  14801   2812  15690     13      0 
 05:27:33       0    251     59      -    100      1      0      0      0      0  14801   2812  15690     13      0 
 05:27:38       0    251     59      -    100      1      0      0      0      0  14801   2812  15690     13      0 
 05:27:43       0    250     59      -    100     16      0      0      0      0  14801   2812  15690     13      0 
 05:27:48       0    250     59      -    100      7      0      0      0      0  14801   2812  15690     13      0 
 05:27:53       0    251     59      -    100     21      0      0      0      0  14801   2812  15690     13      0 
 05:27:58       0    251     59      -    100      5      0      0      0      0  14801   2812  15690     13      0 
 05:28:03       0    251     59      -    100     10      0      0      0      0  14801   2812  15690     13      0 
 05:28:08       0    251     59      -    100      1      0      0      0      0  14801   2812  15690     13      0 
 05:28:13       0    251     59      -    100      1      0      0      0      0  14801   2812  15690     13      0 
 05:28:18       0    248     59      -    100      1      0      0      0      0  14801   2782  15690     13      0 
 05:28:23       0    251     58      -    100      1      0      0      0      0  14801   2812  15690     13      0 
 05:28:28       0    255     59      -    100      1      0      0      0      0  14801   2812  15690     13      0 
 05:28:33       0    255     59      -    100      1      0      0      0      0  14801   2812  15690     13      0 
 05:28:38       0    254     59      -    100      1      0      0      0      0  14801   2812  15690     13      0 
 05:28:43       0    254     59      -    100      1      0      0      0      0  14801   2782  15690     13      0 
 05:28:48       0    249     59      -    100      1      0      0      0      0  14801   2797  15654     13      0 
 05:28:53       0    250     59      -    100     11      0      0      0      0  14801   2812  15694     13      0 
 05:28:58       0    251     59      -    100      1      0      0      0      0  14801   2812  15694     13      0 
 05:29:03       0    255     59      -    100      1      0      0      0      0  14801   2812  15694     13      0 
 05:29:08       0    255     59      -    100      1      0      0      0      0  14801   2812  15694     13      0 
 05:29:13       0    250     59      -    100      1      0      0      0      0  14801   2812  15694     13      0 
#Time         gpu    pwr  gtemp  mtemp     sm    mem    enc    dec    jpg    ofa   mclk   pclk     fb   bar1   ccpm 
#HH:MM:SS     Idx      W      C      C      %      %      %      %      %      %    MHz    MHz     MB     MB     MB 
 05:29:18       0    251     59      -    100      8      0      0      0      0  14801   2812  15694     13      0 
 05:29:23       0    249     59      -    100      1      0      0      0      0  14801   2812  15694     13      0 
 05:29:28       0    254     59      -    100      1      0      0      0      0  14801   2782  15694     13      0 
 05:29:33       0    256     59      -    100      1      0      0      0      0  14801   2812  15694     13      0 
 05:29:38       0    250     59      -    100      1      0      0      0      0  14801   2812  15694     13      0 
 05:29:43       0    250     59      -    100      1      0      0      0      0  14801   2812  15694     13      0 
 05:29:48       0    255     59      -    100      1      0      0      0      0  14801   2812  15694     13      0 
 05:29:53       0    253     59      -    100      1      0      0      0      0  14801   2812  15694     13      0 
 05:29:58       0    250     59      -    100      1      0      0      0      0  14801   2812  15694     13      0 
 05:30:03       0    255     59      -    100      1      0      0      0      0  14801   2812  15694     13      0 
 05:30:08       0    255     59      -    100      1      0      0      0      0  14801   2812  15694     13      0 
 05:30:13       0    251     59      -    100     19      0      0      0      0  14801   2812  15694     13      0 
 05:30:18       0    254     59      -    100      1      0      0      0      0  14801   2812  15670     13      0 
 05:30:23       0    257     59      -    100      1      0      0      0      0  14801   2812  15670     13      0 
 05:30:28       0    249     59      -    100      1      0      0      0      0  14801   2812  15670     13      0 
 05:30:33       0    255     59      -    100      1      0      0      0      0  14801   2812  15670     13      0 
 05:30:38       0    251     59      -    100      1      0      0      0      0  14801   2812  15670     13      0 
 05:30:43       0    250     59      -    100      1      0      0      0      0  14801   2812  15670     13      0 
 05:30:48       0    255     59      -    100      1      0      0      0      0  14801   2812  15670     13      0 
 05:30:53       0    257     59      -    100      1      0      0      0      0  14801   2812  15670     13      0 
 05:30:58       0    251     59      -    100      2      0      0      0      0  14801   2812  15670     13      0 
 05:31:03       0    254     59      -    100      1      0      0      0      0  14801   2812  15670     13      0 
 05:31:08       0    250     59      -    100      1      0      0      0      0  14801   2812  15670     13      0 
 05:31:13       0    253     59      -    100      1      0      0      0      0  14801   2782  15670     13      0 
 05:31:18       0    250     59      -    100      1      0      0      0      0  14801   2812  15670     13      0 
 05:31:23       0    255     59      -    100      1      0      0      0      0  14801   2812  15670     13      0 
 05:31:28       0    249     59      -    100      1      0      0      0      0  14801   2812  15670     13      0 
 05:31:33       0    255     59      -    100      1      0      0      0      0  14801   2812  15670     13      0 
 05:31:38       0    249     59      -    100      1      0      0      0      0  14801   2812  15670     13      0 
 05:31:43       0    255     59      -    100      1      0      0      0      0  14801   2812  15670     13      0 
 05:31:48       0    249     59      -    100      1      0      0      0      0  14801   2812  15632     13      0 
 05:31:53       0    255     59      -    100      1      0      0      0      0  14801   2812  15672     13      0 
 05:31:58       0    250     59      -    100      1      0      0      0      0  14801   2812  15672     13      0 
 05:32:03       0    254     59      -    100      1      0      0      0      0  14801   2812  15672     13      0 
 05:32:08       0    249     59      -    100      1      0      0      0      0  14801   2812  15672     13      0 
 05:32:13       0    192     58      -    100      2      0      0      0      0  14801   2790  15672     13      0 
 05:32:18       0     51     44      -      0      0      0      0      0      0  14801   2835  15688     13      0 
 05:32:23       0    275     58      -    100     14      0      0      0      0  14801   2812  15688     13      0 
 05:32:28       0    273     59      -    100      3      0      0      0      0  14801   2812  15688     13      0 
 05:32:33       0    273     60      -    100      2      0      0      0      0  14801   2812  15690     13      0 
 05:32:38       0    270     60      -    100      2      0      0      0      0  14801   2812  15690     13      0 
 05:32:43       0    259     58      -    100     18      0      0      0      0  14801   2812  15666     13      0 
 05:32:48       0    260     57      -    100     22      0      0      0      0  14801   2812  15668     13      0 
 05:32:54       0    259     58      -    100     21      0      0      0      0  14801   2812  15668     13      0 
#Time         gpu    pwr  gtemp  mtemp     sm    mem    enc    dec    jpg    ofa   mclk   pclk     fb   bar1   ccpm 
#HH:MM:SS     Idx      W      C      C      %      %      %      %      %      %    MHz    MHz     MB     MB     MB 
 05:32:59       0    258     59      -    100     14      0      0      0      0  14801   2812  15668     13      0 
 05:33:04       0    258     60      -    100      2      0      0      0      0  14801   2812  15672     13      0 
 05:33:09       0    257     60      -    100      2      0      0      0      0  14801   2812  15672     13      0 
 05:33:14       0    257     58      -    100     16      0      0      0      0  14801   2812  15672     13      0 
 05:33:19       0    257     60      -    100     14      0      0      0      0  14801   2812  15672     13      0 
 05:33:24       0    259     60      -    100      2      0      0      0      0  14801   2812  15672     13      0 
 05:33:29       0    257     60      -    100     11      0      0      0      0  14801   2812  15672     13      0 
 05:33:34       0    259     57      -    100     22      0      0      0      0  14801   2812  15692     13      0 
 05:33:39       0    255     60      -    100      1      0      0      0      0  14801   2812  15692     13      0 
 05:33:44       0    257     60      -    100      2      0      0      0      0  14801   2812  15692     13      0 
 05:33:49       0    254     60      -    100      1      0      0      0      0  14801   2812  15692     13      0 
 05:33:54       0    258     59      -    100     24      0      0      0      0  14801   2812  15692     13      0 
 05:33:59       0    257     60      -    100      2      0      0      0      0  14801   2812  15692     13      0 
 05:34:04       0    256     60      -    100      1      0      0      0      0  14801   2812  15688     13      0 
 05:34:09       0    258     60      -    100      1      0      0      0      0  14801   2812  15688     13      0 
 05:34:14       0    256     60      -    100      1      0      0      0      0  14801   2812  15688     13      0 
 05:34:19       0    255     60      -    100      7      0      0      0      0  14801   2812  15688     13      0 
 05:34:24       0    257     60      -    100      1      0      0      0      0  14801   2812  15688     13      0 
 05:34:29       0    255     60      -    100      1      0      0      0      0  14801   2812  15688     13      0 
 05:34:34       0    256     60      -    100      1      0      0      0      0  14801   2812  15688     13      0 
 05:34:39       0    258     60      -    100      1      0      0      0      0  14801   2812  15688     13      0 
 05:34:44       0    255     58      -    100     18      0      0      0      0  14801   2812  15668     13      0 
 05:34:49       0    255     60      -    100      1      0      0      0      0  14801   2812  15668     13      0 
 05:34:54       0    257     60      -    100      1      0      0      0      0  14801   2812  15668     13      0 
 05:34:59       0    255     60      -    100      1      0      0      0      0  14801   2812  15668     13      0 
 05:35:04       0    257     59      -    100     15      0      0      0      0  14801   2812  15668     13      0 
 05:35:09       0    255     60      -    100      1      0      0      0      0  14801   2812  15668     13      0 
 05:35:14       0    256     60      -    100      1      0      0      0      0  14801   2812  15668     13      0 
 05:35:19       0    255     60      -    100      1      0      0      0      0  14801   2812  15668     13      0 
 05:35:24       0    252     60      -    100      1      0      0      0      0  14801   2812  15668     13      0 
 05:35:29       0    253     60      -    100      1      0      0      0      0  14801   2812  15668     13      0 
 05:35:34       0    254     60      -    100      1      0      0      0      0  14801   2812  15668     13      0 
 05:35:39       0    256     60      -    100      1      0      0      0      0  14801   2812  15668     13      0 
 05:35:44       0    255     60      -    100      1      0      0      0      0  14801   2812  15668     13      0 
 05:35:49       0    254     60      -    100      1      0      0      0      0  14801   2812  15668     13      0 
 05:35:54       0    254     59      -    100      7      0      0      0      0  14801   2782  15668     13      0 
 05:35:59       0    254     60      -    100      1      0      0      0      0  14801   2812  15668     13      0 
 05:36:04       0    255     60      -    100      1      0      0      0      0  14801   2812  15668     13      0 
 05:36:09       0    253     59      -    100      9      0      0      0      0  14801   2782  15668     13      0 
 05:36:14       0    254     59      -    100      1      0      0      0      0  14801   2812  15668     13      0 
 05:36:19       0    254     59      -    100      1      0      0      0      0  14801   2812  15692     13      0 
 05:36:24       0    255     59      -    100      1      0      0      0      0  14801   2812  15692     13      0 
 05:36:29       0    255     59      -    100      1      0      0      0      0  14801   2812  15692     13      0 
 05:36:34       0    254     59      -    100     21      0      0      0      0  14801   2812  15692     13      0 
#Time         gpu    pwr  gtemp  mtemp     sm    mem    enc    dec    jpg    ofa   mclk   pclk     fb   bar1   ccpm 
#HH:MM:SS     Idx      W      C      C      %      %      %      %      %      %    MHz    MHz     MB     MB     MB 
 05:36:39       0    254     59      -    100      1      0      0      0      0  14801   2812  15692     13      0 
 05:36:44       0    254     56      -    100      1      0      0      0      0  14801   2812  15692     13      0 
 05:36:49       0    253     59      -    100      1      0      0      0      0  14801   2812  15692     13      0 
 05:36:54       0    254     59      -    100      1      0      0      0      0  14801   2812  15692     13      0 
 05:36:59       0    254     59      -    100     22      0      0      0      0  14801   2812  15692     13      0 
 05:37:04       0    254     59      -    100      1      0      0      0      0  14801   2812  15692     13      0 
 05:37:09       0    253     59      -    100      1      0      0      0      0  14801   2812  15692     13      0 
 05:37:14       0    253     59      -    100      1      0      0      0      0  14801   2812  15652     13      0 
 05:37:19       0    252     59      -    100      1      0      0      0      0  14801   2782  15692     13      0 
 05:37:24       0    253     59      -    100      1      0      0      0      0  14801   2812  15692     13      0 
 05:37:29       0    254     59      -    100     22      0      0      0      0  14801   2812  15692     13      0 
 05:37:34       0    253     59      -    100     14      0      0      0      0  14801   2812  15692     13      0 
 05:37:39       0    253     59      -    100      1      0      0      0      0  14801   2812  15692     13      0 
 05:37:44       0    253     53      -    100      1      0      0      0      0  14801   2812  15692     13      0 
 05:37:49       0    255     59      -    100      1      0      0      0      0  14801   2812  15692     13      0 
 05:37:54       0    252     59      -    100      1      0      0      0      0  14801   2812  15692     13      0 
 05:37:59       0    253     59      -    100     26      0      0      0      0  14801   2812  15692     13      0 
 05:38:04       0    252     59      -    100      1      0      0      0      0  14801   2812  15692     13      0 
 05:38:09       0    255     59      -    100      1      0      0      0      0  14801   2782  15692     13      0 
 05:38:14       0    253     59      -    100      2      0      0      0      0  14801   2812  15692     13      0 
 05:38:19       0    252     58      -    100      1      0      0      0      0  14801   2812  15672     13      0 
 05:38:24       0    254     59      -    100      1      0      0      0      0  14801   2812  15672     13      0 
 05:38:29       0    252     59      -    100      1      0      0      0      0  14801   2812  15672     13      0 
 05:38:34       0    255     59      -    100      1      0      0      0      0  14801   2812  15672     13      0 
 05:38:39       0    252     59      -    100     19      0      0      0      0  14801   2812  15672     13      0 
 05:38:44       0    255     59      -    100      1      0      0      0      0  14801   2812  15672     13      0 
 05:38:49       0    253     59      -    100     11      0      0      0      0  14801   2812  15672     13      0 
 05:38:54       0    255     59      -    100      1      0      0      0      0  14801   2812  15672     13      0 
 05:38:59       0    253     59      -    100     20      0      0      0      0  14801   2812  15672     13      0 
 05:39:04       0    256     59      -    100      1      0      0      0      0  14801   2812  15672     13      0 
 05:39:09       0    252     59      -    100      1      0      0      0      0  14801   2812  15672     13      0 
 05:39:14       0    252     59      -    100      1      0      0      0      0  14801   2812  15672     13      0 
 05:39:19       0    255     59      -    100      1      0      0      0      0  14801   2812  15672     13      0 
 05:39:24       0    253     59      -    100      3      0      0      0      0  14801   2812  15672     13      0 
 05:39:29       0    252     59      -    100      1      0      0      0      0  14801   2812  15672     13      0 
 05:39:34       0    254     59      -    100      1      0      0      0      0  14801   2812  15672     13      0 
 05:39:39       0    252     59      -    100      1      0      0      0      0  14801   2812  15672     13      0 
 05:39:44       0    252     59      -    100      1      0      0      0      0  14801   2812  15672     13      0 
 05:39:49       0    255     59      -    100      1      0      0      0      0  14801   2812  15672     13      0 
 05:39:54       0    255     59      -    100      1      0      0      0      0  14801   2812  15672     13      0 
 05:39:59       0    251     59      -    100      1      0      0      0      0  14801   2812  15672     13      0 
 05:40:04       0    251     59      -    100     21      0      0      0      0  14801   2812  15672     13      0 
 05:40:09       0    252     59      -    100      1      0      0      0      0  14801   2812  15672     13      0 
 05:40:14       0    256     59      -    100      1      0      0      0      0  14801   2812  15672     13      0 
#Time         gpu    pwr  gtemp  mtemp     sm    mem    enc    dec    jpg    ofa   mclk   pclk     fb   bar1   ccpm 
#HH:MM:SS     Idx      W      C      C      %      %      %      %      %      %    MHz    MHz     MB     MB     MB 
 05:40:19       0    256     59      -    100      1      0      0      0      0  14801   2812  15672     13      0 
 05:40:24       0    249     54      -    100      1      0      0      0      0  14801   2812  15672     13      0 
 05:40:29       0    252     59      -    100      1      0      0      0      0  14801   2812  15672     13      0 
 05:40:34       0    251     59      -    100      1      0      0      0      0  14801   2812  15672     13      0 
 05:40:39       0    252     59      -    100     24      0      0      0      0  14801   2812  15672     13      0 
 05:40:44       0    251     59      -    100     15      0      0      0      0  14801   2812  15690     13      0 
 05:40:49       0    255     59      -    100      1      0      0      0      0  14801   2812  15690     13      0 
 05:40:54       0    255     59      -    100      1      0      0      0      0  14801   2812  15690     13      0 
 05:40:59       0    256     59      -    100      1      0      0      0      0  14801   2812  15690     13      0 
 05:41:04       0    255     59      -    100      1      0      0      0      0  14801   2812  15690     13      0 
 05:41:09       0    253     59      -    100      1      0      0      0      0  14801   2782  15690     13      0 
 05:41:14       0    255     59      -    100      1      0      0      0      0  14801   2812  15690     13      0 
 05:41:19       0    256     59      -    100      1      0      0      0      0  14801   2812  15690     13      0 
 05:41:24       0    255     59      -    100      1      0      0      0      0  14801   2812  15690     13      0 
 05:41:29       0    257     59      -    100      1      0      0      0      0  14801   2812  15690     13      0 
 05:41:34       0    251     59      -    100      1      0      0      0      0  14801   2812  15690     13      0 
 05:41:39       0    252     59      -    100      1      0      0      0      0  14801   2812  15690     13      0 
 05:41:44       0    251     59      -    100      1      0      0      0      0  14801   2812  15690     13      0 
 05:41:49       0    252     59      -    100      1      0      0      0      0  14801   2812  15690     13      0 
 05:41:54       0    250     59      -    100      1      0      0      0      0  14801   2812  15690     13      0 
 05:41:59       0    251     56      -    100     22      0      0      0      0  14801   2812  15690     13      0 
 05:42:04       0    252     59      -    100      1      0      0      0      0  14801   2782  15694     13      0 
 05:42:09       0    255     59      -    100      1      0      0      0      0  14801   2812  15694     13      0 
 05:42:14       0    250     59      -    100      1      0      0      0      0  14801   2812  15694     13      0 
 05:42:19       0    249     59      -    100      1      0      0      0      0  14801   2812  15694     13      0 
 05:42:24       0    250     58      -    100      3      0      0      0      0  14801   2812  15694     13      0 
 05:42:29       0    255     59      -    100      1      0      0      0      0  14801   2812  15694     13      0 
 05:42:34       0    255     59      -    100      1      0      0      0      0  14801   2812  15694     13      0 
 05:42:40       0    250     59      -    100      1      0      0      0      0  14801   2812  15694     13      0 
 05:42:45       0    251     59      -    100      1      0      0      0      0  14801   2812  15694     13      0 
 05:42:50       0    255     59      -    100      1      0      0      0      0  14801   2812  15694     13      0 
 05:42:55       0    255     59      -    100      1      0      0      0      0  14801   2812  15694     13      0 
 05:43:00       0    249     59      -    100      1      0      0      0      0  14801   2782  15694     13      0 
 05:43:05       0    251     59      -    100      1      0      0      0      0  14801   2812  15694     13      0 
 05:43:10       0    254     59      -    100      1      0      0      0      0  14801   2812  15694     13      0 
 05:43:15       0    250     59      -    100      1      0      0      0      0  14801   2812  15694     13      0 
 05:43:20       0    250     59      -    100      1      0      0      0      0  14801   2812  15694     13      0 
 05:43:25       0    255     59      -    100      1      0      0      0      0  14801   2812  15694     13      0 
 05:43:30       0    254     59      -    100      1      0      0      0      0  14801   2812  15630     13      0 
 05:43:35       0    249     59      -    100      1      0      0      0      0  14801   2812  15670     13      0 
 05:43:40       0    255     59      -    100      1      0      0      0      0  14801   2812  15670     13      0 
 05:43:45       0    249     59      -    100      1      0      0      0      0  14801   2812  15670     13      0 
 05:43:50       0    251     59      -    100      1      0      0      0      0  14801   2812  15670     13      0 
 05:43:55       0    254     59      -    100      1      0      0      0      0  14801   2812  15670     13      0 
#Time         gpu    pwr  gtemp  mtemp     sm    mem    enc    dec    jpg    ofa   mclk   pclk     fb   bar1   ccpm 
#HH:MM:SS     Idx      W      C      C      %      %      %      %      %      %    MHz    MHz     MB     MB     MB 
 05:44:00       0    250     59      -    100      1      0      0      0      0  14801   2812  15670     13      0 
 05:44:05       0    255     59      -    100      1      0      0      0      0  14801   2797  15670     13      0 
 05:44:10       0    250     59      -    100      1      0      0      0      0  14801   2812  15670     13      0 
 05:44:15       0    251     57      -    100     19      0      0      0      0  14801   2812  15670     13      0 
 05:44:20       0    255     59      -    100      1      0      0      0      0  14801   2812  15670     13      0 
 05:44:25       0    251     59      -    100      1      0      0      0      0  14801   2812  15670     13      0 
 05:44:30       0    254     59      -    100      1      0      0      0      0  14801   2812  15670     13      0 
 05:44:35       0    250     59      -    100      1      0      0      0      0  14801   2812  15670     13      0 
 05:44:40       0    255     59      -    100      1      0      0      0      0  14801   2812  15670     13      0 
 05:44:45       0    249     59      -    100      1      0      0      0      0  14801   2812  15670     13      0 
 05:44:50       0    256     59      -    100      1      0      0      0      0  14801   2812  15670     13      0 
 05:44:55       0    249     59      -    100      1      0      0      0      0  14801   2812  15670     13      0 
 05:45:00       0    255     59      -    100      1      0      0      0      0  14801   2812  15670     13      0 
 05:45:05       0    249     59      -    100      1      0      0      0      0  14801   2812  15672     13      0 
 05:45:10       0    255     59      -    100      1      0      0      0      0  14801   2812  15672     13      0 
 05:45:15       0    250     59      -    100      1      0      0      0      0  14801   2812  15672     13      0 
 05:45:20       0    255     59      -    100      1      0      0      0      0  14801   2812  15672     13      0 
 05:45:25       0    250     59      -    100      1      0      0      0      0  14801   2812  15672     13      0 
 05:45:30       0    174     46      -      0      0      0      0      0      0  14801   2835  15688     13      0 
 05:45:35       0     47     43      -      0      0      0      0      0      0  14801   2692  15688     13      0 
