#Time         gpu    pwr  gtemp  mtemp     sm    mem    enc    dec    jpg    ofa   mclk   pclk     fb   bar1   ccpm 
#HH:MM:SS     Idx      W      C      C      %      %      %      %      %      %    MHz    MHz     MB     MB     MB 
 04:53:40       0     47     36      -      0      0      0      0      0      0  15001   2850     10     10      0 
 04:53:45       0     14     34      -      0      3      0      0      0      0    810    195     10     10      0 
 04:53:50       0     19     35      -      0      6      0      0      0      0  14801    585    278     13      0 
 04:53:55       0     46     36      -      0      0      0      0      0      0  14801   2692   2678     13      0 
 04:54:00       0     46     36      -      0      0      0      0      0      0  14801   2692   4944     13      0 
 04:54:05       0     68     36      -      0      0      0      0      0      0  14801   2850   5228     13      0 
 04:54:10       0     93     39      -      0      0      0      0      0      0  14801   2850   5228     13      0 
 04:54:15       0     57     37      -     11      1      0      0      0      0  14801   2850   5230     13      0 
 04:54:20       0    267     50      -    100     20      0      0      0      0  14801   2827  15066     13      0 
 04:54:25       0    158     50      -     22      6      0      0      0      0  14801   2827  15710     13      0 
 04:54:30       0     46     38      -      0      0      0      0      0      0  14801   2692  15710     13      0 
 04:54:35       0     46     38      -      0      0      0      0      0      0  14801   2692  15710     13      0 
 04:54:40       0     46     38      -      0      0      0      0      0      0  14801   2692  15710     13      0 
 04:54:45       0     16     37      -      0      3      0      0      0      0    810    225  15710     13      0 
 04:54:50       0    272     51      -    100     20      0      0      0      0  14801   2820  15732     13      0 
 04:54:55       0    270     54      -    100     21      0      0      0      0  14801   2820  15732     13      0 
 04:55:00       0    271     54      -    100     14      0      0      0      0  14801   2820  15732     13      0 
 04:55:05       0    228     48      -    100     20      0      0      0      0  14801   2797  15690     13      0 
 04:55:10       0    209     43      -    100     24      0      0      0      0  14801   2835  15692     13      0 
 04:55:15       0    274     56      -    100     19      0      0      0      0  14801   2820  15692     13      0 
 04:55:20       0    273     58      -    100     20      0      0      0      0  14801   2820  15650     13      0 
 04:55:25       0    239     56      -    100     23      0      0      0      0  14801   2820  15692     13      0 
 04:55:30       0    174     49      -     97     50      0      0      0      0  14801   2797  15694     13      0 
 04:55:35       0    195     50      -     97     56      0      0      0      0  14801   2797  15694     13      0 
 04:55:40       0    195     50      -     97     56      0      0      0      0  14801   2797  15694     13      0 
 04:55:45       0    195     50      -     97     57      0      0      0      0  14801   2797  15694     13      0 
 04:55:50       0    196     50      -     97     57      0      0      0      0  14801   2797  15694     13      0 
 04:55:55       0    196     50      -     97     56      0      0      0      0  14801   2797  15694     13      0 
 04:56:00       0    196     50      -     97     56      0      0      0      0  14801   2797  15694     13      0 
 04:56:05       0    196     50      -     97     57      0      0      0      0  14801   2797  15694     13      0 
 04:56:10       0    196     50      -     97     57      0      0      0      0  14801   2797  15694     13      0 
 04:56:15       0    196     51      -     97     57      0      0      0      0  14801   2797  15694     13      0 
 04:56:20       0    196     51      -     97     57      0      0      0      0  14801   2797  15694     13      0 
 04:56:25       0    197     51      -     97     57      0      0      0      0  14801   2797  15694     13      0 
 04:56:30       0    197     51      -     97     57      0      0      0      0  14801   2797  15694     13      0 
 04:56:35       0    197     51      -     97     57      0      0      0      0  14801   2797  15694     13      0 
 04:56:40       0    197     51      -     97     57      0      0      0      0  14801   2797  15694     13      0 
 04:56:45       0    197     51      -     97     57      0      0      0      0  14801   2797  15694     13      0 
 04:56:50       0    197     52      -     97     57      0      0      0      0  14801   2797  15694     13      0 
 04:56:55       0    197     52      -     97     57      0      0      0      0  14801   2797  15694     13      0 
 04:57:00       0    197     52      -     97     57      0      0      0      0  14801   2797  15694     13      0 
 04:57:05       0    198     52      -     97     57      0      0      0      0  14801   2797  15694     13      0 
 04:57:10       0    198     52      -     97     57      0      0      0      0  14801   2797  15694     13      0 
 04:57:15       0    198     52      -     97     57      0      0      0      0  14801   2797  15694     13      0 
#Time         gpu    pwr  gtemp  mtemp     sm    mem    enc    dec    jpg    ofa   mclk   pclk     fb   bar1   ccpm 
#HH:MM:SS     Idx      W      C      C      %      %      %      %      %      %    MHz    MHz     MB     MB     MB 
 04:57:20       0    198     53      -     97     57      0      0      0      0  14801   2797  15694     13      0 
 04:57:25       0    198     53      -     97     57      0      0      0      0  14801   2790  15694     13      0 
 04:57:30       0    198     53      -     97     57      0      0      0      0  14801   2790  15694     13      0 
 04:57:35       0    199     53      -     97     57      0      0      0      0  14801   2790  15694     13      0 
 04:57:40       0    199     53      -     97     57      0      0      0      0  14801   2790  15694     13      0 
 04:57:45       0    199     53      -     97     57      0      0      0      0  14801   2790  15694     13      0 
 04:57:50       0    199     53      -     97     57      0      0      0      0  14801   2790  15694     13      0 
 04:57:55       0    199     53      -     97     57      0      0      0      0  14801   2790  15694     13      0 
 04:58:00       0    199     54      -     97     57      0      0      0      0  14801   2790  15694     13      0 
 04:58:05       0    199     54      -     97     57      0      0      0      0  14801   2790  15694     13      0 
 04:58:10       0    199     54      -     97     57      0      0      0      0  14801   2790  15694     13      0 
 04:58:15       0    199     54      -     97     57      0      0      0      0  14801   2790  15694     13      0 
 04:58:20       0    200     54      -     97     57      0      0      0      0  14801   2790  15694     13      0 
 04:58:25       0    200     54      -     97     57      0      0      0      0  14801   2790  15694     13      0 
 04:58:30       0    200     54      -     97     57      0      0      0      0  14801   2790  15694     13      0 
 04:58:35       0    200     54      -     97     57      0      0      0      0  14801   2790  15694     13      0 
 04:58:40       0    200     54      -     97     57      0      0      0      0  14801   2790  15694     13      0 
 04:58:45       0    200     54      -     97     57      0      0      0      0  14801   2790  15694     13      0 
 04:58:50       0    200     54      -     97     57      0      0      0      0  14801   2790  15694     13      0 
 04:58:55       0    200     54      -     97     57      0      0      0      0  14801   2790  15694     13      0 
 04:59:00       0    200     54      -     97     57      0      0      0      0  14801   2790  15694     13      0 
 04:59:05       0    200     54      -     97     57      0      0      0      0  14801   2790  15694     13      0 
 04:59:10       0    200     54      -     97     57      0      0      0      0  14801   2790  15694     13      0 
 04:59:15       0    200     54      -     97     57      0      0      0      0  14801   2790  15694     13      0 
 04:59:20       0    200     54      -     97     57      0      0      0      0  14801   2790  15694     13      0 
 04:59:25       0    200     55      -     97     57      0      0      0      0  14801   2790  15026     13      0 
 04:59:30       0    200     55      -     97     57      0      0      0      0  14801   2790  15026     13      0 
 04:59:35       0    200     55      -     97     57      0      0      0      0  14801   2790  15026     13      0 
 04:59:40       0    200     55      -     97     57      0      0      0      0  14801   2790  15026     13      0 
 04:59:45       0    201     55      -     97     57      0      0      0      0  14801   2790  15026     13      0 
 04:59:50       0    201     55      -     97     57      0      0      0      0  14801   2790  15026     13      0 
 04:59:55       0    201     55      -     97     57      0      0      0      0  14801   2790  15026     13      0 
 05:00:00       0    201     55      -     97     57      0      0      0      0  14801   2790  15026     13      0 
 05:00:05       0    201     55      -     97     57      0      0      0      0  14801   2790  15026     13      0 
 05:00:10       0    201     55      -     97     57      0      0      0      0  14801   2790  15026     13      0 
 05:00:15       0    201     55      -     97     57      0      0      0      0  14801   2790  15026     13      0 
 05:00:20       0    201     55      -     97     57      0      0      0      0  14801   2790  15026     13      0 
 05:00:25       0    201     55      -     97     57      0      0      0      0  14801   2790  15026     13      0 
 05:00:30       0    201     55      -     97     57      0      0      0      0  14801   2790  15026     13      0 
 05:00:35       0    201     55      -     97     57      0      0      0      0  14801   2790  15026     13      0 
 05:00:40       0    201     55      -     97     57      0      0      0      0  14801   2790  15026     13      0 
 05:00:45       0    201     55      -     97     57      0      0      0      0  14801   2790  15026     13      0 
 05:00:50       0    201     55      -     97     57      0      0      0      0  14801   2790  15026     13      0 
 05:00:55       0    201     55      -     97     57      0      0      0      0  14801   2790  15026     13      0 
#Time         gpu    pwr  gtemp  mtemp     sm    mem    enc    dec    jpg    ofa   mclk   pclk     fb   bar1   ccpm 
#HH:MM:SS     Idx      W      C      C      %      %      %      %      %      %    MHz    MHz     MB     MB     MB 
 05:01:00       0    201     55      -     97     57      0      0      0      0  14801   2790  15026     13      0 
 05:01:05       0    201     55      -     98     57      0      0      0      0  14801   2790  15026     13      0 
 05:01:10       0    174     53      -     71     31      0      0      0      0  14801   2790  15034     13      0 
 05:01:15       0    183     53      -     98     52      0      0      0      0  14801   2782  15034     13      0 
 05:01:20       0    160     52      -     98     48      0      0      0      0  14801   2782  15034     13      0 
 05:01:25       0    277     59      -    100     16      0      0      0      0  14801   2812  15694     13      0 
 05:01:30       0    277     63      -    100      2      0      0      0      0  14801   2805  15694     13      0 
 05:01:35       0    278     61      -    100     24      0      0      0      0  14801   2805  15690     13      0 
 05:01:40       0    181     60      -    100     11      0      0      0      0  14801   2805  15690     13      0 
 05:01:45       0    280     59      -    100     23      0      0      0      0  14801   2812  15694     13      0 
 05:01:50       0    275     59      -    100     18      0      0      0      0  14801   2805  15690     13      0 
 05:01:55       0    276     62      -    100      0      0      0      0      0  14801   2790  15690     13      0 
 05:02:00       0    215     48      -      0      0      0      0      0      0  14801   2805  15692     13      0 
 05:02:05       0    278     59      -    100     22      0      0      0      0  14801   2812  15692     13      0 
 05:02:10       0    277     58      -    100     23      0      0      0      0  14801   2805  15690     13      0 
 05:02:15       0    275     62      -    100      1      0      0      0      0  14801   2812  15690     13      0 
 05:02:20       0    187     53      -     98     56      0      0      0      0  14801   2790  15690     13      0 
 05:02:25       0    202     52      -     97     58      0      0      0      0  14801   2790  15690     13      0 
 05:02:30       0    202     52      -     97     58      0      0      0      0  14801   2790  15690     13      0 
 05:02:36       0    201     52      -     97     58      0      0      0      0  14801   2797  15690     13      0 
 05:02:41       0    201     51      -     98     58      0      0      0      0  14801   2797  15690     13      0 
 05:02:46       0    201     51      -     97     58      0      0      0      0  14801   2797  15690     13      0 
 05:02:51       0    201     51      -     97     58      0      0      0      0  14801   2797  15690     13      0 
 05:02:56       0    201     51      -     98     58      0      0      0      0  14801   2797  15690     13      0 
 05:03:01       0    201     51      -     98     58      0      0      0      0  14801   2797  15690     13      0 
 05:03:06       0    201     51      -     98     58      0      0      0      0  14801   2797  15690     13      0 
 05:03:11       0    201     50      -     97     58      0      0      0      0  14801   2797  15690     13      0 
 05:03:16       0    201     50      -     98     58      0      0      0      0  14801   2797  15690     13      0 
 05:03:21       0    201     50      -     98     58      0      0      0      0  14801   2797  15690     13      0 
 05:03:26       0    201     50      -     98     58      0      0      0      0  14801   2797  15690     13      0 
 05:03:31       0    201     50      -     98     58      0      0      0      0  14801   2797  15690     13      0 
 05:03:36       0    201     50      -     98     58      0      0      0      0  14801   2797  15690     13      0 
 05:03:41       0    201     50      -     98     58      0      0      0      0  14801   2797  15690     13      0 
 05:03:46       0    201     50      -     98     58      0      0      0      0  14801   2797  15690     13      0 
 05:03:51       0    201     50      -     98     58      0      0      0      0  14801   2797  15690     13      0 
 05:03:56       0    201     51      -     97     58      0      0      0      0  14801   2797  15690     13      0 
 05:04:01       0    201     51      -     98     58      0      0      0      0  14801   2797  15690     13      0 
 05:04:06       0    201     51      -     98     58      0      0      0      0  14801   2797  15004     13      0 
 05:04:11       0    201     51      -     97     58      0      0      0      0  14801   2797  15004     13      0 
 05:04:16       0    201     51      -     98     58      0      0      0      0  14801   2797  15004     13      0 
 05:04:21       0    201     51      -     97     58      0      0      0      0  14801   2797  15004     13      0 
 05:04:26       0    201     51      -     97     58      0      0      0      0  14801   2797  15004     13      0 
 05:04:31       0    201     51      -     98     58      0      0      0      0  14801   2797  15004     13      0 
 05:04:36       0    201     51      -     98     58      0      0      0      0  14801   2797  15004     13      0 
#Time         gpu    pwr  gtemp  mtemp     sm    mem    enc    dec    jpg    ofa   mclk   pclk     fb   bar1   ccpm 
#HH:MM:SS     Idx      W      C      C      %      %      %      %      %      %    MHz    MHz     MB     MB     MB 
 05:04:41       0    201     51      -     97     58      0      0      0      0  14801   2797  15004     13      0 
 05:04:46       0    201     51      -     98     58      0      0      0      0  14801   2797  15004     13      0 
 05:04:51       0    202     51      -     97     58      0      0      0      0  14801   2797  15004     13      0 
 05:04:56       0    202     52      -     98     58      0      0      0      0  14801   2797  15004     13      0 
 05:05:01       0    202     52      -     97     58      0      0      0      0  14801   2797  15004     13      0 
 05:05:06       0    202     52      -     97     58      0      0      0      0  14801   2797  15004     13      0 
 05:05:11       0    202     52      -     98     58      0      0      0      0  14801   2797  15004     13      0 
 05:05:16       0    202     52      -     97     58      0      0      0      0  14801   2797  15004     13      0 
 05:05:21       0    202     52      -     98     58      0      0      0      0  14801   2797  15004     13      0 
 05:05:26       0    202     52      -     98     58      0      0      0      0  14801   2797  15004     13      0 
 05:05:31       0    202     52      -     97     58      0      0      0      0  14801   2797  15004     13      0 
 05:05:36       0    202     52      -     98     58      0      0      0      0  14801   2797  15004     13      0 
 05:05:41       0    202     52      -     97     58      0      0      0      0  14801   2790  15004     13      0 
 05:05:46       0    202     53      -     97     58      0      0      0      0  14801   2790  15004     13      0 
 05:05:51       0    202     53      -     98     58      0      0      0      0  14801   2790  15004     13      0 
 05:05:56       0    203     53      -     98     58      0      0      0      0  14801   2790  15004     13      0 
 05:06:01       0    202     53      -     98     58      0      0      0      0  14801   2790  15004     13      0 
 05:06:06       0    203     53      -     97     58      0      0      0      0  14801   2790  15004     13      0 
 05:06:11       0    203     53      -     98     58      0      0      0      0  14801   2790  15004     13      0 
 05:06:16       0    203     53      -     98     58      0      0      0      0  14801   2790  15004     13      0 
 05:06:21       0    203     53      -     98     58      0      0      0      0  14801   2790  15004     13      0 
 05:06:26       0    203     53      -     98     58      0      0      0      0  14801   2790  15004     13      0 
 05:06:31       0    203     53      -     98     58      0      0      0      0  14801   2790  15004     13      0 
 05:06:36       0    203     53      -     98     58      0      0      0      0  14801   2790  15004     13      0 
 05:06:41       0    203     53      -     98     58      0      0      0      0  14801   2790  15004     13      0 
 05:06:46       0    203     54      -     97     58      0      0      0      0  14801   2790  15004     13      0 
 05:06:51       0    204     54      -     98     58      0      0      0      0  14801   2790  15004     13      0 
 05:06:56       0    203     54      -     98     58      0      0      0      0  14801   2790  15004     13      0 
 05:07:01       0    204     54      -     97     58      0      0      0      0  14801   2790  15004     13      0 
 05:07:06       0    204     54      -     97     58      0      0      0      0  14801   2790  15004     13      0 
 05:07:11       0    204     54      -     98     58      0      0      0      0  14801   2790  15004     13      0 
 05:07:16       0    204     54      -     98     58      0      0      0      0  14801   2790  15004     13      0 
 05:07:21       0    204     54      -     98     58      0      0      0      0  14801   2790  15004     13      0 
 05:07:26       0    204     54      -     98     58      0      0      0      0  14801   2790  15004     13      0 
 05:07:31       0    204     54      -     98     58      0      0      0      0  14801   2790  15004     13      0 
 05:07:36       0    204     54      -     98     58      0      0      0      0  14801   2790  15004     13      0 
 05:07:41       0    205     54      -     98     58      0      0      0      0  14801   2790  15004     13      0 
 05:07:46       0    205     54      -     98     58      0      0      0      0  14801   2790  15004     13      0 
 05:07:51       0    205     54      -     98     59      0      0      0      0  14801   2790  15004     13      0 
 05:07:56       0    205     54      -     98     58      0      0      0      0  14801   2790  15004     13      0 
 05:08:01       0    205     54      -     98     58      0      0      0      0  14801   2790  15004     13      0 
 05:08:06       0    204     54      -     97     58      0      0      0      0  14801   2790  15004     13      0 
 05:08:11       0    205     54      -     98     58      0      0      0      0  14801   2790  15004     13      0 
 05:08:16       0    205     54      -     98     59      0      0      0      0  14801   2790  15004     13      0 
#Time         gpu    pwr  gtemp  mtemp     sm    mem    enc    dec    jpg    ofa   mclk   pclk     fb   bar1   ccpm 
#HH:MM:SS     Idx      W      C      C      %      %      %      %      %      %    MHz    MHz     MB     MB     MB 
 05:08:21       0    205     54      -     97     58      0      0      0      0  14801   2790  15004     13      0 
 05:08:26       0    205     54      -     97     58      0      0      0      0  14801   2790  15004     13      0 
 05:08:31       0    279     60      -    100     16      0      0      0      0  14801   2812  15650     13      0 
 05:08:36       0    279     62      -    100      7      0      0      0      0  14801   2805  15690     13      0 
 05:08:41       0    277     62      -    100      0      0      0      0      0  14801   2805  15690     13      0 
 05:08:46       0    272     62      -    100      1      0      0      0      0  14801   2805  15690     13      0 
 05:08:51       0    279     60      -    100     13      0      0      0      0  14801   2812  15692     13      0 
 05:08:56       0    276     57      -    100     15      0      0      0      0  14801   2812  15690     13      0 
 05:09:01       0    275     62      -    100     25      0      0      0      0  14801   2805  15690     13      0 
 05:09:06       0    268     55      -    100     15      0      0      0      0  14801   2805  15690     13      0 
 05:09:11       0    185     52      -     98     51      0      0      0      0  14801   2797  15690     13      0 
 05:09:16       0    189     51      -     98     53      0      0      0      0  14801   2797  15690     13      0 
 05:09:21       0    201     51      -     97     57      0      0      0      0  14801   2797  15690     13      0 
 05:09:26       0    201     51      -     97     58      0      0      0      0  14801   2797  15690     13      0 
 05:09:31       0    201     51      -     97     58      0      0      0      0  14801   2797  15690     13      0 
 05:09:36       0    201     51      -     97     58      0      0      0      0  14801   2797  15690     13      0 
 05:09:41       0    201     51      -     97     58      0      0      0      0  14801   2797  15690     13      0 
 05:09:46       0    201     51      -     97     58      0      0      0      0  14801   2797  15690     13      0 
 05:09:51       0    201     51      -     97     58      0      0      0      0  14801   2797  15690     13      0 
 05:09:56       0    201     50      -     97     58      0      0      0      0  14801   2797  15690     13      0 
 05:10:01       0    200     50      -     97     58      0      0      0      0  14801   2797  15690     13      0 
 05:10:06       0    201     50      -     97     58      0      0      0      0  14801   2797  15690     13      0 
 05:10:11       0    200     50      -     97     58      0      0      0      0  14801   2797  15690     13      0 
 05:10:16       0    201     50      -     97     58      0      0      0      0  14801   2797  15690     13      0 
 05:10:21       0    200     50      -     97     58      0      0      0      0  14801   2797  15690     13      0 
 05:10:26       0    201     50      -     97     58      0      0      0      0  14801   2797  15690     13      0 
 05:10:31       0    201     50      -     97     58      0      0      0      0  14801   2797  15690     13      0 
 05:10:36       0    201     50      -     98     58      0      0      0      0  14801   2797  15690     13      0 
 05:10:41       0    201     50      -     98     58      0      0      0      0  14801   2797  15690     13      0 
 05:10:46       0    201     51      -     98     58      0      0      0      0  14801   2797  15690     13      0 
 05:10:51       0    200     51      -     97     58      0      0      0      0  14801   2797  15004     13      0 
 05:10:56       0    201     51      -     97     58      0      0      0      0  14801   2797  15004     13      0 
 05:11:01       0    201     51      -     97     58      0      0      0      0  14801   2797  15004     13      0 
 05:11:06       0    201     51      -     97     58      0      0      0      0  14801   2797  15004     13      0 
 05:11:11       0    201     51      -     97     58      0      0      0      0  14801   2797  15004     13      0 
 05:11:16       0    201     51      -     97     58      0      0      0      0  14801   2797  15004     13      0 
 05:11:21       0    201     51      -     98     58      0      0      0      0  14801   2797  15004     13      0 
 05:11:26       0    201     51      -     97     58      0      0      0      0  14801   2797  15004     13      0 
 05:11:31       0    201     51      -     97     58      0      0      0      0  14801   2797  15004     13      0 
 05:11:36       0    201     51      -     97     58      0      0      0      0  14801   2797  15004     13      0 
 05:11:41       0    201     51      -     97     58      0      0      0      0  14801   2797  15004     13      0 
 05:11:46       0    202     52      -     97     58      0      0      0      0  14801   2797  15004     13      0 
 05:11:51       0    202     52      -     97     58      0      0      0      0  14801   2797  15004     13      0 
 05:11:56       0    202     52      -     97     58      0      0      0      0  14801   2797  15004     13      0 
#Time         gpu    pwr  gtemp  mtemp     sm    mem    enc    dec    jpg    ofa   mclk   pclk     fb   bar1   ccpm 
#HH:MM:SS     Idx      W      C      C      %      %      %      %      %      %    MHz    MHz     MB     MB     MB 
 05:12:01       0    202     52      -     97     58      0      0      0      0  14801   2797  15004     13      0 
 05:12:06       0    202     52      -     98     58      0      0      0      0  14801   2797  15004     13      0 
 05:12:11       0    202     52      -     97     58      0      0      0      0  14801   2797  15004     13      0 
 05:12:16       0    202     52      -     97     58      0      0      0      0  14801   2797  15004     13      0 
 05:12:21       0    202     52      -     97     58      0      0      0      0  14801   2790  15004     13      0 
 05:12:26       0    202     52      -     97     58      0      0      0      0  14801   2790  15004     13      0 
 05:12:31       0    202     52      -     97     58      0      0      0      0  14801   2790  15004     13      0 
 05:12:36       0    202     53      -     97     58      0      0      0      0  14801   2790  15004     13      0 
 05:12:41       0    202     53      -     97     58      0      0      0      0  14801   2790  15004     13      0 
 05:12:46       0    202     53      -     98     58      0      0      0      0  14801   2790  15004     13      0 
 05:12:51       0    202     53      -     98     58      0      0      0      0  14801   2790  15004     13      0 
 05:12:56       0    203     53      -     97     58      0      0      0      0  14801   2790  15004     13      0 
 05:13:01       0    203     53      -     98     58      0      0      0      0  14801   2790  15004     13      0 
 05:13:06       0    203     53      -     97     58      0      0      0      0  14801   2790  15004     13      0 
 05:13:11       0    203     53      -     97     58      0      0      0      0  14801   2790  15004     13      0 
 05:13:16       0    203     53      -     98     58      0      0      0      0  14801   2790  15004     13      0 
 05:13:21       0    203     53      -     97     58      0      0      0      0  14801   2790  15004     13      0 
 05:13:26       0    203     53      -     97     58      0      0      0      0  14801   2790  15004     13      0 
 05:13:31       0    203     53      -     98     58      0      0      0      0  14801   2790  15004     13      0 
 05:13:36       0    203     54      -     97     58      0      0      0      0  14801   2790  15004     13      0 
 05:13:41       0    203     54      -     97     58      0      0      0      0  14801   2790  15004     13      0 
 05:13:46       0    203     54      -     98     58      0      0      0      0  14801   2790  15004     13      0 
 05:13:51       0    203     54      -     98     58      0      0      0      0  14801   2790  15004     13      0 
 05:13:56       0    203     54      -     97     58      0      0      0      0  14801   2790  15004     13      0 
 05:14:01       0    204     54      -     98     58      0      0      0      0  14801   2790  15004     13      0 
 05:14:07       0    204     54      -     97     58      0      0      0      0  14801   2790  15004     13      0 
 05:14:12       0    204     54      -     98     58      0      0      0      0  14801   2790  15004     13      0 
 05:14:17       0    204     54      -     97     58      0      0      0      0  14801   2790  15004     13      0 
 05:14:22       0    204     54      -     98     58      0      0      0      0  14801   2790  15004     13      0 
 05:14:27       0    204     54      -     97     58      0      0      0      0  14801   2790  15004     13      0 
 05:14:32       0    204     54      -     98     58      0      0      0      0  14801   2790  15004     13      0 
 05:14:37       0    204     54      -     98     58      0      0      0      0  14801   2790  15004     13      0 
 05:14:42       0    204     54      -     97     58      0      0      0      0  14801   2790  15004     13      0 
 05:14:47       0    204     54      -     97     58      0      0      0      0  14801   2790  15004     13      0 
 05:14:52       0    204     54      -     98     58      0      0      0      0  14801   2790  15004     13      0 
 05:14:57       0    204     54      -     97     58      0      0      0      0  14801   2790  15004     13      0 
 05:15:02       0    204     54      -     98     59      0      0      0      0  14801   2790  15004     13      0 
 05:15:07       0    204     54      -     97     58      0      0      0      0  14801   2790  15004     13      0 
 05:15:12       0    205     54      -     98     59      0      0      0      0  14801   2790  15004     13      0 
 05:15:17       0    175     49      -      0      0      0      0      0      0  14801   2805  15650     13      0 
 05:15:22       0    277     62      -    100      6      0      0      0      0  14801   2805  15650     13      0 
 05:15:27       0    279     59      -    100     24      0      0      0      0  14801   2805  15690     13      0 
 05:15:32       0    277     63      -    100      8      0      0      0      0  14801   2805  15690     13      0 
 05:15:37       0    182     53      -     98     47      0      0      0      0  14801   2790  15692     13      0 
#Time         gpu    pwr  gtemp  mtemp     sm    mem    enc    dec    jpg    ofa   mclk   pclk     fb   bar1   ccpm 
#HH:MM:SS     Idx      W      C      C      %      %      %      %      %      %    MHz    MHz     MB     MB     MB 
 05:15:42       0    279     56      -    100     19      0      0      0      0  14801   2812  15692     13      0 
 05:15:47       0    278     62      -    100     27      0      0      0      0  14801   2805  15690     13      0 
 05:15:52       0    277     60      -    100     15      0      0      0      0  14801   2812  15690     13      0 
 05:15:57       0    177     52      -     98     47      0      0      0      0  14801   2790  15690     13      0 
 05:16:02       0    180     52      -     98     48      0      0      0      0  14801   2797  15690     13      0 
 05:16:07       0    181     51      -     98     49      0      0      0      0  14801   2797  15690     13      0 
 05:16:12       0    179     50      -     98     49      0      0      0      0  14801   2797  15690     13      0 
 05:16:17       0    279     58      -    100     16      0      0      0      0  14801   2812  15692     13      0 
 05:16:22       0    276     59      -    100     22      0      0      0      0  14801   2812  15692     13      0 
 05:16:27       0    274     60      -    100      8      0      0      0      0  14801   2812  15690     13      0 
 05:16:32       0    137     58      -     71     13      0      0      0      0  14801   2835  15692     13      0 
 05:16:37       0    163     57      -    100     23      0      0      0      0  14801   2835  15694     13      0 
 05:16:42       0    277     59      -    100      4      0      0      0      0  14801   2812  15694     13      0 
 05:16:47       0    275     61      -    100     16      0      0      0      0  14801   2812  15692     13      0 
 05:16:52       0    276     61      -    100      0      0      0      0      0  14801   2805  15692     13      0 
 05:16:57       0    281     58      -    100     20      0      0      0      0  14801   2812  15694     13      0 
 05:17:02       0    276     60      -    100     18      0      0      0      0  14801   2812  15694     13      0 
 05:17:07       0    275     59      -    100     27      0      0      0      0  14801   2812  15692     13      0 
 05:17:12       0    274     61      -    100     25      0      0      0      0  14801   2812  15692     13      0 
 05:17:17       0    265     60      -    100     14      0      0      0      0  14801   2812  15692     13      0 
 05:17:22       0    263     60      -    100      2      0      0      0      0  14801   2812  15670     13      0 
 05:17:27       0    262     60      -    100     22      0      0      0      0  14801   2812  15670     13      0 
 05:17:32       0    260     60      -    100      1      0      0      0      0  14801   2812  15670     13      0 
 05:17:37       0    261     60      -    100     18      0      0      0      0  14801   2812  15670     13      0 
 05:17:42       0    260     60      -    100     14      0      0      0      0  14801   2812  15674     13      0 
 05:17:47       0    258     58      -    100      9      0      0      0      0  14801   2812  15674     13      0 
 05:17:52       0     50     45      -      0      0      0      0      0      0  14801   2692  15652     13      0 
 05:17:57       0     47     43      -      0      0      0      0      0      0  15001   2692     10     10      0 
