#Time         gpu    pwr  gtemp  mtemp     sm    mem    enc    dec    jpg    ofa   mclk   pclk     fb   bar1   ccpm 
#HH:MM:SS     Idx      W      C      C      %      %      %      %      %      %    MHz    MHz     MB     MB     MB 
 06:37:42       0     15     40      -      0      6      0      0      0      0    405    195     10     10      0 
 06:37:47       0     15     40      -      0      6      0      0      0      0    405    195     10     10      0 
 06:37:52       0     19     40      -      0      6      0      0      0      0  14801    697    348     13      0 
 06:37:57       0     47     41      -      0      0      0      0      0      0  14801   2692  15004     13      0 
 06:38:02       0     47     41      -      0      0      0      0      0      0  14801   2692  11566     13      0 
 06:38:07       0     48     41      -      0      0      0      0      0      0  14801   2692  11600     13      0 
 06:38:12       0     47     41      -      0      0      0      0      0      0  14801   2692  11600     13      0 
 06:38:17       0     48     41      -      0      0      0      0      0      0  14801   2850  11626     13      0 
 06:38:22       0    243     46      -    100     22      0      0      0      0  14801   2820  12262     13      0 
 06:38:27       0     47     42      -      0      0      0      0      0      0  14801   2692  15052     13      0 
 06:38:32       0     49     43      -      0      0      0      0      0      0  14801   2835  15698     13      0 
 06:38:37       0     47     43      -      0      0      0      0      0      0  14801   2692  15698     13      0 
 06:38:42       0     47     43      -      0      0      0      0      0      0  14801   2692  15698     13      0 
 06:38:47       0     47     43      -      0      0      0      0      0      0  14801   2692  15698     13      0 
 06:38:52       0    153     48      -     99     26      0      0      0      0  14801   2790  15700     13      0 
 06:38:57       0    274     58      -    100     18      0      0      0      0  14801   2820  15720     13      0 
 06:39:02       0    258     59      -    100      9      0      0      0      0  14801   2820  15678     13      0 
 06:39:07       0     49     45      -      0      0      0      0      0      0  14801   2692  15680     13      0 
 06:39:12       0    271     58      -    100      9      0      0      0      0  14801   2820  15680     13      0 
 06:39:17       0    271     60      -    100     23      0      0      0      0  14801   2812  15678     13      0 
 06:39:22       0    270     59      -    100     20      0      0      0      0  14801   2797  15678     13      0 
 06:39:27       0    261     60      -    100     22      0      0      0      0  14801   2812  15680     13      0 
 06:39:32       0    258     60      -    100     17      0      0      0      0  14801   2812  15698     13      0 
 06:39:37       0    258     58      -    100      2      0      0      0      0  14801   2812  15700     13      0 
 06:39:42       0    258     60      -    100      2      0      0      0      0  14801   2812  15700     13      0 
 06:39:47       0    258     60      -    100      2      0      0      0      0  14801   2812  15700     13      0 
 06:39:52       0    256     60      -    100      2      0      0      0      0  14801   2812  15700     13      0 
 06:39:57       0    259     57      -    100      2      0      0      0      0  14801   2812  15700     13      0 
 06:40:02       0    256     60      -    100      2      0      0      0      0  14801   2812  15700     13      0 
 06:40:07       0    258     60      -    100      2      0      0      0      0  14801   2812  15700     13      0 
 06:40:12       0    254     60      -    100     17      0      0      0      0  14801   2812  15700     13      0 
 06:40:17       0    257     60      -    100      2      0      0      0      0  14801   2812  15700     13      0 
 06:40:22       0    256     60      -    100     18      0      0      0      0  14801   2797  15680     13      0 
 06:40:27       0    257     60      -    100      2      0      0      0      0  14801   2812  15680     13      0 
 06:40:32       0    255     60      -    100      2      0      0      0      0  14801   2812  15680     13      0 
 06:40:37       0    256     60      -    100      2      0      0      0      0  14801   2812  15680     13      0 
 06:40:42       0    258     60      -    100      2      0      0      0      0  14801   2812  15680     13      0 
 06:40:47       0    259     60      -    100      2      0      0      0      0  14801   2812  15680     13      0 
 06:40:52       0    254     57      -    100      2      0      0      0      0  14801   2812  15676     13      0 
 06:40:57       0    256     60      -    100      1      0      0      0      0  14801   2812  15676     13      0 
 06:41:02       0    254     58      -    100      2      0      0      0      0  14801   2812  15676     13      0 
 06:41:07       0    256     60      -    100      2      0      0      0      0  14801   2812  15676     13      0 
 06:41:12       0    255     60      -    100      2      0      0      0      0  14801   2812  15676     13      0 
 06:41:17       0    255     60      -    100      1      0      0      0      0  14801   2812  15676     13      0 
#Time         gpu    pwr  gtemp  mtemp     sm    mem    enc    dec    jpg    ofa   mclk   pclk     fb   bar1   ccpm 
#HH:MM:SS     Idx      W      C      C      %      %      %      %      %      %    MHz    MHz     MB     MB     MB 
 06:41:22       0    255     60      -    100      2      0      0      0      0  14801   2812  15676     13      0 
 06:41:27       0    256     60      -    100      2      0      0      0      0  14801   2812  15676     13      0 
 06:41:32       0    252     56      -    100      1      0      0      0      0  14801   2812  15700     13      0 
 06:41:38       0    255     60      -    100     16      0      0      0      0  14801   2812  15700     13      0 
 06:41:43       0    256     60      -    100      2      0      0      0      0  14801   2812  15700     13      0 
 06:41:48       0    255     60      -    100     10      0      0      0      0  14801   2812  15700     13      0 
 06:41:53       0    256     60      -    100      2      0      0      0      0  14801   2812  15700     13      0 
 06:41:58       0    256     60      -    100      2      0      0      0      0  14801   2812  15700     13      0 
 06:42:03       0    255     60      -    100     10      0      0      0      0  14801   2812  15700     13      0 
 06:42:08       0    254     60      -    100     14      0      0      0      0  14801   2812  15700     13      0 
 06:42:13       0    255     60      -    100      2      0      0      0      0  14801   2812  15700     13      0 
 06:42:18       0    254     60      -    100     10      0      0      0      0  14801   2812  15704     13      0 
 06:42:23       0    254     60      -    100     17      0      0      0      0  14801   2812  15704     13      0 
 06:42:28       0    255     60      -    100     13      0      0      0      0  14801   2812  15704     13      0 
 06:42:33       0    253     60      -    100      1      0      0      0      0  14801   2805  15704     13      0 
 06:42:38       0    253     58      -    100      1      0      0      0      0  14801   2782  15704     13      0 
 06:42:43       0    254     60      -    100      1      0      0      0      0  14801   2812  15704     13      0 
 06:42:48       0    254     60      -    100      2      0      0      0      0  14801   2812  15704     13      0 
 06:42:53       0    255     55      -    100      1      0      0      0      0  14801   2812  15704     13      0 
 06:42:58       0    254     60      -    100     23      0      0      0      0  14801   2812  15704     13      0 
 06:43:03       0    252     56      -    100      1      0      0      0      0  14801   2812  15704     13      0 
 06:43:08       0    254     60      -    100      1      0      0      0      0  14801   2812  15680     13      0 
 06:43:13       0    255     60      -    100      1      0      0      0      0  14801   2812  15680     13      0 
 06:43:18       0    254     60      -    100      1      0      0      0      0  14801   2797  15680     13      0 
 06:43:23       0    254     60      -    100      2      0      0      0      0  14801   2812  15680     13      0 
 06:43:28       0    253     60      -    100      2      0      0      0      0  14801   2812  15680     13      0 
 06:43:33       0    253     60      -    100      1      0      0      0      0  14801   2812  15680     13      0 
 06:43:38       0    253     60      -    100      1      0      0      0      0  14801   2812  15680     13      0 
 06:43:43       0    253     60      -    100      2      0      0      0      0  14801   2812  15680     13      0 
 06:43:48       0    258     60      -    100      2      0      0      0      0  14801   2812  15680     13      0 
 06:43:53       0    254     60      -    100      1      0      0      0      0  14801   2812  15680     13      0 
 06:43:58       0    253     60      -    100      1      0      0      0      0  14801   2812  15680     13      0 
 06:44:03       0    253     57      -    100     20      0      0      0      0  14801   2812  15640     13      0 
 06:44:08       0    252     60      -    100      1      0      0      0      0  14801   2782  15680     13      0 
 06:44:13       0    256     60      -    100      1      0      0      0      0  14801   2797  15680     13      0 
 06:44:18       0    257     60      -    100      1      0      0      0      0  14801   2812  15680     13      0 
 06:44:23       0    253     60      -    100      1      0      0      0      0  14801   2812  15680     13      0 
 06:44:28       0    252     60      -    100      1      0      0      0      0  14801   2812  15680     13      0 
 06:44:33       0    253     60      -    100      1      0      0      0      0  14801   2812  15680     13      0 
 06:44:38       0    253     59      -    100      2      0      0      0      0  14801   2812  15680     13      0 
 06:44:43       0    256     60      -    100      1      0      0      0      0  14801   2812  15680     13      0 
 06:44:48       0    252     60      -    100      1      0      0      0      0  14801   2812  15680     13      0 
 06:44:53       0    251     60      -    100      1      0      0      0      0  14801   2805  15680     13      0 
 06:44:58       0    253     57      -    100     20      0      0      0      0  14801   2812  15680     13      0 
#Time         gpu    pwr  gtemp  mtemp     sm    mem    enc    dec    jpg    ofa   mclk   pclk     fb   bar1   ccpm 
#HH:MM:SS     Idx      W      C      C      %      %      %      %      %      %    MHz    MHz     MB     MB     MB 
 06:45:03       0    251     60      -    100      1      0      0      0      0  14801   2782  15680     13      0 
 06:45:08       0    250     59      -    100      1      0      0      0      0  14801   2805  15700     13      0 
 06:45:13       0    256     60      -    100      1      0      0      0      0  14801   2812  15700     13      0 
 06:45:18       0    251     60      -    100      1      0      0      0      0  14801   2782  15700     13      0 
 06:45:23       0    252     57      -    100     13      0      0      0      0  14801   2812  15700     13      0 
 06:45:28       0    251     60      -    100      1      0      0      0      0  14801   2812  15700     13      0 
 06:45:33       0    252     57      -    100      1      0      0      0      0  14801   2812  15700     13      0 
 06:45:38       0    252     60      -    100      1      0      0      0      0  14801   2812  15700     13      0 
 06:45:43       0    256     60      -    100      1      0      0      0      0  14801   2812  15700     13      0 
 06:45:48       0    253     60      -    100      1      0      0      0      0  14801   2812  15700     13      0 
 06:45:53       0    256     60      -    100      1      0      0      0      0  14801   2812  15700     13      0 
 06:45:58       0    253     59      -    100      1      0      0      0      0  14801   2812  15700     13      0 
 06:46:03       0    250     59      -    100      1      0      0      0      0  14801   2782  15700     13      0 
 06:46:08       0    140     57      -    100      8      0      0      0      0  14801   2812  15700     13      0 
 06:46:13       0    274     55      -     99     27      0      0      0      0  14801   2812  15700     13      0 
 06:46:18       0    272     59      -    100     18      0      0      0      0  14801   2812  15700     13      0 
 06:46:23       0    221     51      -     96     47      0      0      0      0  14801   2790  15680     13      0 
 06:46:28       0    271     58      -    100     16      0      0      0      0  14801   2812  15680     13      0 
 06:46:33       0    271     60      -    100      0      0      0      0      0  14801   2812  15680     13      0 
 06:46:38       0    271     60      -    100     15      0      0      0      0  14801   2820  15678     13      0 
 06:46:43       0    268     61      -    100      4      0      0      0      0  14801   2812  15678     13      0 
 06:46:48       0    260     60      -    100     15      0      0      0      0  14801   2812  15636     13      0 
 06:46:53       0    261     60      -     99     26      0      0      0      0  14801   2812  15700     13      0 
 06:46:58       0    260     60      -     99     24      0      0      0      0  14801   2812  15700     13      0 
 06:47:03       0    258     60      -    100      2      0      0      0      0  14801   2812  15700     13      0 
 06:47:08       0    259     60      -    100     22      0      0      0      0  14801   2812  15700     13      0 
 06:47:13       0    259     59      -    100      3      0      0      0      0  14801   2812  15700     13      0 
 06:47:18       0    258     61      -    100      2      0      0      0      0  14801   2812  15700     13      0 
 06:47:23       0    257     61      -    100      2      0      0      0      0  14801   2812  15700     13      0 
 06:47:28       0    257     61      -    100      2      0      0      0      0  14801   2812  15700     13      0 
 06:47:33       0    259     61      -    100      2      0      0      0      0  14801   2812  15700     13      0 
 06:47:38       0    256     61      -    100      2      0      0      0      0  14801   2812  15680     13      0 
 06:47:43       0    257     61      -    100      2      0      0      0      0  14801   2812  15680     13      0 
 06:47:48       0    256     59      -    100      3      0      0      0      0  14801   2812  15680     13      0 
 06:47:53       0    256     61      -    100      2      0      0      0      0  14801   2812  15680     13      0 
 06:47:58       0    258     61      -    100      2      0      0      0      0  14801   2812  15680     13      0 
 06:48:03       0    257     60      -    100      2      0      0      0      0  14801   2812  15680     13      0 
 06:48:08       0    255     61      -    100      2      0      0      0      0  14801   2812  15680     13      0 
 06:48:13       0    256     60      -    100     10      0      0      0      0  14801   2812  15676     13      0 
 06:48:18       0    258     61      -    100      2      0      0      0      0  14801   2812  15676     13      0 
 06:48:23       0    257     61      -    100      2      0      0      0      0  14801   2812  15676     13      0 
 06:48:28       0    257     59      -    100      2      0      0      0      0  14801   2812  15676     13      0 
 06:48:33       0    254     60      -    100     15      0      0      0      0  14801   2782  15676     13      0 
 06:48:38       0    256     60      -    100     11      0      0      0      0  14801   2812  15676     13      0 
#Time         gpu    pwr  gtemp  mtemp     sm    mem    enc    dec    jpg    ofa   mclk   pclk     fb   bar1   ccpm 
#HH:MM:SS     Idx      W      C      C      %      %      %      %      %      %    MHz    MHz     MB     MB     MB 
 06:48:43       0    256     56      -    100      1      0      0      0      0  14801   2782  15676     13      0 
 06:48:48       0    256     60      -    100      2      0      0      0      0  14801   2812  15700     13      0 
 06:48:53       0    257     60      -    100      1      0      0      0      0  14801   2812  15700     13      0 
 06:48:58       0    257     60      -    100      9      0      0      0      0  14801   2812  15700     13      0 
 06:49:03       0    253     59      -    100      1      0      0      0      0  14801   2812  15700     13      0 
 06:49:08       0    255     60      -    100      2      0      0      0      0  14801   2812  15700     13      0 
 06:49:13       0    255     60      -    100      3      0      0      0      0  14801   2812  15700     13      0 
 06:49:18       0    255     57      -    100      1      0      0      0      0  14801   2812  15700     13      0 
 06:49:23       0    253     60      -    100      2      0      0      0      0  14801   2812  15700     13      0 
 06:49:28       0    255     60      -    100      1      0      0      0      0  14801   2812  15700     13      0 
 06:49:33       0    255     60      -    100      1      0      0      0      0  14801   2812  15704     13      0 
 06:49:38       0    256     60      -    100      2      0      0      0      0  14801   2812  15704     13      0 
 06:49:43       0    255     60      -    100      2      0      0      0      0  14801   2812  15704     13      0 
 06:49:48       0    254     60      -    100      1      0      0      0      0  14801   2812  15704     13      0 
 06:49:53       0    254     60      -    100     12      0      0      0      0  14801   2812  15704     13      0 
 06:49:58       0    254     60      -    100      1      0      0      0      0  14801   2812  15704     13      0 
 06:50:03       0    256     57      -    100      1      0      0      0      0  14801   2812  15704     13      0 
 06:50:08       0    255     60      -    100      2      0      0      0      0  14801   2812  15704     13      0 
 06:50:13       0    254     60      -    100      2      0      0      0      0  14801   2812  15704     13      0 
 06:50:18       0    254     60      -    100      1      0      0      0      0  14801   2812  15704     13      0 
 06:50:23       0    253     60      -    100      1      0      0      0      0  14801   2812  15640     13      0 
 06:50:28       0    253     60      -    100      5      0      0      0      0  14801   2812  15680     13      0 
 06:50:33       0    254     57      -    100      1      0      0      0      0  14801   2812  15680     13      0 
 06:50:38       0    252     60      -    100      1      0      0      0      0  14801   2797  15680     13      0 
 06:50:43       0    254     60      -    100      3      0      0      0      0  14801   2812  15680     13      0 
 06:50:48       0    254     60      -    100      1      0      0      0      0  14801   2812  15680     13      0 
 06:50:53       0    252     58      -    100      1      0      0      0      0  14801   2812  15680     13      0 
 06:50:59       0    255     60      -    100      1      0      0      0      0  14801   2812  15680     13      0 
 06:51:04       0    254     60      -    100      2      0      0      0      0  14801   2812  15680     13      0 
 06:51:09       0    253     60      -    100      2      0      0      0      0  14801   2812  15680     13      0 
 06:51:14       0    254     60      -    100     26      0      0      0      0  14801   2805  15680     13      0 
 06:51:19       0    252     60      -    100     23      0      0      0      0  14801   2812  15680     13      0 
 06:51:24       0    252     60      -    100      1      0      0      0      0  14801   2812  15680     13      0 
 06:51:29       0    254     60      -    100      9      0      0      0      0  14801   2812  15680     13      0 
 06:51:34       0    252     60      -    100      1      0      0      0      0  14801   2812  15680     13      0 
 06:51:39       0    253     60      -    100      1      0      0      0      0  14801   2812  15680     13      0 
 06:51:44       0    250     56      -    100      1      0      0      0      0  14801   2782  15680     13      0 
 06:51:49       0    257     60      -    100      2      0      0      0      0  14801   2812  15680     13      0 
 06:51:54       0    253     60      -    100      1      0      0      0      0  14801   2812  15680     13      0 
 06:51:59       0    253     60      -    100     21      0      0      0      0  14801   2812  15680     13      0 
 06:52:04       0    251     60      -    100      1      0      0      0      0  14801   2797  15680     13      0 
 06:52:09       0    257     60      -    100      1      0      0      0      0  14801   2812  15680     13      0 
 06:52:14       0    253     60      -    100      1      0      0      0      0  14801   2812  15680     13      0 
 06:52:19       0    252     60      -    100      1      0      0      0      0  14801   2812  15680     13      0 
#Time         gpu    pwr  gtemp  mtemp     sm    mem    enc    dec    jpg    ofa   mclk   pclk     fb   bar1   ccpm 
#HH:MM:SS     Idx      W      C      C      %      %      %      %      %      %    MHz    MHz     MB     MB     MB 
 06:52:24       0    256     55      -    100      2      0      0      0      0  14801   2812  15660     13      0 
 06:52:29       0    252     60      -    100     15      0      0      0      0  14801   2812  15700     13      0 
 06:52:34       0    249     58      -    100      1      0      0      0      0  14801   2782  15700     13      0 
 06:52:39       0    253     60      -    100      1      0      0      0      0  14801   2812  15700     13      0 
 06:52:44       0    252     60      -    100      2      0      0      0      0  14801   2812  15700     13      0 
 06:52:49       0    253     60      -    100      1      0      0      0      0  14801   2812  15700     13      0 
 06:52:54       0    252     60      -    100      1      0      0      0      0  14801   2812  15700     13      0 
 06:52:59       0    253     60      -    100      1      0      0      0      0  14801   2812  15700     13      0 
 06:53:04       0    250     60      -    100      1      0      0      0      0  14801   2782  15700     13      0 
 06:53:09       0    251     60      -    100      2      0      0      0      0  14801   2812  15700     13      0 
 06:53:14       0    256     54      -    100      1      0      0      0      0  14801   2812  15700     13      0 
 06:53:19       0    252     60      -    100      1      0      0      0      0  14801   2812  15700     13      0 
 06:53:24       0    253     60      -    100      1      0      0      0      0  14801   2812  15700     13      0 
 06:53:29       0     51     44      -      0      0      0      0      0      0  14801   2835  15700     13      0 
