#Time         gpu    pwr  gtemp  mtemp     sm    mem    enc    dec    jpg    ofa   mclk   pclk     fb   bar1   ccpm 
#HH:MM:SS     Idx      W      C      C      %      %      %      %      %      %    MHz    MHz     MB     MB     MB 
 13:44:12       0     15     44      -      0      6      0      0      0      0    405    195     10     10      0 
 13:44:17       0     15     44      -      0      6      0      0      0      0    405    195     10     10      0 
 13:44:22       0     15     44      -      0      6      0      0      0      0    405    195    348     13      0 
 13:44:27       0     47     45      -      0      0      0      0      0      0  14801   2692   2680     13      0 
 13:44:32       0    274     58      -    100     21      0      0      0      0  14801   2820  15064     13      0 
 13:44:37       0     50     47      -      0      0      0      0      0      0  14801   2835  15710     13      0 
 13:44:42       0     47     46      -      0      0      0      0      0      0  14801   2692  15710     13      0 
 13:44:47       0     47     46      -      0      0      0      0      0      0  14801   2692  15710     13      0 
 13:44:52       0     47     46      -      0      0      0      0      0      0  14801   2692  15710     13      0 
 13:44:57       0    112     47      -     99     16      0      0      0      0  14801   2835  15712     13      0 
 13:45:02       0    175     48      -      0      0      0      0      0      0  14801   2805  15732     13      0 
 13:45:07       0    275     62      -    100      9      0      0      0      0  14801   2805  15732     13      0 
 13:45:12       0    274     61      -    100     10      0      0      0      0  14801   2805  15690     13      0 
 13:45:17       0    280     61      -    100     19      0      0      0      0  14801   2805  15692     13      0 
 13:45:22       0    278     61      -    100     12      0      0      0      0  14801   2812  15692     13      0 
 13:45:27       0    276     60      -    100     21      0      0      0      0  14801   2805  15650     13      0 
 13:45:32       0    279     61      -    100     21      0      0      0      0  14801   2812  15692     13      0 
 13:45:37       0    198     53      -     98     58      0      0      0      0  14801   2790  15694     13      0 
 13:45:42       0    199     53      -     98     58      0      0      0      0  14801   2790  15694     13      0 
 13:45:47       0    199     52      -     98     58      0      0      0      0  14801   2790  15694     13      0 
 13:45:52       0    199     52      -     98     58      0      0      0      0  14801   2790  15694     13      0 
 13:45:57       0    199     52      -     98     58      0      0      0      0  14801   2790  15694     13      0 
 13:46:02       0    198     52      -     98     58      0      0      0      0  14801   2790  15694     13      0 
 13:46:07       0    198     51      -     98     58      0      0      0      0  14801   2790  15694     13      0 
 13:46:12       0    198     51      -     98     58      0      0      0      0  14801   2797  15694     13      0 
 13:46:17       0    198     51      -     98     58      0      0      0      0  14801   2797  15694     13      0 
 13:46:22       0    198     51      -     98     58      0      0      0      0  14801   2797  15694     13      0 
 13:46:27       0    198     51      -     98     58      0      0      0      0  14801   2797  15694     13      0 
 13:46:32       0    198     51      -     98     58      0      0      0      0  14801   2797  15694     13      0 
 13:46:37       0    198     51      -     98     58      0      0      0      0  14801   2797  15694     13      0 
 13:46:42       0    198     51      -     98     58      0      0      0      0  14801   2797  15694     13      0 
 13:46:47       0    198     51      -     98     58      0      0      0      0  14801   2797  15694     13      0 
 13:46:52       0    198     51      -     98     58      0      0      0      0  14801   2797  15694     13      0 
 13:46:57       0    198     51      -     98     58      0      0      0      0  14801   2797  15694     13      0 
 13:47:02       0    198     51      -     98     58      0      0      0      0  14801   2797  15694     13      0 
 13:47:07       0    198     51      -     98     58      0      0      0      0  14801   2797  15694     13      0 
 13:47:12       0    198     51      -     98     58      0      0      0      0  14801   2797  15694     13      0 
 13:47:17       0    199     51      -     98     58      0      0      0      0  14801   2797  15694     13      0 
 13:47:22       0    199     51      -     98     58      0      0      0      0  14801   2797  15694     13      0 
 13:47:27       0    199     51      -     98     58      0      0      0      0  14801   2797  15694     13      0 
 13:47:32       0    199     51      -     98     58      0      0      0      0  14801   2797  15694     13      0 
 13:47:37       0    199     52      -     98     58      0      0      0      0  14801   2797  15694     13      0 
 13:47:42       0    199     52      -     98     58      0      0      0      0  14801   2797  15694     13      0 
 13:47:47       0    199     52      -     98     58      0      0      0      0  14801   2797  15694     13      0 
#Time         gpu    pwr  gtemp  mtemp     sm    mem    enc    dec    jpg    ofa   mclk   pclk     fb   bar1   ccpm 
#HH:MM:SS     Idx      W      C      C      %      %      %      %      %      %    MHz    MHz     MB     MB     MB 
 13:47:52       0    199     52      -     98     59      0      0      0      0  14801   2797  15694     13      0 
 13:47:57       0    199     52      -     98     59      0      0      0      0  14801   2797  15694     13      0 
 13:48:02       0    199     52      -     98     58      0      0      0      0  14801   2797  15694     13      0 
 13:48:07       0    199     52      -     98     58      0      0      0      0  14801   2797  15694     13      0 
 13:48:12       0    199     52      -     98     59      0      0      0      0  14801   2797  15694     13      0 
 13:48:17       0    199     52      -     98     59      0      0      0      0  14801   2797  15694     13      0 
 13:48:22       0    199     52      -     98     59      0      0      0      0  14801   2790  15694     13      0 
 13:48:27       0    199     52      -     98     59      0      0      0      0  14801   2790  15694     13      0 
 13:48:32       0    200     53      -     98     59      0      0      0      0  14801   2790  15694     13      0 
 13:48:37       0    200     53      -     98     59      0      0      0      0  14801   2790  15694     13      0 
 13:48:42       0    200     53      -     98     59      0      0      0      0  14801   2790  15694     13      0 
 13:48:47       0    200     53      -     98     58      0      0      0      0  14801   2790  15694     13      0 
 13:48:52       0    200     53      -     98     59      0      0      0      0  14801   2790  15694     13      0 
 13:48:57       0    200     53      -     98     59      0      0      0      0  14801   2790  15694     13      0 
 13:49:02       0    200     53      -     98     59      0      0      0      0  14801   2790  15694     13      0 
 13:49:07       0    200     53      -     98     59      0      0      0      0  14801   2790  15694     13      0 
 13:49:12       0    200     53      -     98     59      0      0      0      0  14801   2790  15694     13      0 
 13:49:17       0    200     53      -     98     59      0      0      0      0  14801   2790  15694     13      0 
 13:49:22       0    200     53      -     98     59      0      0      0      0  14801   2790  15694     13      0 
 13:49:27       0    200     53      -     98     59      0      0      0      0  14801   2790  15026     13      0 
 13:49:32       0    200     53      -     98     59      0      0      0      0  14801   2790  15026     13      0 
 13:49:37       0    201     54      -     98     59      0      0      0      0  14801   2790  15026     13      0 
 13:49:42       0    201     54      -     98     59      0      0      0      0  14801   2790  15026     13      0 
 13:49:47       0    201     54      -     98     59      0      0      0      0  14801   2790  15026     13      0 
 13:49:52       0    201     54      -     98     59      0      0      0      0  14801   2790  15026     13      0 
 13:49:57       0    201     54      -     98     59      0      0      0      0  14801   2790  15026     13      0 
 13:50:02       0    201     54      -     98     59      0      0      0      0  14801   2790  15026     13      0 
 13:50:07       0    201     54      -     98     59      0      0      0      0  14801   2790  15026     13      0 
 13:50:12       0    201     54      -     98     59      0      0      0      0  14801   2790  15026     13      0 
 13:50:17       0    201     54      -     98     59      0      0      0      0  14801   2790  15026     13      0 
 13:50:22       0    202     54      -     98     59      0      0      0      0  14801   2790  15026     13      0 
 13:50:27       0    201     54      -     98     59      0      0      0      0  14801   2790  15026     13      0 
 13:50:32       0    202     54      -     98     59      0      0      0      0  14801   2790  15026     13      0 
 13:50:37       0    202     54      -     98     59      0      0      0      0  14801   2790  15026     13      0 
 13:50:42       0    202     54      -     98     59      0      0      0      0  14801   2790  15026     13      0 
 13:50:47       0    202     54      -     98     59      0      0      0      0  14801   2790  15026     13      0 
 13:50:52       0    202     54      -     98     59      0      0      0      0  14801   2790  15026     13      0 
 13:50:57       0    202     54      -     98     59      0      0      0      0  14801   2790  15026     13      0 
 13:51:02       0    202     54      -     98     59      0      0      0      0  14801   2790  15026     13      0 
 13:51:07       0    202     54      -     98     59      0      0      0      0  14801   2790  15026     13      0 
 13:51:12       0    179     53      -     98     46      0      0      0      0  14801   2782  15034     13      0 
 13:51:17       0    183     53      -     98     53      0      0      0      0  14801   2790  15034     13      0 
 13:51:22       0    127     49      -     19      4      0      0      0      0  14801   2820  15654     13      0 
 13:51:27       0    277     62      -    100     23      0      0      0      0  14801   2812  15694     13      0 
#Time         gpu    pwr  gtemp  mtemp     sm    mem    enc    dec    jpg    ofa   mclk   pclk     fb   bar1   ccpm 
#HH:MM:SS     Idx      W      C      C      %      %      %      %      %      %    MHz    MHz     MB     MB     MB 
 13:51:32       0    277     61      -    100      0      0      0      0      0  14801   2805  15690     13      0 
 13:51:37       0    277     60      -    100      1      0      0      0      0  14801   2805  15690     13      0 
 13:51:42       0    282     60      -    100     19      0      0      0      0  14801   2805  15694     13      0 
 13:51:47       0    278     60      -    100     16      0      0      0      0  14801   2805  15694     13      0 
 13:51:52       0    274     63      -    100     22      0      0      0      0  14801   2805  15690     13      0 
 13:51:57       0    273     62      -    100     24      0      0      0      0  14801   2797  15690     13      0 
 13:52:02       0    279     62      -    100     21      0      0      0      0  14801   2805  15692     13      0 
 13:52:07       0    278     60      -    100     11      0      0      0      0  14801   2812  15690     13      0 
 13:52:12       0    276     59      -    100      0      0      0      0      0  14801   2812  15690     13      0 
 13:52:17       0    227     53      -    100     21      0      0      0      0  14801   2790  15690     13      0 
 13:52:22       0    203     53      -     98     59      0      0      0      0  14801   2790  15690     13      0 
 13:52:27       0    203     53      -     98     59      0      0      0      0  14801   2790  15690     13      0 
 13:52:32       0    203     53      -     98     59      0      0      0      0  14801   2790  15690     13      0 
 13:52:37       0    202     52      -     98     59      0      0      0      0  14801   2790  15690     13      0 
 13:52:42       0    202     52      -     98     60      0      0      0      0  14801   2790  15690     13      0 
 13:52:47       0    202     52      -     98     60      0      0      0      0  14801   2790  15690     13      0 
 13:52:52       0    202     52      -     98     60      0      0      0      0  14801   2790  15690     13      0 
 13:52:57       0    202     51      -     98     59      0      0      0      0  14801   2790  15690     13      0 
 13:53:02       0    202     51      -     98     60      0      0      0      0  14801   2790  15690     13      0 
 13:53:07       0    202     51      -     98     60      0      0      0      0  14801   2797  15690     13      0 
 13:53:12       0    202     51      -     98     60      0      0      0      0  14801   2797  15690     13      0 
 13:53:17       0    202     51      -     98     59      0      0      0      0  14801   2797  15690     13      0 
 13:53:22       0    202     51      -     98     60      0      0      0      0  14801   2797  15690     13      0 
 13:53:27       0    202     51      -     98     60      0      0      0      0  14801   2797  15690     13      0 
 13:53:32       0    202     51      -     98     60      0      0      0      0  14801   2797  15690     13      0 
 13:53:37       0    202     51      -     98     60      0      0      0      0  14801   2797  15690     13      0 
 13:53:42       0    202     51      -     98     60      0      0      0      0  14801   2797  15690     13      0 
 13:53:47       0    202     51      -     98     60      0      0      0      0  14801   2797  15690     13      0 
 13:53:52       0    202     51      -     98     60      0      0      0      0  14801   2797  15690     13      0 
 13:53:57       0    202     51      -     98     60      0      0      0      0  14801   2797  15690     13      0 
 13:54:02       0    202     51      -     98     60      0      0      0      0  14801   2797  15004     13      0 
 13:54:07       0    202     51      -     98     60      0      0      0      0  14801   2797  15004     13      0 
 13:54:12       0    202     51      -     98     60      0      0      0      0  14801   2797  15004     13      0 
 13:54:17       0    202     51      -     98     60      0      0      0      0  14801   2797  15004     13      0 
 13:54:22       0    202     51      -     98     60      0      0      0      0  14801   2797  15004     13      0 
 13:54:27       0    202     51      -     98     60      0      0      0      0  14801   2797  15004     13      0 
 13:54:32       0    202     52      -     98     60      0      0      0      0  14801   2797  15004     13      0 
 13:54:37       0    202     52      -     98     60      0      0      0      0  14801   2797  15004     13      0 
 13:54:43       0    203     52      -     98     60      0      0      0      0  14801   2797  15004     13      0 
 13:54:48       0    203     52      -     98     60      0      0      0      0  14801   2797  15004     13      0 
 13:54:53       0    203     52      -     98     60      0      0      0      0  14801   2797  15004     13      0 
 13:54:58       0    203     52      -     98     60      0      0      0      0  14801   2797  15004     13      0 
 13:55:03       0    203     52      -     98     60      0      0      0      0  14801   2797  15004     13      0 
 13:55:08       0    203     52      -     98     60      0      0      0      0  14801   2790  15004     13      0 
#Time         gpu    pwr  gtemp  mtemp     sm    mem    enc    dec    jpg    ofa   mclk   pclk     fb   bar1   ccpm 
#HH:MM:SS     Idx      W      C      C      %      %      %      %      %      %    MHz    MHz     MB     MB     MB 
 13:55:13       0    203     52      -     98     60      0      0      0      0  14801   2790  15004     13      0 
 13:55:18       0    203     52      -     98     60      0      0      0      0  14801   2790  15004     13      0 
 13:55:23       0    203     52      -     98     60      0      0      0      0  14801   2790  15004     13      0 
 13:55:28       0    203     52      -     98     60      0      0      0      0  14801   2790  15004     13      0 
 13:55:33       0    203     52      -     98     60      0      0      0      0  14801   2790  15004     13      0 
 13:55:38       0    203     53      -     98     60      0      0      0      0  14801   2790  15004     13      0 
 13:55:43       0    204     53      -     98     60      0      0      0      0  14801   2790  15004     13      0 
 13:55:48       0    204     53      -     98     60      0      0      0      0  14801   2790  15004     13      0 
 13:55:53       0    204     53      -     98     60      0      0      0      0  14801   2790  15004     13      0 
 13:55:58       0    204     53      -     98     60      0      0      0      0  14801   2790  15004     13      0 
 13:56:03       0    204     53      -     98     60      0      0      0      0  14801   2790  15004     13      0 
 13:56:08       0    204     53      -     98     60      0      0      0      0  14801   2790  15004     13      0 
 13:56:13       0    204     53      -     98     60      0      0      0      0  14801   2790  15004     13      0 
 13:56:18       0    204     53      -     98     60      0      0      0      0  14801   2790  15004     13      0 
 13:56:23       0    204     53      -     98     60      0      0      0      0  14801   2790  15004     13      0 
 13:56:28       0    204     53      -     98     60      0      0      0      0  14801   2790  15004     13      0 
 13:56:33       0    204     53      -     98     60      0      0      0      0  14801   2790  15004     13      0 
 13:56:38       0    204     53      -     98     60      0      0      0      0  14801   2790  15004     13      0 
 13:56:43       0    204     53      -     98     60      0      0      0      0  14801   2790  15004     13      0 
 13:56:48       0    205     53      -     98     60      0      0      0      0  14801   2790  15004     13      0 
 13:56:53       0    204     53      -     98     60      0      0      0      0  14801   2790  15004     13      0 
 13:56:58       0    204     53      -     98     60      0      0      0      0  14801   2790  15004     13      0 
 13:57:03       0    205     54      -     98     60      0      0      0      0  14801   2790  15004     13      0 
 13:57:08       0    205     54      -     98     60      0      0      0      0  14801   2790  15004     13      0 
 13:57:13       0    205     54      -     98     60      0      0      0      0  14801   2790  15004     13      0 
 13:57:18       0    205     54      -     98     60      0      0      0      0  14801   2790  15004     13      0 
 13:57:23       0    205     54      -     98     60      0      0      0      0  14801   2790  15004     13      0 
 13:57:28       0    205     54      -     98     60      0      0      0      0  14801   2790  15004     13      0 
 13:57:33       0    205     54      -     98     60      0      0      0      0  14801   2790  15004     13      0 
 13:57:38       0    205     54      -     98     60      0      0      0      0  14801   2790  15004     13      0 
 13:57:43       0    205     54      -     98     60      0      0      0      0  14801   2790  15004     13      0 
 13:57:48       0    205     54      -     98     60      0      0      0      0  14801   2790  15004     13      0 
 13:57:53       0    205     54      -     98     60      0      0      0      0  14801   2790  15004     13      0 
 13:57:58       0    205     54      -     98     60      0      0      0      0  14801   2790  15004     13      0 
 13:58:03       0    205     54      -     98     60      0      0      0      0  14801   2790  15004     13      0 
 13:58:08       0    205     54      -     98     60      0      0      0      0  14801   2790  15004     13      0 
 13:58:13       0    206     54      -     98     60      0      0      0      0  14801   2790  15004     13      0 
 13:58:18       0    206     54      -     98     60      0      0      0      0  14801   2790  15004     13      0 
 13:58:23       0    139     57      -     30      6      0      0      0      0  14801   2835  15650     13      0 
 13:58:28       0    278     61      -    100     11      0      0      0      0  14801   2805  15650     13      0 
 13:58:33       0    276     63      -    100     13      0      0      0      0  14801   2805  15690     13      0 
 13:58:38       0    277     63      -    100      2      0      0      0      0  14801   2805  15690     13      0 
 13:58:43       0    231     60      -    100     23      0      0      0      0  14801   2812  15692     13      0 
 13:58:48       0    278     63      -    100     26      0      0      0      0  14801   2805  15692     13      0 
#Time         gpu    pwr  gtemp  mtemp     sm    mem    enc    dec    jpg    ofa   mclk   pclk     fb   bar1   ccpm 
#HH:MM:SS     Idx      W      C      C      %      %      %      %      %      %    MHz    MHz     MB     MB     MB 
 13:58:53       0    277     63      -    100     15      0      0      0      0  14801   2790  15690     13      0 
 13:58:58       0    277     63      -    100     15      0      0      0      0  14801   2790  15690     13      0 
 13:59:03       0    182     53      -     98     51      0      0      0      0  14801   2790  15690     13      0 
 13:59:08       0    186     52      -     99     43      0      0      0      0  14801   2790  15690     13      0 
 13:59:13       0    178     52      -     99     47      0      0      0      0  14801   2797  15690     13      0 
 13:59:18       0    202     52      -     98     59      0      0      0      0  14801   2790  15690     13      0 
 13:59:23       0    202     52      -     98     59      0      0      0      0  14801   2790  15690     13      0 
 13:59:28       0    202     52      -     98     59      0      0      0      0  14801   2790  15690     13      0 
 13:59:33       0    202     52      -     98     59      0      0      0      0  14801   2790  15690     13      0 
 13:59:38       0    202     52      -     98     59      0      0      0      0  14801   2790  15690     13      0 
 13:59:43       0    202     52      -     98     59      0      0      0      0  14801   2790  15690     13      0 
 13:59:48       0    202     52      -     98     60      0      0      0      0  14801   2790  15690     13      0 
 13:59:53       0    202     51      -     98     59      0      0      0      0  14801   2790  15690     13      0 
 13:59:58       0    202     51      -     98     60      0      0      0      0  14801   2790  15690     13      0 
 14:00:03       0    202     51      -     98     60      0      0      0      0  14801   2797  15690     13      0 
 14:00:08       0    202     51      -     98     59      0      0      0      0  14801   2797  15690     13      0 
 14:00:13       0    202     51      -     98     60      0      0      0      0  14801   2797  15690     13      0 
 14:00:18       0    202     51      -     98     60      0      0      0      0  14801   2797  15690     13      0 
 14:00:23       0    202     51      -     98     60      0      0      0      0  14801   2797  15690     13      0 
 14:00:28       0    202     52      -     98     60      0      0      0      0  14801   2797  15690     13      0 
 14:00:33       0    202     52      -     98     60      0      0      0      0  14801   2797  15690     13      0 
 14:00:38       0    202     52      -     98     60      0      0      0      0  14801   2797  15690     13      0 
 14:00:43       0    202     52      -     98     60      0      0      0      0  14801   2797  15690     13      0 
 14:00:48       0    202     52      -     98     60      0      0      0      0  14801   2797  15004     13      0 
 14:00:53       0    202     52      -     98     60      0      0      0      0  14801   2797  15004     13      0 
 14:00:58       0    202     52      -     98     60      0      0      0      0  14801   2797  15004     13      0 
 14:01:03       0    202     52      -     98     60      0      0      0      0  14801   2797  15004     13      0 
 14:01:08       0    202     52      -     98     60      0      0      0      0  14801   2797  15004     13      0 
 14:01:13       0    202     52      -     98     60      0      0      0      0  14801   2797  15004     13      0 
 14:01:18       0    203     52      -     98     60      0      0      0      0  14801   2797  15004     13      0 
 14:01:23       0    202     52      -     98     60      0      0      0      0  14801   2797  15004     13      0 
 14:01:28       0    202     52      -     98     60      0      0      0      0  14801   2790  15004     13      0 
 14:01:33       0    202     52      -     98     60      0      0      0      0  14801   2790  15004     13      0 
 14:01:38       0    203     52      -     98     60      0      0      0      0  14801   2790  15004     13      0 
 14:01:43       0    203     52      -     98     60      0      0      0      0  14801   2790  15004     13      0 
 14:01:48       0    203     53      -     98     60      0      0      0      0  14801   2790  15004     13      0 
 14:01:53       0    203     53      -     98     60      0      0      0      0  14801   2790  15004     13      0 
 14:01:58       0    203     53      -     98     60      0      0      0      0  14801   2790  15004     13      0 
 14:02:03       0    203     53      -     98     60      0      0      0      0  14801   2790  15004     13      0 
 14:02:08       0    203     53      -     98     60      0      0      0      0  14801   2790  15004     13      0 
 14:02:13       0    203     53      -     98     60      0      0      0      0  14801   2790  15004     13      0 
 14:02:18       0    203     53      -     98     60      0      0      0      0  14801   2790  15004     13      0 
 14:02:23       0    203     53      -     98     60      0      0      0      0  14801   2790  15004     13      0 
 14:02:28       0    203     53      -     98     60      0      0      0      0  14801   2790  15004     13      0 
#Time         gpu    pwr  gtemp  mtemp     sm    mem    enc    dec    jpg    ofa   mclk   pclk     fb   bar1   ccpm 
#HH:MM:SS     Idx      W      C      C      %      %      %      %      %      %    MHz    MHz     MB     MB     MB 
 14:02:33       0    204     53      -     98     60      0      0      0      0  14801   2790  15004     13      0 
 14:02:38       0    204     53      -     98     60      0      0      0      0  14801   2790  15004     13      0 
 14:02:43       0    204     53      -     98     60      0      0      0      0  14801   2790  15004     13      0 
 14:02:48       0    204     53      -     98     60      0      0      0      0  14801   2790  15004     13      0 
 14:02:53       0    204     53      -     98     60      0      0      0      0  14801   2790  15004     13      0 
 14:02:58       0    204     54      -     98     60      0      0      0      0  14801   2790  15004     13      0 
 14:03:03       0    204     54      -     98     60      0      0      0      0  14801   2790  15004     13      0 
 14:03:08       0    204     54      -     98     60      0      0      0      0  14801   2790  15004     13      0 
 14:03:13       0    204     54      -     98     60      0      0      0      0  14801   2790  15004     13      0 
 14:03:18       0    204     54      -     98     60      0      0      0      0  14801   2790  15004     13      0 
 14:03:23       0    204     54      -     98     60      0      0      0      0  14801   2790  15004     13      0 
 14:03:28       0    204     54      -     98     60      0      0      0      0  14801   2790  15004     13      0 
 14:03:33       0    204     54      -     98     60      0      0      0      0  14801   2790  15004     13      0 
 14:03:38       0    204     54      -     98     60      0      0      0      0  14801   2790  15004     13      0 
 14:03:43       0    204     54      -     98     60      0      0      0      0  14801   2790  15004     13      0 
 14:03:48       0    204     54      -     98     60      0      0      0      0  14801   2790  15004     13      0 
 14:03:53       0    205     54      -     98     60      0      0      0      0  14801   2790  15004     13      0 
 14:03:58       0    205     54      -     98     60      0      0      0      0  14801   2790  15004     13      0 
 14:04:03       0    205     54      -     98     60      0      0      0      0  14801   2790  15004     13      0 
 14:04:08       0    205     54      -     98     60      0      0      0      0  14801   2790  15004     13      0 
 14:04:13       0    205     54      -     98     60      0      0      0      0  14801   2790  15004     13      0 
 14:04:18       0    205     54      -     98     60      0      0      0      0  14801   2790  15004     13      0 
 14:04:23       0    205     54      -     98     60      0      0      0      0  14801   2790  15004     13      0 
 14:04:28       0    205     54      -     98     60      0      0      0      0  14801   2790  15004     13      0 
 14:04:33       0    205     54      -     98     60      0      0      0      0  14801   2790  15004     13      0 
 14:04:38       0    205     54      -     98     60      0      0      0      0  14801   2790  15004     13      0 
 14:04:43       0    205     55      -     98     60      0      0      0      0  14801   2790  15004     13      0 
 14:04:48       0    205     55      -     98     60      0      0      0      0  14801   2790  15004     13      0 
 14:04:53       0    205     55      -     98     60      0      0      0      0  14801   2790  15004     13      0 
 14:04:58       0    206     55      -     98     60      0      0      0      0  14801   2790  15004     13      0 
 14:05:03       0    205     55      -     98     60      0      0      0      0  14801   2790  15004     13      0 
 14:05:08       0    157     59      -      0      0      0      0      0      0  14801   2835  15650     13      0 
 14:05:13       0    278     62      -    100     17      0      0      0      0  14801   2805  15650     13      0 
 14:05:18       0    276     60      -    100     25      0      0      0      0  14801   2805  15690     13      0 
 14:05:23       0    277     63      -    100      1      0      0      0      0  14801   2805  15690     13      0 
 14:05:28       0    205     61      -    100     25      0      0      0      0  14801   2812  15692     13      0 
 14:05:33       0    279     61      -    100     19      0      0      0      0  14801   2797  15692     13      0 
 14:05:38       0    275     63      -    100      0      0      0      0      0  14801   2805  15690     13      0 
 14:05:43       0    275     63      -    100     13      0      0      0      0  14801   2805  15690     13      0 
 14:05:48       0    180     53      -     98     50      0      0      0      0  14801   2790  15690     13      0 
 14:05:53       0    179     52      -     99     47      0      0      0      0  14801   2790  15690     13      0 
 14:05:58       0    179     51      -     98     50      0      0      0      0  14801   2797  15690     13      0 
 14:06:03       0    178     51      -     98     49      0      0      0      0  14801   2797  15690     13      0 
 14:06:08       0    278     59      -    100     13      0      0      0      0  14801   2812  15692     13      0 
#Time         gpu    pwr  gtemp  mtemp     sm    mem    enc    dec    jpg    ofa   mclk   pclk     fb   bar1   ccpm 
#HH:MM:SS     Idx      W      C      C      %      %      %      %      %      %    MHz    MHz     MB     MB     MB 
 14:06:13       0    274     61      -     96     23      0      0      0      0  14801   2812  15690     13      0 
 14:06:18       0    274     61      -    100      0      0      0      0      0  14801   2805  15690     13      0 
 14:06:23       0    245     61      -    100     25      0      0      0      0  14801   2812  15692     13      0 
 14:06:28       0    278     61      -    100     19      0      0      0      0  14801   2812  15692     13      0 
 14:06:33       0    275     57      -    100     17      0      0      0      0  14801   2805  15650     13      0 
 14:06:38       0    274     62      -    100     23      0      0      0      0  14801   2805  15690     13      0 
 14:06:43       0    141     48      -     19      9      0      0      0      0  14801   2835  15692     13      0 
 14:06:48       0    277     61      -    100     15      0      0      0      0  14801   2812  15692     13      0 
 14:06:53       0    278     59      -    100     17      0      0      0      0  14801   2812  15690     13      0 
 14:06:58       0    276     62      -    100     25      0      0      0      0  14801   2805  15690     13      0 
 14:07:03       0    269     62      -    100     24      0      0      0      0  14801   2805  15690     13      0 
 14:07:08       0    264     61      -    100     22      0      0      0      0  14801   2805  15668     13      0 
 14:07:13       0    262     61      -    100      2      0      0      0      0  14801   2812  15668     13      0 
 14:07:18       0    261     61      -    100      2      0      0      0      0  14801   2805  15668     13      0 
 14:07:23       0    261     61      -    100      2      0      0      0      0  14801   2805  15668     13      0 
 14:07:28       0    260     61      -    100      2      0      0      0      0  14801   2805  15672     13      0 
 14:07:33       0    260     61      -    100      2      0      0      0      0  14801   2797  15672     13      0 
 14:07:38       0     72     47      -      0      0      0      0      0      0  14801   2835  15650     13      0 
 14:07:43       0     48     45      -      0      0      0      0      0      0  14801   2692     12     11      0 
