#Time         gpu    pwr  gtemp  mtemp     sm    mem    enc    dec    jpg    ofa   mclk   pclk     fb   bar1   ccpm 
#HH:MM:SS     Idx      W      C      C      %      %      %      %      %      %    MHz    MHz     MB     MB     MB 
 14:08:05       0     16     41      -      0      6      0      0      0      0    405    195     10     10      0 
 14:08:10       0     15     40      -      0      6      0      0      0      0    405    195     10     10      0 
 14:08:15       0     23     41      -      0      0      0      0      0      0  14801    562    348     13      0 
 14:08:20       0     47     41      -      0      0      0      0      0      0  14801   2692  15084     13      0 
 14:08:25       0     48     41      -      0      0      0      0      0      0  14801   2692  11474     13      0 
 14:08:30       0     47     41      -      0      0      0      0      0      0  14801   2692  11486     13      0 
 14:08:35       0     49     41      -      0      0      0      0      0      0  14801   2850  11508     13      0 
 14:08:40       0     48     41      -      0      0      0      0      0      0  14801   2850  11508     13      0 
 14:08:45       0     49     42      -      0      0      0      0      0      0  14801   2850  11534     13      0 
 14:08:50       0     53     43      -      0      0      0      0      0      0  14801   2842  12110     13      0 
 14:08:55       0     47     42      -      0      0      0      0      0      0  14801   2692  15092     13      0 
 14:09:00       0     49     43      -      0      0      0      0      0      0  14801   2835  15698     13      0 
 14:09:05       0     47     43      -      0      0      0      0      0      0  14801   2692  15698     13      0 
 14:09:10       0     47     43      -      0      0      0      0      0      0  14801   2692  15698     13      0 
 14:09:15       0     46     43      -      0      0      0      0      0      0   7001   2692  15698     13      0 
 14:09:20       0    161     49      -     98     50      0      0      0      0  14801   2797  15700     13      0 
 14:09:25       0    253     56      -    100     21      0      0      0      0  14801   2820  15700     13      0 
 14:09:30       0    270     59      -    100     16      0      0      0      0  14801   2820  15700     13      0 
 14:09:35       0    270     59      -    100     15      0      0      0      0  14801   2805  15698     13      0 
 14:09:40       0    270     62      -    100      5      0      0      0      0  14801   2805  15698     13      0 
 14:09:45       0    262     61      -    100      5      0      0      0      0  14801   2812  15698     13      0 
 14:09:50       0    260     58      -    100     22      0      0      0      0  14801   2805  15676     13      0 
 14:09:55       0    259     61      -    100      2      0      0      0      0  14801   2797  15676     13      0 
 14:10:00       0    259     62      -    100      2      0      0      0      0  14801   2805  15676     13      0 
 14:10:05       0    259     61      -    100      2      0      0      0      0  14801   2812  15676     13      0 
 14:10:10       0    257     62      -    100      2      0      0      0      0  14801   2805  15680     13      0 
 14:10:15       0    257     60      -    100     21      0      0      0      0  14801   2797  15680     13      0 
 14:10:20       0    257     62      -    100      2      0      0      0      0  14801   2805  15680     13      0 
 14:10:25       0    255     59      -    100     11      0      0      0      0  14801   2797  15680     13      0 
 14:10:30       0    256     62      -    100      2      0      0      0      0  14801   2805  15680     13      0 
 14:10:35       0    246     61      -    100      2      0      0      0      0  14801   2820  15700     13      0 
 14:10:40       0    259     62      -    100      2      0      0      0      0  14801   2805  15700     13      0 
 14:10:45       0    256     60      -    100     20      0      0      0      0  14801   2797  15700     13      0 
 14:10:50       0    257     62      -    100      2      0      0      0      0  14801   2805  15700     13      0 
 14:10:55       0    257     62      -    100      2      0      0      0      0  14801   2812  15700     13      0 
 14:11:00       0    257     62      -    100      2      0      0      0      0  14801   2805  15700     13      0 
 14:11:05       0    256     62      -    100      2      0      0      0      0  14801   2805  15700     13      0 
 14:11:10       0    254     59      -    100     11      0      0      0      0  14801   2797  15696     13      0 
 14:11:15       0    256     62      -    100      2      0      0      0      0  14801   2805  15696     13      0 
 14:11:20       0    255     62      -    100      2      0      0      0      0  14801   2797  15696     13      0 
 14:11:25       0    255     62      -    100      5      0      0      0      0  14801   2797  15696     13      0 
 14:11:30       0    256     62      -    100      2      0      0      0      0  14801   2805  15696     13      0 
 14:11:35       0    257     62      -    100      2      0      0      0      0  14801   2805  15696     13      0 
 14:11:40       0    255     62      -    100      2      0      0      0      0  14801   2797  15696     13      0 
#Time         gpu    pwr  gtemp  mtemp     sm    mem    enc    dec    jpg    ofa   mclk   pclk     fb   bar1   ccpm 
#HH:MM:SS     Idx      W      C      C      %      %      %      %      %      %    MHz    MHz     MB     MB     MB 
 14:11:45       0    253     60      -    100      3      0      0      0      0  14801   2797  15696     13      0 
 14:11:50       0    255     62      -    100      2      0      0      0      0  14801   2797  15676     13      0 
 14:11:55       0    256     62      -    100      2      0      0      0      0  14801   2797  15676     13      0 
 14:12:00       0    256     62      -    100      2      0      0      0      0  14801   2805  15676     13      0 
 14:12:05       0    256     62      -    100     22      0      0      0      0  14801   2797  15676     13      0 
 14:12:10       0    254     62      -    100      2      0      0      0      0  14801   2797  15676     13      0 
 14:12:15       0    255     62      -    100      2      0      0      0      0  14801   2797  15676     13      0 
 14:12:20       0    256     62      -    100      2      0      0      0      0  14801   2812  15676     13      0 
 14:12:25       0    256     62      -    100     19      0      0      0      0  14801   2797  15676     13      0 
 14:12:30       0    255     62      -    100     22      0      0      0      0  14801   2797  15676     13      0 
 14:12:35       0    255     62      -    100      3      0      0      0      0  14801   2805  15676     13      0 
 14:12:40       0    255     62      -    100      2      0      0      0      0  14801   2812  15676     13      0 
 14:12:45       0    255     62      -    100      2      0      0      0      0  14801   2797  15676     13      0 
 14:12:50       0    255     60      -    100      2      0      0      0      0  14801   2797  15676     13      0 
 14:12:55       0    255     62      -    100      2      0      0      0      0  14801   2797  15676     13      0 
 14:13:00       0    255     62      -    100      2      0      0      0      0  14801   2805  15676     13      0 
 14:13:05       0    253     57      -    100      2      0      0      0      0  14801   2797  15676     13      0 
 14:13:10       0    255     62      -     99     24      0      0      0      0  14801   2797  15676     13      0 
 14:13:15       0    255     61      -    100      2      0      0      0      0  14801   2797  15676     13      0 
 14:13:20       0    254     62      -    100      9      0      0      0      0  14801   2797  15676     13      0 
 14:13:25       0    256     62      -    100      2      0      0      0      0  14801   2797  15700     13      0 
 14:13:30       0    256     62      -    100      2      0      0      0      0  14801   2812  15700     13      0 
 14:13:35       0    255     62      -    100      2      0      0      0      0  14801   2797  15700     13      0 
 14:13:40       0    254     62      -    100      2      0      0      0      0  14801   2797  15700     13      0 
 14:13:45       0    254     61      -    100      2      0      0      0      0  14801   2805  15700     13      0 
 14:13:50       0    255     62      -    100     25      0      0      0      0  14801   2797  15700     13      0 
 14:13:55       0    254     62      -    100      2      0      0      0      0  14801   2797  15700     13      0 
 14:14:00       0    254     62      -    100      2      0      0      0      0  14801   2797  15700     13      0 
 14:14:05       0    259     62      -    100      2      0      0      0      0  14801   2797  15700     13      0 
 14:14:10       0    258     62      -    100      2      0      0      0      0  14801   2797  15700     13      0 
 14:14:15       0    258     61      -    100      2      0      0      0      0  14801   2797  15700     13      0 
 14:14:20       0    257     62      -    100      2      0      0      0      0  14801   2797  15700     13      0 
 14:14:25       0    257     62      -    100      2      0      0      0      0  14801   2797  15700     13      0 
 14:14:30       0    253     61      -    100      2      0      0      0      0  14801   2797  15700     13      0 
 14:14:35       0    254     62      -    100      2      0      0      0      0  14801   2797  15700     13      0 
 14:14:40       0    254     61      -    100      2      0      0      0      0  14801   2805  15700     13      0 
 14:14:45       0    252     61      -    100      2      0      0      0      0  14801   2812  15700     13      0 
 14:14:50       0    254     61      -    100      2      0      0      0      0  14801   2805  15700     13      0 
 14:14:55       0    257     61      -    100      2      0      0      0      0  14801   2797  15700     13      0 
 14:15:00       0    253     61      -    100      2      0      0      0      0  14801   2767  15700     13      0 
 14:15:05       0    254     61      -    100     24      0      0      0      0  14801   2805  15700     13      0 
 14:15:10       0    253     60      -    100      2      0      0      0      0  14801   2797  15700     13      0 
 14:15:15       0    259     61      -    100      2      0      0      0      0  14801   2797  15700     13      0 
 14:15:20       0    253     61      -    100     17      0      0      0      0  14801   2797  15700     13      0 
#Time         gpu    pwr  gtemp  mtemp     sm    mem    enc    dec    jpg    ofa   mclk   pclk     fb   bar1   ccpm 
#HH:MM:SS     Idx      W      C      C      %      %      %      %      %      %    MHz    MHz     MB     MB     MB 
 14:15:25       0    257     61      -    100      2      0      0      0      0  14801   2812  15680     13      0 
 14:15:30       0    253     61      -    100      2      0      0      0      0  14801   2797  15680     13      0 
 14:15:35       0    254     61      -    100      2      0      0      0      0  14801   2812  15680     13      0 
 14:15:40       0    256     61      -    100      2      0      0      0      0  14801   2797  15680     13      0 
 14:15:45       0    253     61      -    100      2      0      0      0      0  14801   2812  15680     13      0 
 14:15:50       0    259     61      -    100      2      0      0      0      0  14801   2797  15680     13      0 
 14:15:55       0    253     61      -    100      2      0      0      0      0  14801   2812  15680     13      0 
 14:16:00       0    252     61      -    100      2      0      0      0      0  14801   2797  15680     13      0 
 14:16:05       0    253     61      -    100      2      0      0      0      0  14801   2797  15680     13      0 
 14:16:10       0    253     61      -    100      2      0      0      0      0  14801   2812  15680     13      0 
 14:16:15       0    257     61      -    100      2      0      0      0      0  14801   2782  15680     13      0 
 14:16:20       0    253     61      -    100      2      0      0      0      0  14801   2797  15680     13      0 
 14:16:25       0    256     61      -    100      2      0      0      0      0  14801   2797  15680     13      0 
 14:16:30       0    252     61      -    100      2      0      0      0      0  14801   2805  15680     13      0 
 14:16:35       0    252     61      -    100      2      0      0      0      0  14801   2797  15680     13      0 
 14:16:40       0    258     61      -    100      2      0      0      0      0  14801   2805  15680     13      0 
 14:16:45       0    252     61      -    100      2      0      0      0      0  14801   2805  15680     13      0 
 14:16:50       0    254     61      -    100      2      0      0      0      0  14801   2797  15680     13      0 
 14:16:56       0    253     61      -    100      2      0      0      0      0  14801   2812  15680     13      0 
 14:17:01       0    258     61      -    100      2      0      0      0      0  14801   2812  15680     13      0 
 14:17:06       0    252     59      -    100     23      0      0      0      0  14801   2797  15680     13      0 
 14:17:11       0    252     61      -    100      2      0      0      0      0  14801   2812  15680     13      0 
 14:17:16       0    253     61      -    100      2      0      0      0      0  14801   2812  15680     13      0 
 14:17:21       0    253     61      -    100      2      0      0      0      0  14801   2812  15680     13      0 
 14:17:26       0    258     61      -    100      2      0      0      0      0  14801   2797  15680     13      0 
 14:17:31       0    256     61      -    100      2      0      0      0      0  14801   2797  15680     13      0 
 14:17:36       0    255     61      -    100      2      0      0      0      0  14801   2767  15680     13      0 
 14:17:41       0    256     61      -    100      2      0      0      0      0  14801   2797  15680     13      0 
 14:17:46       0    253     61      -    100     15      0      0      0      0  14801   2812  15680     13      0 
 14:17:51       0    250     60      -    100     16      0      0      0      0  14801   2767  15698     13      0 
 14:17:56       0    253     61      -    100      2      0      0      0      0  14801   2812  15698     13      0 
 14:18:01       0    252     61      -    100      2      0      0      0      0  14801   2805  15698     13      0 
 14:18:06       0    251     61      -    100      2      0      0      0      0  14801   2812  15698     13      0 
 14:18:11       0    252     61      -    100      2      0      0      0      0  14801   2812  15698     13      0 
 14:18:16       0    251     61      -    100      2      0      0      0      0  14801   2805  15698     13      0 
 14:18:21       0    252     61      -    100      5      0      0      0      0  14801   2797  15698     13      0 
 14:18:26       0    252     61      -    100      5      0      0      0      0  14801   2812  15698     13      0 
 14:18:31       0    249     57      -    100      2      0      0      0      0  14801   2767  15698     13      0 
 14:18:36       0    257     61      -    100      2      0      0      0      0  14801   2797  15698     13      0 
 14:18:41       0    256     61      -    100      2      0      0      0      0  14801   2797  15698     13      0 
 14:18:46       0    256     61      -    100      2      0      0      0      0  14801   2797  15698     13      0 
 14:18:51       0    257     61      -    100      2      0      0      0      0  14801   2797  15698     13      0 
 14:18:56       0    252     61      -    100      2      0      0      0      0  14801   2812  15698     13      0 
 14:19:01       0    252     61      -    100      2      0      0      0      0  14801   2797  15698     13      0 
#Time         gpu    pwr  gtemp  mtemp     sm    mem    enc    dec    jpg    ofa   mclk   pclk     fb   bar1   ccpm 
#HH:MM:SS     Idx      W      C      C      %      %      %      %      %      %    MHz    MHz     MB     MB     MB 
 14:19:06       0    252     61      -    100      2      0      0      0      0  14801   2812  15698     13      0 
 14:19:11       0    247     53      -     67     17      0      0      0      0  14801   2812  15702     13      0 
 14:19:16       0    257     61      -    100      2      0      0      0      0  14801   2812  15702     13      0 
 14:19:21       0    257     61      -    100      2      0      0      0      0  14801   2797  15702     13      0 
 14:19:26       0    252     61      -    100      2      0      0      0      0  14801   2812  15702     13      0 
 14:19:31       0    252     61      -    100      2      0      0      0      0  14801   2805  15702     13      0 
 14:19:36       0    248     58      -    100     23      0      0      0      0  14801   2767  15702     13      0 
 14:19:41       0    257     61      -    100      2      0      0      0      0  14801   2797  15702     13      0 
 14:19:46       0    251     61      -    100      2      0      0      0      0  14801   2812  15702     13      0 
 14:19:51       0    250     61      -    100      2      0      0      0      0  14801   2797  15702     13      0 
 14:19:56       0    248     59      -    100     22      0      0      0      0  14801   2767  15702     13      0 
 14:20:01       0    257     61      -    100      2      0      0      0      0  14801   2797  15702     13      0 
 14:20:06       0    258     61      -    100      2      0      0      0      0  14801   2797  15702     13      0 
 14:20:11       0    251     61      -    100      2      0      0      0      0  14801   2797  15702     13      0 
 14:20:16       0    257     61      -    100      2      0      0      0      0  14801   2797  15702     13      0 
 14:20:21       0    254     61      -    100      2      0      0      0      0  14801   2812  15702     13      0 
 14:20:26       0    252     61      -    100      2      0      0      0      0  14801   2797  15702     13      0 
 14:20:31       0    256     61      -    100      2      0      0      0      0  14801   2797  15702     13      0 
 14:20:36       0    258     61      -    100      2      0      0      0      0  14801   2797  15702     13      0 
 14:20:41       0    251     61      -    100      2      0      0      0      0  14801   2805  15678     13      0 
 14:20:46       0    257     61      -    100      2      0      0      0      0  14801   2797  15678     13      0 
 14:20:51       0    256     61      -    100      2      0      0      0      0  14801   2797  15678     13      0 
 14:20:56       0    250     61      -    100     24      0      0      0      0  14801   2797  15678     13      0 
 14:21:01       0    258     61      -    100      2      0      0      0      0  14801   2812  15678     13      0 
 14:21:06       0    251     61      -    100      2      0      0      0      0  14801   2797  15678     13      0 
 14:21:11       0    250     61      -    100      2      0      0      0      0  14801   2812  15678     13      0 
 14:21:16       0    256     61      -    100      2      0      0      0      0  14801   2797  15678     13      0 
 14:21:21       0    249     61      -    100      2      0      0      0      0  14801   2812  15678     13      0 
 14:21:26       0    254     61      -    100      2      0      0      0      0  14801   2767  15678     13      0 
 14:21:31       0    250     61      -    100     20      0      0      0      0  14801   2812  15678     13      0 
 14:21:36       0    258     61      -    100      2      0      0      0      0  14801   2812  15678     13      0 
 14:21:41       0    249     61      -    100      2      0      0      0      0  14801   2797  15678     13      0 
 14:21:46       0    257     61      -    100      2      0      0      0      0  14801   2797  15678     13      0 
 14:21:51       0    250     61      -    100      2      0      0      0      0  14801   2812  15678     13      0 
 14:21:56       0    258     61      -    100      2      0      0      0      0  14801   2812  15678     13      0 
 14:22:01       0    251     61      -    100      2      0      0      0      0  14801   2797  15678     13      0 
 14:22:06       0    257     61      -    100      2      0      0      0      0  14801   2812  15678     13      0 
 14:22:11       0    252     61      -    100      2      0      0      0      0  14801   2812  15678     13      0 
 14:22:16       0    254     61      -    100      2      0      0      0      0  14801   2767  15680     13      0 
 14:22:21       0    250     61      -    100      5      0      0      0      0  14801   2812  15680     13      0 
 14:22:26       0    255     61      -    100      2      0      0      0      0  14801   2767  15680     13      0 
 14:22:31       0    250     61      -    100      2      0      0      0      0  14801   2797  15680     13      0 
 14:22:36       0    257     61      -    100      2      0      0      0      0  14801   2797  15680     13      0 
 14:22:41       0    213     53      -     98     47      0      0      0      0  14801   2782  15696     13      0 
#Time         gpu    pwr  gtemp  mtemp     sm    mem    enc    dec    jpg    ofa   mclk   pclk     fb   bar1   ccpm 
#HH:MM:SS     Idx      W      C      C      %      %      %      %      %      %    MHz    MHz     MB     MB     MB 
 14:22:46       0    274     59      -    100     28      0      0      0      0  14801   2812  15696     13      0 
 14:22:51       0    272     60      -    100     18      0      0      0      0  14801   2812  15696     13      0 
 14:22:56       0    271     62      -    100      1      0      0      0      0  14801   2812  15698     13      0 
 14:23:01       0    272     61      -    100      1      0      0      0      0  14801   2812  15698     13      0 
 14:23:06       0    262     60      -    100      2      0      0      0      0  14801   2805  15698     13      0 
 14:23:11       0    259     62      -    100     23      0      0      0      0  14801   2805  15676     13      0 
 14:23:16       0    259     62      -    100      2      0      0      0      0  14801   2797  15676     13      0 
 14:23:21       0    258     60      -    100      2      0      0      0      0  14801   2805  15676     13      0 
 14:23:26       0    260     62      -    100      2      0      0      0      0  14801   2797  15676     13      0 
 14:23:31       0    258     62      -    100      2      0      0      0      0  14801   2797  15680     13      0 
 14:23:36       0    257     62      -    100      2      0      0      0      0  14801   2805  15680     13      0 
 14:23:41       0    260     62      -    100      2      0      0      0      0  14801   2805  15680     13      0 
 14:23:46       0    257     61      -    100      8      0      0      0      0  14801   2805  15680     13      0 
 14:23:51       0    258     62      -    100      2      0      0      0      0  14801   2797  15680     13      0 
 14:23:56       0    260     62      -    100      2      0      0      0      0  14801   2797  15700     13      0 
 14:24:01       0    256     62      -    100      2      0      0      0      0  14801   2797  15700     13      0 
 14:24:06       0    257     59      -    100      2      0      0      0      0  14801   2812  15700     13      0 
 14:24:11       0    260     62      -    100      2      0      0      0      0  14801   2797  15700     13      0 
 14:24:16       0    258     62      -    100      2      0      0      0      0  14801   2797  15700     13      0 
 14:24:21       0    257     62      -    100      2      0      0      0      0  14801   2797  15700     13      0 
 14:24:26       0    256     62      -    100      2      0      0      0      0  14801   2797  15700     13      0 
 14:24:31       0    255     61      -    100      2      0      0      0      0  14801   2805  15696     13      0 
 14:24:36       0    256     62      -    100      3      0      0      0      0  14801   2797  15696     13      0 
 14:24:41       0    254     59      -    100      2      0      0      0      0  14801   2805  15696     13      0 
 14:24:46       0    256     62      -    100      2      0      0      0      0  14801   2805  15696     13      0 
 14:24:51       0    257     62      -    100      2      0      0      0      0  14801   2805  15696     13      0 
 14:24:56       0    258     62      -    100      2      0      0      0      0  14801   2805  15696     13      0 
 14:25:01       0    255     62      -    100      2      0      0      0      0  14801   2805  15696     13      0 
 14:25:06       0    253     61      -    100      2      0      0      0      0  14801   2805  15696     13      0 
 14:25:11       0    256     62      -    100     17      0      0      0      0  14801   2797  15676     13      0 
 14:25:16       0    255     62      -    100      2      0      0      0      0  14801   2805  15676     13      0 
 14:25:21       0    256     62      -    100     22      0      0      0      0  14801   2797  15676     13      0 
 14:25:26       0    256     62      -    100      2      0      0      0      0  14801   2797  15676     13      0 
 14:25:31       0    256     62      -    100      2      0      0      0      0  14801   2797  15676     13      0 
 14:25:36       0    255     60      -    100     16      0      0      0      0  14801   2805  15676     13      0 
 14:25:41       0    256     62      -    100      2      0      0      0      0  14801   2805  15676     13      0 
 14:25:47       0    258     62      -    100      2      0      0      0      0  14801   2797  15676     13      0 
 14:25:52       0    256     62      -    100      2      0      0      0      0  14801   2797  15676     13      0 
 14:25:57       0    255     62      -    100      2      0      0      0      0  14801   2797  15676     13      0 
 14:26:02       0    255     62      -    100      2      0      0      0      0  14801   2805  15676     13      0 
 14:26:07       0    256     60      -    100     24      0      0      0      0  14801   2805  15676     13      0 
 14:26:12       0    257     62      -    100      2      0      0      0      0  14801   2797  15676     13      0 
 14:26:17       0    256     62      -    100      2      0      0      0      0  14801   2797  15676     13      0 
 14:26:22       0    255     62      -    100      2      0      0      0      0  14801   2805  15676     13      0 
#Time         gpu    pwr  gtemp  mtemp     sm    mem    enc    dec    jpg    ofa   mclk   pclk     fb   bar1   ccpm 
#HH:MM:SS     Idx      W      C      C      %      %      %      %      %      %    MHz    MHz     MB     MB     MB 
 14:26:27       0    255     62      -    100      2      0      0      0      0  14801   2797  15676     13      0 
 14:26:32       0    255     62      -    100      2      0      0      0      0  14801   2797  15676     13      0 
 14:26:37       0    253     62      -    100      3      0      0      0      0  14801   2805  15676     13      0 
 14:26:42       0    255     62      -    100      2      0      0      0      0  14801   2797  15676     13      0 
 14:26:47       0    255     62      -    100      2      0      0      0      0  14801   2797  15700     13      0 
 14:26:52       0    255     61      -    100      5      0      0      0      0  14801   2812  15700     13      0 
 14:26:57       0    255     62      -    100      2      0      0      0      0  14801   2797  15700     13      0 
 14:27:02       0    254     62      -    100      2      0      0      0      0  14801   2797  15700     13      0 
 14:27:07       0    253     56      -    100     11      0      0      0      0  14801   2805  15700     13      0 
 14:27:12       0    256     61      -    100      2      0      0      0      0  14801   2805  15700     13      0 
 14:27:17       0    254     62      -    100      2      0      0      0      0  14801   2797  15700     13      0 
 14:27:22       0    254     62      -    100      2      0      0      0      0  14801   2797  15700     13      0 
 14:27:27       0    256     62      -    100      2      0      0      0      0  14801   2797  15700     13      0 
 14:27:32       0    254     61      -    100      2      0      0      0      0  14801   2797  15700     13      0 
 14:27:37       0    254     62      -    100      2      0      0      0      0  14801   2797  15700     13      0 
 14:27:42       0    254     61      -    100      2      0      0      0      0  14801   2767  15700     13      0 
 14:27:47       0    254     61      -    100      2      0      0      0      0  14801   2797  15700     13      0 
 14:27:52       0    254     61      -    100      2      0      0      0      0  14801   2797  15700     13      0 
 14:27:57       0    256     61      -    100      2      0      0      0      0  14801   2797  15700     13      0 
 14:28:02       0    253     61      -    100      2      0      0      0      0  14801   2797  15700     13      0 
 14:28:07       0    253     61      -    100      2      0      0      0      0  14801   2805  15700     13      0 
 14:28:12       0    252     58      -    100      4      0      0      0      0  14801   2805  15700     13      0 
 14:28:17       0    253     61      -    100      2      0      0      0      0  14801   2797  15700     13      0 
 14:28:22       0    253     61      -    100      2      0      0      0      0  14801   2797  15700     13      0 
 14:28:27       0    254     61      -    100      2      0      0      0      0  14801   2805  15700     13      0 
 14:28:32       0    257     61      -    100      2      0      0      0      0  14801   2797  15700     13      0 
 14:28:37       0    256     61      -    100      2      0      0      0      0  14801   2812  15700     13      0 
 14:28:42       0    253     61      -    100      2      0      0      0      0  14801   2812  15700     13      0 
 14:28:47       0    254     61      -    100      2      0      0      0      0  14801   2797  15680     13      0 
 14:28:52       0    254     61      -    100      2      0      0      0      0  14801   2797  15680     13      0 
 14:28:57       0    258     61      -    100      2      0      0      0      0  14801   2812  15680     13      0 
 14:29:02       0    255     61      -    100      2      0      0      0      0  14801   2797  15680     13      0 
 14:29:07       0    253     59      -    100     18      0      0      0      0  14801   2805  15680     13      0 
 14:29:12       0    252     61      -    100      2      0      0      0      0  14801   2797  15680     13      0 
 14:29:17       0    252     58      -    100     14      0      0      0      0  14801   2805  15680     13      0 
 14:29:22       0    252     61      -    100      2      0      0      0      0  14801   2767  15680     13      0 
 14:29:27       0    257     61      -    100      2      0      0      0      0  14801   2797  15680     13      0 
 14:29:32       0    252     61      -    100      2      0      0      0      0  14801   2812  15680     13      0 
 14:29:37       0    255     61      -    100      2      0      0      0      0  14801   2797  15680     13      0 
 14:29:42       0    253     58      -    100     17      0      0      0      0  14801   2812  15680     13      0 
 14:29:47       0    252     61      -    100      2      0      0      0      0  14801   2812  15680     13      0 
 14:29:52       0    256     61      -    100      2      0      0      0      0  14801   2797  15680     13      0 
 14:29:57       0    252     61      -    100      2      0      0      0      0  14801   2812  15680     13      0 
 14:30:02       0    254     61      -    100      2      0      0      0      0  14801   2812  15680     13      0 
#Time         gpu    pwr  gtemp  mtemp     sm    mem    enc    dec    jpg    ofa   mclk   pclk     fb   bar1   ccpm 
#HH:MM:SS     Idx      W      C      C      %      %      %      %      %      %    MHz    MHz     MB     MB     MB 
 14:30:07       0    257     61      -    100      2      0      0      0      0  14801   2812  15680     13      0 
 14:30:12       0    254     59      -    100      2      0      0      0      0  14801   2812  15680     13      0 
 14:30:17       0    253     61      -    100     17      0      0      0      0  14801   2812  15680     13      0 
 14:30:22       0    255     61      -    100      2      0      0      0      0  14801   2797  15680     13      0 
 14:30:27       0    258     61      -    100      2      0      0      0      0  14801   2812  15680     13      0 
 14:30:32       0    256     61      -    100      2      0      0      0      0  14801   2797  15680     13      0 
 14:30:37       0    250     61      -    100      2      0      0      0      0  14801   2812  15680     13      0 
 14:30:42       0    252     61      -    100      2      0      0      0      0  14801   2812  15680     13      0 
 14:30:47       0    252     61      -    100      9      0      0      0      0  14801   2797  15680     13      0 
 14:30:52       0    252     61      -    100      2      0      0      0      0  14801   2812  15680     13      0 
 14:30:57       0    253     61      -    100      2      0      0      0      0  14801   2812  15680     13      0 
 14:31:02       0    257     61      -    100      2      0      0      0      0  14801   2812  15680     13      0 
 14:31:07       0    257     61      -    100      2      0      0      0      0  14801   2797  15680     13      0 
 14:31:12       0    257     61      -    100      2      0      0      0      0  14801   2812  15698     13      0 
 14:31:17       0    257     61      -    100      2      0      0      0      0  14801   2797  15698     13      0 
 14:31:22       0    257     61      -    100      2      0      0      0      0  14801   2812  15698     13      0 
 14:31:27       0    257     61      -    100      2      0      0      0      0  14801   2797  15698     13      0 
 14:31:32       0    253     61      -    100      2      0      0      0      0  14801   2767  15698     13      0 
 14:31:37       0    257     61      -    100      2      0      0      0      0  14801   2812  15698     13      0 
 14:31:42       0    254     61      -    100      2      0      0      0      0  14801   2767  15698     13      0 
 14:31:47       0    258     61      -    100      2      0      0      0      0  14801   2812  15698     13      0 
 14:31:52       0    256     61      -    100      2      0      0      0      0  14801   2767  15698     13      0 
 14:31:57       0    252     61      -    100      2      0      0      0      0  14801   2797  15698     13      0 
 14:32:02       0    251     61      -    100      2      0      0      0      0  14801   2797  15698     13      0 
 14:32:07       0    252     61      -    100      2      0      0      0      0  14801   2797  15698     13      0 
 14:32:12       0    252     61      -    100      2      0      0      0      0  14801   2812  15698     13      0 
 14:32:17       0    251     61      -    100      2      0      0      0      0  14801   2812  15698     13      0 
 14:32:22       0    251     58      -    100      2      0      0      0      0  14801   2805  15698     13      0 
 14:32:27       0    254     61      -    100      2      0      0      0      0  14801   2767  15698     13      0 
 14:32:32       0    250     61      -    100      2      0      0      0      0  14801   2797  15702     13      0 
 14:32:37       0    250     61      -    100      2      0      0      0      0  14801   2767  15702     13      0 
 14:32:42       0    253     61      -    100     15      0      0      0      0  14801   2812  15702     13      0 
 14:32:47       0    252     61      -    100      2      0      0      0      0  14801   2812  15702     13      0 
 14:32:52       0    257     61      -    100      2      0      0      0      0  14801   2797  15702     13      0 
 14:32:57       0    256     61      -    100      2      0      0      0      0  14801   2797  15702     13      0 
 14:33:02       0    251     61      -    100      2      0      0      0      0  14801   2797  15702     13      0 
 14:33:07       0    251     61      -    100      2      0      0      0      0  14801   2805  15702     13      0 
 14:33:12       0    257     56      -    100      2      0      0      0      0  14801   2797  15702     13      0 
 14:33:17       0    257     61      -    100      2      0      0      0      0  14801   2812  15702     13      0 
 14:33:22       0    250     61      -    100      2      0      0      0      0  14801   2767  15702     13      0 
 14:33:27       0    251     61      -    100      2      0      0      0      0  14801   2812  15702     13      0 
 14:33:32       0    257     61      -    100      2      0      0      0      0  14801   2797  15702     13      0 
 14:33:37       0    252     61      -    100      2      0      0      0      0  14801   2797  15702     13      0 
 14:33:42       0    251     61      -    100      2      0      0      0      0  14801   2812  15702     13      0 
#Time         gpu    pwr  gtemp  mtemp     sm    mem    enc    dec    jpg    ofa   mclk   pclk     fb   bar1   ccpm 
#HH:MM:SS     Idx      W      C      C      %      %      %      %      %      %    MHz    MHz     MB     MB     MB 
 14:33:47       0    257     61      -    100      2      0      0      0      0  14801   2797  15702     13      0 
 14:33:52       0    251     61      -    100      2      0      0      0      0  14801   2797  15702     13      0 
 14:33:57       0    250     61      -    100      2      0      0      0      0  14801   2805  15702     13      0 
 14:34:02       0    256     61      -    100      2      0      0      0      0  14801   2797  15678     13      0 
 14:34:07       0    251     61      -    100      2      0      0      0      0  14801   2767  15678     13      0 
 14:34:12       0    256     58      -    100      2      0      0      0      0  14801   2812  15678     13      0 
 14:34:17       0    254     61      -    100      2      0      0      0      0  14801   2767  15678     13      0 
 14:34:22       0    253     61      -    100      2      0      0      0      0  14801   2797  15678     13      0 
 14:34:28       0    251     61      -    100     24      0      0      0      0  14801   2812  15678     13      0 
 14:34:33       0    257     61      -    100      2      0      0      0      0  14801   2797  15678     13      0 
 14:34:38       0    250     61      -    100      2      0      0      0      0  14801   2797  15678     13      0 
 14:34:43       0    257     61      -    100      2      0      0      0      0  14801   2797  15678     13      0 
 14:34:48       0    251     61      -    100      2      0      0      0      0  14801   2797  15678     13      0 
 14:34:53       0    257     61      -    100      2      0      0      0      0  14801   2797  15678     13      0 
 14:34:58       0    252     61      -    100      2      0      0      0      0  14801   2797  15678     13      0 
 14:35:03       0    256     56      -    100      2      0      0      0      0  14801   2797  15678     13      0 
 14:35:08       0    252     61      -    100      2      0      0      0      0  14801   2812  15678     13      0 
 14:35:13       0    254     56      -    100      2      0      0      0      0  14801   2767  15678     13      0 
 14:35:18       0    251     61      -    100      2      0      0      0      0  14801   2797  15678     13      0 
 14:35:23       0    257     56      -    100      2      0      0      0      0  14801   2812  15678     13      0 
 14:35:28       0    251     61      -    100      2      0      0      0      0  14801   2812  15678     13      0 
 14:35:33       0    255     58      -    100      2      0      0      0      0  14801   2812  15076     13      0 
 14:35:38       0    250     61      -    100      2      0      0      0      0  14801   2790  15680     13      0 
 14:35:43       0    257     61      -    100      2      0      0      0      0  14801   2797  15680     13      0 
 14:35:48       0    249     61      -    100      2      0      0      0      0  14801   2812  15680     13      0 
 14:35:53       0    257     61      -    100      2      0      0      0      0  14801   2797  15680     13      0 
 14:35:58       0    245     55      -    100      2      0      0      0      0  14801   2812  15680     13      0 
 14:36:03       0    188     51      -     68     31      0      0      0      0  14801   2805  15700     13      0 
 14:36:08       0    195     53      -     97     57      0      0      0      0  14801   2782  15700     13      0 
 14:36:13       0    195     52      -     97     57      0      0      0      0  14801   2782  15700     13      0 
 14:36:18       0    195     52      -     97     57      0      0      0      0  14801   2782  15700     13      0 
 14:36:23       0    195     52      -     97     57      0      0      0      0  14801   2782  15700     13      0 
 14:36:28       0    195     52      -     97     57      0      0      0      0  14801   2797  15700     13      0 
 14:36:33       0    195     52      -     97     57      0      0      0      0  14801   2797  15700     13      0 
 14:36:38       0    195     52      -     97     57      0      0      0      0  14801   2797  15700     13      0 
 14:36:43       0    195     52      -     97     57      0      0      0      0  14801   2797  15700     13      0 
 14:36:48       0    195     51      -     97     57      0      0      0      0  14801   2797  15700     13      0 
 14:36:53       0    195     51      -     97     57      0      0      0      0  14801   2797  15700     13      0 
 14:36:58       0    195     51      -     97     57      0      0      0      0  14801   2797  15700     13      0 
 14:37:03       0    195     51      -     97     57      0      0      0      0  14801   2797  15700     13      0 
 14:37:08       0    194     51      -     97     57      0      0      0      0  14801   2797  15700     13      0 
 14:37:13       0    195     51      -     97     57      0      0      0      0  14801   2797  15700     13      0 
 14:37:18       0    195     52      -     97     57      0      0      0      0  14801   2797  15700     13      0 
 14:37:23       0    195     52      -     97     57      0      0      0      0  14801   2797  15700     13      0 
#Time         gpu    pwr  gtemp  mtemp     sm    mem    enc    dec    jpg    ofa   mclk   pclk     fb   bar1   ccpm 
#HH:MM:SS     Idx      W      C      C      %      %      %      %      %      %    MHz    MHz     MB     MB     MB 
 14:37:28       0    195     52      -     97     57      0      0      0      0  14801   2797  15700     13      0 
 14:37:33       0    195     52      -     97     57      0      0      0      0  14801   2797  15700     13      0 
 14:37:38       0    195     52      -     97     57      0      0      0      0  14801   2797  15700     13      0 
 14:37:43       0    195     52      -     97     57      0      0      0      0  14801   2797  15700     13      0 
 14:37:48       0    195     52      -     97     57      0      0      0      0  14801   2797  15700     13      0 
 14:37:53       0    195     52      -     97     57      0      0      0      0  14801   2797  15700     13      0 
 14:37:58       0    195     52      -     97     57      0      0      0      0  14801   2797  15700     13      0 
 14:38:03       0    195     52      -     97     57      0      0      0      0  14801   2797  15700     13      0 
 14:38:08       0    196     52      -     97     57      0      0      0      0  14801   2797  15700     13      0 
 14:38:13       0    196     52      -     97     57      0      0      0      0  14801   2797  15700     13      0 
 14:38:18       0    195     52      -     97     57      0      0      0      0  14801   2797  15700     13      0 
 14:38:23       0    196     52      -     97     57      0      0      0      0  14801   2797  15700     13      0 
 14:38:28       0    196     53      -     97     57      0      0      0      0  14801   2797  15700     13      0 
 14:38:33       0    196     53      -     97     57      0      0      0      0  14801   2797  15700     13      0 
 14:38:38       0    196     53      -     97     57      0      0      0      0  14801   2790  15700     13      0 
 14:38:43       0    196     53      -     97     57      0      0      0      0  14801   2790  15700     13      0 
 14:38:48       0    196     53      -     97     57      0      0      0      0  14801   2790  15700     13      0 
 14:38:53       0    196     53      -     97     57      0      0      0      0  14801   2790  15700     13      0 
 14:38:58       0    196     53      -     97     57      0      0      0      0  14801   2790  15700     13      0 
 14:39:03       0    196     53      -     97     57      0      0      0      0  14801   2790  15700     13      0 
 14:39:08       0    196     53      -     97     57      0      0      0      0  14801   2790  15700     13      0 
 14:39:13       0    196     53      -     97     57      0      0      0      0  14801   2790  15700     13      0 
 14:39:18       0    196     53      -     97     57      0      0      0      0  14801   2790  15700     13      0 
 14:39:23       0    197     53      -     97     57      0      0      0      0  14801   2790  15700     13      0 
 14:39:28       0    197     53      -     97     57      0      0      0      0  14801   2790  15700     13      0 
 14:39:33       0    197     53      -     97     57      0      0      0      0  14801   2782  15700     13      0 
 14:39:38       0    197     54      -     97     57      0      0      0      0  14801   2782  15700     13      0 
 14:39:43       0    197     54      -     97     57      0      0      0      0  14801   2790  15700     13      0 
 14:39:48       0    197     54      -     97     57      0      0      0      0  14801   2790  15700     13      0 
 14:39:53       0    197     54      -     97     57      0      0      0      0  14801   2782  15700     13      0 
 14:39:58       0    197     54      -     97     57      0      0      0      0  14801   2782  15700     13      0 
 14:40:03       0    197     54      -     97     57      0      0      0      0  14801   2790  15096     13      0 
 14:40:08       0    197     54      -     97     57      0      0      0      0  14801   2790  15096     13      0 
 14:40:13       0    197     54      -     97     57      0      0      0      0  14801   2790  15096     13      0 
 14:40:18       0    197     54      -     97     57      0      0      0      0  14801   2790  15096     13      0 
 14:40:23       0    198     54      -     97     57      0      0      0      0  14801   2790  15096     13      0 
 14:40:28       0    198     54      -     97     57      0      0      0      0  14801   2790  15096     13      0 
 14:40:33       0    198     54      -     97     57      0      0      0      0  14801   2790  15096     13      0 
 14:40:38       0    198     54      -     97     57      0      0      0      0  14801   2790  15096     13      0 
 14:40:43       0    198     54      -     97     57      0      0      0      0  14801   2790  15096     13      0 
 14:40:48       0    198     54      -     97     58      0      0      0      0  14801   2790  15096     13      0 
 14:40:53       0    198     55      -     97     58      0      0      0      0  14801   2790  15096     13      0 
 14:40:58       0    198     55      -     97     57      0      0      0      0  14801   2790  15096     13      0 
 14:41:03       0    198     55      -     97     57      0      0      0      0  14801   2790  15096     13      0 
#Time         gpu    pwr  gtemp  mtemp     sm    mem    enc    dec    jpg    ofa   mclk   pclk     fb   bar1   ccpm 
#HH:MM:SS     Idx      W      C      C      %      %      %      %      %      %    MHz    MHz     MB     MB     MB 
 14:41:08       0    198     55      -     97     58      0      0      0      0  14801   2790  15096     13      0 
 14:41:13       0    198     55      -     97     58      0      0      0      0  14801   2790  15096     13      0 
 14:41:18       0    198     55      -     97     57      0      0      0      0  14801   2790  15096     13      0 
 14:41:23       0    198     55      -     97     58      0      0      0      0  14801   2782  15096     13      0 
 14:41:28       0    198     55      -     97     58      0      0      0      0  14801   2790  15096     13      0 
 14:41:33       0    198     55      -     97     58      0      0      0      0  14801   2790  15096     13      0 
 14:41:38       0    199     55      -     97     58      0      0      0      0  14801   2790  15096     13      0 
 14:41:43       0    199     55      -     97     58      0      0      0      0  14801   2790  15096     13      0 
 14:41:48       0    199     55      -     97     58      0      0      0      0  14801   2790  15096     13      0 
 14:41:53       0    174     53      -     98     48      0      0      0      0  14801   2790  15122     13      0 
 14:41:58       0    170     53      -     98     49      0      0      0      0  14801   2790  15122     13      0 
 14:42:03       0    274     61      -    100     21      0      0      0      0  14801   2805  15702     13      0 
 14:42:08       0    275     64      -    100     19      0      0      0      0  14801   2805  15702     13      0 
 14:42:13       0    275     64      -    100     17      0      0      0      0  14801   2805  15698     13      0 
 14:42:18       0    272     62      -    100     15      0      0      0      0  14801   2805  15698     13      0 
 14:42:23       0    276     61      -    100     12      0      0      0      0  14801   2805  15702     13      0 
 14:42:28       0    275     62      -    100     18      0      0      0      0  14801   2805  15698     13      0 
 14:42:33       0    275     62      -    100      9      0      0      0      0  14801   2812  15698     13      0 
 14:42:38       0    255     55      -    100      3      0      0      0      0  14801   2797  15700     13      0 
 14:42:43       0    275     62      -    100     14      0      0      0      0  14801   2805  15700     13      0 
 14:42:48       0    273     61      -    100      8      0      0      0      0  14801   2797  15698     13      0 
 14:42:53       0    275     63      -    100      3      0      0      0      0  14801   2805  15698     13      0 
 14:42:58       0    177     54      -     98     49      0      0      0      0  14801   2790  15698     13      0 
 14:43:03       0    200     54      -     98     58      0      0      0      0  14801   2790  15698     13      0 
 14:43:08       0    200     54      -     97     58      0      0      0      0  14801   2790  15698     13      0 
 14:43:13       0    199     53      -     97     58      0      0      0      0  14801   2790  15698     13      0 
 14:43:18       0    199     53      -     97     58      0      0      0      0  14801   2790  15698     13      0 
 14:43:23       0    199     53      -     98     58      0      0      0      0  14801   2790  15698     13      0 
 14:43:28       0    199     52      -     97     58      0      0      0      0  14801   2790  15698     13      0 
 14:43:33       0    199     52      -     97     58      0      0      0      0  14801   2790  15698     13      0 
 14:43:38       0    199     52      -     97     58      0      0      0      0  14801   2790  15698     13      0 
 14:43:44       0    199     52      -     98     58      0      0      0      0  14801   2790  15698     13      0 
 14:43:49       0    198     52      -     97     58      0      0      0      0  14801   2790  15698     13      0 
 14:43:54       0    199     52      -     97     58      0      0      0      0  14801   2790  15698     13      0 
 14:43:59       0    199     52      -     97     58      0      0      0      0  14801   2790  15698     13      0 
 14:44:04       0    199     52      -     97     58      0      0      0      0  14801   2790  15698     13      0 
 14:44:09       0    199     52      -     97     58      0      0      0      0  14801   2790  15698     13      0 
 14:44:14       0    199     52      -     97     58      0      0      0      0  14801   2790  15698     13      0 
 14:44:19       0    199     52      -     98     58      0      0      0      0  14801   2790  15698     13      0 
 14:44:24       0    199     52      -     98     58      0      0      0      0  14801   2790  15698     13      0 
 14:44:29       0    199     52      -     97     58      0      0      0      0  14801   2790  15698     13      0 
 14:44:34       0    199     52      -     98     58      0      0      0      0  14801   2790  15698     13      0 
 14:44:39       0    199     52      -     98     58      0      0      0      0  14801   2790  15698     13      0 
 14:44:44       0    199     52      -     97     58      0      0      0      0  14801   2797  15074     13      0 
#Time         gpu    pwr  gtemp  mtemp     sm    mem    enc    dec    jpg    ofa   mclk   pclk     fb   bar1   ccpm 
#HH:MM:SS     Idx      W      C      C      %      %      %      %      %      %    MHz    MHz     MB     MB     MB 
 14:44:49       0    199     52      -     97     58      0      0      0      0  14801   2797  15074     13      0 
 14:44:54       0    199     52      -     97     58      0      0      0      0  14801   2797  15074     13      0 
 14:44:59       0    199     52      -     97     58      0      0      0      0  14801   2797  15074     13      0 
 14:45:04       0    199     52      -     97     58      0      0      0      0  14801   2797  15074     13      0 
 14:45:09       0    199     52      -     98     58      0      0      0      0  14801   2797  15074     13      0 
 14:45:14       0    200     52      -     98     59      0      0      0      0  14801   2797  15074     13      0 
 14:45:19       0    199     52      -     97     58      0      0      0      0  14801   2797  15074     13      0 
 14:45:24       0    199     53      -     98     58      0      0      0      0  14801   2790  15074     13      0 
 14:45:29       0    199     53      -     97     58      0      0      0      0  14801   2790  15074     13      0 
 14:45:34       0    200     53      -     97     58      0      0      0      0  14801   2790  15074     13      0 
 14:45:39       0    200     53      -     97     58      0      0      0      0  14801   2790  15074     13      0 
 14:45:44       0    199     53      -     97     58      0      0      0      0  14801   2790  15074     13      0 
 14:45:49       0    200     53      -     97     59      0      0      0      0  14801   2790  15074     13      0 
 14:45:54       0    200     53      -     97     58      0      0      0      0  14801   2790  15074     13      0 
 14:45:59       0    200     53      -     98     58      0      0      0      0  14801   2790  15074     13      0 
 14:46:04       0    200     53      -     97     58      0      0      0      0  14801   2790  15074     13      0 
 14:46:09       0    200     53      -     97     58      0      0      0      0  14801   2790  15074     13      0 
 14:46:14       0    200     53      -     97     58      0      0      0      0  14801   2790  15074     13      0 
 14:46:19       0    200     53      -     98     59      0      0      0      0  14801   2790  15074     13      0 
 14:46:24       0    200     53      -     97     59      0      0      0      0  14801   2790  15074     13      0 
 14:46:29       0    200     54      -     98     59      0      0      0      0  14801   2790  15074     13      0 
 14:46:34       0    201     54      -     97     59      0      0      0      0  14801   2790  15074     13      0 
 14:46:39       0    201     54      -     98     59      0      0      0      0  14801   2790  15074     13      0 
 14:46:44       0    200     54      -     97     59      0      0      0      0  14801   2790  15074     13      0 
 14:46:49       0    201     54      -     98     59      0      0      0      0  14801   2790  15074     13      0 
 14:46:54       0    201     54      -     97     59      0      0      0      0  14801   2790  15074     13      0 
 14:46:59       0    201     54      -     98     59      0      0      0      0  14801   2790  15074     13      0 
 14:47:04       0    201     54      -     98     59      0      0      0      0  14801   2790  15074     13      0 
 14:47:09       0    201     54      -     98     59      0      0      0      0  14801   2790  15074     13      0 
 14:47:14       0    201     54      -     98     59      0      0      0      0  14801   2790  15074     13      0 
 14:47:19       0    201     54      -     98     59      0      0      0      0  14801   2790  15074     13      0 
 14:47:24       0    201     54      -     98     59      0      0      0      0  14801   2790  15074     13      0 
 14:47:29       0    201     54      -     98     59      0      0      0      0  14801   2790  15074     13      0 
 14:47:34       0    202     54      -     97     59      0      0      0      0  14801   2790  15074     13      0 
 14:47:39       0    201     54      -     98     59      0      0      0      0  14801   2790  15074     13      0 
 14:47:44       0    201     54      -     97     59      0      0      0      0  14801   2790  15074     13      0 
 14:47:49       0    201     55      -     98     59      0      0      0      0  14801   2790  15074     13      0 
 14:47:54       0    202     55      -     97     59      0      0      0      0  14801   2790  15074     13      0 
 14:47:59       0    202     55      -     98     59      0      0      0      0  14801   2790  15074     13      0 
 14:48:04       0    202     55      -     98     59      0      0      0      0  14801   2790  15074     13      0 
 14:48:09       0    202     55      -     98     59      0      0      0      0  14801   2790  15074     13      0 
 14:48:14       0    202     55      -     98     59      0      0      0      0  14801   2790  15074     13      0 
 14:48:19       0    202     55      -     98     59      0      0      0      0  14801   2790  15074     13      0 
 14:48:24       0    202     55      -     98     59      0      0      0      0  14801   2790  15074     13      0 
#Time         gpu    pwr  gtemp  mtemp     sm    mem    enc    dec    jpg    ofa   mclk   pclk     fb   bar1   ccpm 
#HH:MM:SS     Idx      W      C      C      %      %      %      %      %      %    MHz    MHz     MB     MB     MB 
 14:48:29       0    202     55      -     98     59      0      0      0      0  14801   2790  15074     13      0 
 14:48:34       0    202     55      -     98     59      0      0      0      0  14801   2790  15074     13      0 
 14:48:39       0    202     55      -     98     59      0      0      0      0  14801   2790  15074     13      0 
 14:48:44       0    202     55      -     98     59      0      0      0      0  14801   2790  15074     13      0 
 14:48:49       0    202     55      -     98     59      0      0      0      0  14801   2790  15074     13      0 
 14:48:54       0    203     55      -     98     59      0      0      0      0  14801   2790  15074     13      0 
 14:48:59       0    203     55      -     98     59      0      0      0      0  14801   2790  15074     13      0 
 14:49:04       0    203     55      -     98     59      0      0      0      0  14801   2790  15074     13      0 
 14:49:09       0    203     55      -     98     59      0      0      0      0  14801   2790  15074     13      0 
 14:49:14       0    267     61      -    100     26      0      0      0      0  14801   2805  15658     13      0 
 14:49:19       0    275     62      -    100     17      0      0      0      0  14801   2805  15658     13      0 
 14:49:24       0    275     64      -    100      7      0      0      0      0  14801   2805  15698     13      0 
 14:49:29       0    275     64      -    100      1      0      0      0      0  14801   2805  15698     13      0 
 14:49:34       0    277     60      -    100     26      0      0      0      0  14801   2805  15702     13      0 
 14:49:39       0    275     62      -    100     19      0      0      0      0  14801   2805  15702     13      0 
 14:49:44       0    275     63      -    100     16      0      0      0      0  14801   2805  15698     13      0 
 14:49:49       0    274     61      -    100     20      0      0      0      0  14801   2805  15698     13      0 
 14:49:54       0    180     54      -     98     49      0      0      0      0  14801   2790  15698     13      0 
 14:49:59       0    186     53      -     98     53      0      0      0      0  14801   2790  15698     13      0 
 14:50:04       0    179     52      -     98     51      0      0      0      0  14801   2790  15698     13      0 
 14:50:09       0    199     53      -     97     58      0      0      0      0  14801   2790  15698     13      0 
 14:50:14       0    199     53      -     97     58      0      0      0      0  14801   2790  15698     13      0 
 14:50:19       0    199     52      -     97     58      0      0      0      0  14801   2790  15698     13      0 
 14:50:24       0    199     52      -     98     58      0      0      0      0  14801   2790  15698     13      0 
 14:50:29       0    199     52      -     98     58      0      0      0      0  14801   2790  15698     13      0 
 14:50:34       0    199     52      -     97     58      0      0      0      0  14801   2790  15698     13      0 
 14:50:39       0    199     52      -     97     58      0      0      0      0  14801   2790  15698     13      0 
 14:50:44       0    199     52      -     97     58      0      0      0      0  14801   2790  15698     13      0 
 14:50:49       0    198     52      -     97     58      0      0      0      0  14801   2790  15698     13      0 
 14:50:54       0    198     52      -     98     58      0      0      0      0  14801   2790  15698     13      0 
 14:50:59       0    199     52      -     98     58      0      0      0      0  14801   2790  15698     13      0 
 14:51:04       0    198     52      -     97     58      0      0      0      0  14801   2790  15698     13      0 
 14:51:09       0    198     52      -     97     58      0      0      0      0  14801   2790  15698     13      0 
 14:51:14       0    198     52      -     97     58      0      0      0      0  14801   2790  15698     13      0 
 14:51:19       0    198     52      -     97     58      0      0      0      0  14801   2790  15698     13      0 
 14:51:24       0    199     52      -     97     58      0      0      0      0  14801   2790  15698     13      0 
 14:51:29       0    199     52      -     97     58      0      0      0      0  14801   2790  15698     13      0 
 14:51:34       0    198     52      -     97     58      0      0      0      0  14801   2790  15698     13      0 
 14:51:39       0    197     52      -     98     58      0      0      0      0  14801   2790  15074     13      0 
 14:51:44       0    198     52      -     97     58      0      0      0      0  14801   2790  15074     13      0 
 14:51:49       0    199     52      -     97     58      0      0      0      0  14801   2790  15074     13      0 
 14:51:54       0    198     52      -     97     58      0      0      0      0  14801   2790  15074     13      0 
 14:51:59       0    199     52      -     98     58      0      0      0      0  14801   2790  15074     13      0 
 14:52:04       0    199     52      -     97     58      0      0      0      0  14801   2790  15074     13      0 
#Time         gpu    pwr  gtemp  mtemp     sm    mem    enc    dec    jpg    ofa   mclk   pclk     fb   bar1   ccpm 
#HH:MM:SS     Idx      W      C      C      %      %      %      %      %      %    MHz    MHz     MB     MB     MB 
 14:52:09       0    199     52      -     97     58      0      0      0      0  14801   2790  15074     13      0 
 14:52:14       0    199     52      -     98     58      0      0      0      0  14801   2790  15074     13      0 
 14:52:19       0    199     53      -     98     58      0      0      0      0  14801   2790  15074     13      0 
 14:52:24       0    199     53      -     97     58      0      0      0      0  14801   2790  15074     13      0 
 14:52:30       0    199     53      -     97     58      0      0      0      0  14801   2790  15074     13      0 
 14:52:35       0    199     53      -     98     58      0      0      0      0  14801   2790  15074     13      0 
 14:52:40       0    199     53      -     98     58      0      0      0      0  14801   2790  15074     13      0 
 14:52:45       0    200     53      -     98     58      0      0      0      0  14801   2790  15074     13      0 
 14:52:50       0    200     53      -     98     59      0      0      0      0  14801   2790  15074     13      0 
 14:52:55       0    200     53      -     98     58      0      0      0      0  14801   2790  15074     13      0 
 14:53:00       0    200     53      -     98     58      0      0      0      0  14801   2790  15074     13      0 
 14:53:05       0    200     53      -     97     58      0      0      0      0  14801   2790  15074     13      0 
 14:53:10       0    200     53      -     97     58      0      0      0      0  14801   2790  15074     13      0 
 14:53:15       0    200     53      -     98     59      0      0      0      0  14801   2790  15074     13      0 
 14:53:20       0    200     53      -     98     59      0      0      0      0  14801   2790  15074     13      0 
 14:53:25       0    200     53      -     97     58      0      0      0      0  14801   2790  15074     13      0 
 14:53:30       0    200     54      -     98     59      0      0      0      0  14801   2790  15074     13      0 
 14:53:35       0    200     54      -     98     59      0      0      0      0  14801   2790  15074     13      0 
 14:53:40       0    200     54      -     98     59      0      0      0      0  14801   2790  15074     13      0 
 14:53:45       0    201     54      -     98     59      0      0      0      0  14801   2790  15074     13      0 
 14:53:50       0    200     54      -     97     59      0      0      0      0  14801   2790  15074     13      0 
 14:53:55       0    200     54      -     98     59      0      0      0      0  14801   2790  15074     13      0 
 14:54:00       0    200     54      -     97     59      0      0      0      0  14801   2790  15074     13      0 
 14:54:05       0    201     54      -     98     59      0      0      0      0  14801   2790  15074     13      0 
 14:54:10       0    201     54      -     98     59      0      0      0      0  14801   2790  15074     13      0 
 14:54:15       0    201     54      -     97     59      0      0      0      0  14801   2790  15074     13      0 
 14:54:20       0    201     54      -     98     59      0      0      0      0  14801   2790  15074     13      0 
 14:54:25       0    201     54      -     98     59      0      0      0      0  14801   2790  15074     13      0 
 14:54:30       0    201     54      -     98     59      0      0      0      0  14801   2790  15074     13      0 
 14:54:35       0    201     54      -     98     59      0      0      0      0  14801   2790  15074     13      0 
 14:54:40       0    201     54      -     98     59      0      0      0      0  14801   2790  15074     13      0 
 14:54:45       0    201     55      -     98     59      0      0      0      0  14801   2790  15074     13      0 
 14:54:50       0    201     55      -     98     59      0      0      0      0  14801   2790  15074     13      0 
 14:54:55       0    201     55      -     98     59      0      0      0      0  14801   2790  15074     13      0 
 14:55:00       0    201     55      -     98     59      0      0      0      0  14801   2790  15074     13      0 
 14:55:05       0    201     55      -     98     59      0      0      0      0  14801   2790  15074     13      0 
 14:55:10       0    201     55      -     97     59      0      0      0      0  14801   2790  15074     13      0 
 14:55:15       0    201     55      -     98     59      0      0      0      0  14801   2790  15074     13      0 
 14:55:20       0    202     55      -     98     59      0      0      0      0  14801   2790  15074     13      0 
 14:55:25       0    202     55      -     98     59      0      0      0      0  14801   2790  15074     13      0 
 14:55:30       0    202     55      -     98     59      0      0      0      0  14801   2790  15074     13      0 
 14:55:35       0    202     55      -     98     59      0      0      0      0  14801   2790  15074     13      0 
 14:55:40       0    202     55      -     98     59      0      0      0      0  14801   2790  15074     13      0 
 14:55:45       0    202     55      -     98     59      0      0      0      0  14801   2790  15074     13      0 
#Time         gpu    pwr  gtemp  mtemp     sm    mem    enc    dec    jpg    ofa   mclk   pclk     fb   bar1   ccpm 
#HH:MM:SS     Idx      W      C      C      %      %      %      %      %      %    MHz    MHz     MB     MB     MB 
 14:55:50       0    202     55      -     98     59      0      0      0      0  14801   2790  15074     13      0 
 14:55:55       0    202     55      -     98     59      0      0      0      0  14801   2790  15074     13      0 
 14:56:00       0    202     55      -     98     59      0      0      0      0  14801   2790  15074     13      0 
 14:56:05       0    202     55      -     98     59      0      0      0      0  14801   2790  15074     13      0 
 14:56:10       0    181     50      -      0      0      0      0      0      0  14801   2797  15658     13      0 
 14:56:15       0    275     61      -    100     27      0      0      0      0  14801   2805  15658     13      0 
 14:56:20       0    273     64      -    100      3      0      0      0      0  14801   2805  15698     13      0 
 14:56:25       0    276     61      -    100     28      0      0      0      0  14801   2805  15698     13      0 
 14:56:30       0    179     54      -     98     47      0      0      0      0  14801   2790  15700     13      0 
 14:56:35       0    276     61      -    100     28      0      0      0      0  14801   2805  15700     13      0 
 14:56:40       0    274     62      -    100     12      0      0      0      0  14801   2805  15698     13      0 
 14:56:45       0    275     64      -    100      0      0      0      0      0  14801   2805  15698     13      0 
 14:56:50       0    174     53      -     98     46      0      0      0      0  14801   2790  15698     13      0 
 14:56:55       0    178     53      -     98     49      0      0      0      0  14801   2790  15698     13      0 
 14:57:00       0    179     52      -     98     47      0      0      0      0  14801   2790  15698     13      0 
 14:57:05       0    176     52      -     98     45      0      0      0      0  14801   2797  15698     13      0 
 14:57:10       0    274     59      -    100     20      0      0      0      0  14801   2820  15700     13      0 
 14:57:15       0    274     61      -    100     24      0      0      0      0  14801   2805  15700     13      0 
 14:57:20       0    272     60      -    100     11      0      0      0      0  14801   2812  15698     13      0 
 14:57:25       0    272     60      -    100     12      0      0      0      0  14801   2812  15698     13      0 
 14:57:30       0    223     60      -    100     24      0      0      0      0  14801   2820  15700     13      0 
 14:57:35       0    273     62      -    100     20      0      0      0      0  14801   2812  15700     13      0 
 14:57:40       0    274     60      -    100     11      0      0      0      0  14801   2805  15698     13      0 
 14:57:45       0    273     61      -    100     25      0      0      0      0  14801   2805  15698     13      0 
 14:57:50       0    275     60      -    100     21      0      0      0      0  14801   2812  15700     13      0 
 14:57:55       0    273     63      -    100     25      0      0      0      0  14801   2797  15700     13      0 
 14:58:00       0    274     61      -    100      1      0      0      0      0  14801   2805  15698     13      0 
 14:58:05       0    273     60      -    100     15      0      0      0      0  14801   2805  15698     13      0 
 14:58:10       0    264     62      -    100     22      0      0      0      0  14801   2805  15698     13      0 
 14:58:15       0    261     62      -    100      2      0      0      0      0  14801   2797  15676     13      0 
 14:58:20       0    260     59      -    100      2      0      0      0      0  14801   2797  15676     13      0 
 14:58:25       0    261     61      -    100     18      0      0      0      0  14801   2805  15676     13      0 
 14:58:30       0    261     62      -    100      2      0      0      0      0  14801   2805  15676     13      0 
 14:58:35       0    259     62      -    100      2      0      0      0      0  14801   2797  15680     13      0 
 14:58:40       0    259     61      -    100     10      0      0      0      0  14801   2805  15680     13      0 
 14:58:45       0     52     47      -      0      0      0      0      0      0  14801   2812  15658     13      0 
