#Time         gpu    pwr  gtemp  mtemp     sm    mem    enc    dec    jpg    ofa   mclk   pclk     fb   bar1   ccpm 
#HH:MM:SS     Idx      W      C      C      %      %      %      %      %      %    MHz    MHz     MB     MB     MB 
 14:59:10       0     16     42      -      0      6      0      0      0      0    405    195     10     10      0 
 14:59:15       0     16     42      -      0      6      0      0      0      0    405    195     10     10      0 
 14:59:20       0     20     42      -      0      0      0      0      0      0  14801   2085    348     13      0 
 14:59:25       0     47     42      -      0      0      0      0      0      0  14801   2692  15084     13      0 
 14:59:30       0     48     42      -      0      0      0      0      0      0  14801   2692  11474     13      0 
 14:59:35       0     47     42      -      1      0      0      0      0      0  14801   2715  11508     13      0 
 14:59:40       0     48     42      -      0      0      0      0      0      0  14801   2692  11508     13      0 
 14:59:45       0     61     44      -     96     14      0      0      0      0  14801   2835  11534     13      0 
 14:59:50       0     52     43      -     72      7      0      0      0      0  14801   2700  12110     13      0 
 14:59:55       0     50     43      -      0      0      0      0      0      0  14801   2850  12110     13      0 
 15:00:00       0     47     42      -      0      0      0      0      0      0  14801   2692  15092     13      0 
 15:00:05       0     49     43      -      0      0      0      0      0      0  14801   2835  15698     13      0 
 15:00:10       0     47     43      -      0      0      0      0      0      0  14801   2692  15698     13      0 
 15:00:15       0     47     43      -      0      0      0      0      0      0  14801   2692  15698     13      0 
 15:00:20       0     46     43      -      0      0      0      0      0      0   7001   2550  15698     13      0 
 15:00:25       0    157     49      -     98     49      0      0      0      0  14801   2797  15700     13      0 
 15:00:30       0    273     57      -     99     27      0      0      0      0  14801   2820  15700     13      0 
 15:00:35       0    271     59      -    100     22      0      0      0      0  14801   2812  15698     13      0 
 15:00:40       0     87     57      -    100     26      0      0      0      0  14801   2760  15700     13      0 
 15:00:45       0    272     60      -    100     17      0      0      0      0  14801   2812  15700     13      0 
 15:00:50       0    272     60      -    100     24      0      0      0      0  14801   2805  15698     13      0 
 15:00:55       0    272     62      -    100      1      0      0      0      0  14801   2797  15698     13      0 
 15:01:00       0    263     59      -    100     18      0      0      0      0  14801   2790  15700     13      0 
 15:01:05       0    261     61      -    100      2      0      0      0      0  14801   2812  15674     13      0 
 15:01:10       0    260     62      -    100      2      0      0      0      0  14801   2805  15676     13      0 
 15:01:15       0    260     61      -    100      3      0      0      0      0  14801   2812  15676     13      0 
 15:01:20       0    259     62      -    100      5      0      0      0      0  14801   2805  15676     13      0 
 15:01:25       0    257     61      -    100      9      0      0      0      0  14801   2805  15680     13      0 
 15:01:30       0    260     62      -    100      2      0      0      0      0  14801   2797  15680     13      0 
 15:01:35       0    256     59      -    100     18      0      0      0      0  14801   2805  15680     13      0 
 15:01:40       0    258     62      -    100      2      0      0      0      0  14801   2797  15680     13      0 
 15:01:45       0    256     62      -    100      2      0      0      0      0  14801   2805  15680     13      0 
 15:01:50       0    257     62      -    100      2      0      0      0      0  14801   2797  15700     13      0 
 15:01:55       0    257     62      -    100      2      0      0      0      0  14801   2805  15700     13      0 
 15:02:00       0    255     58      -    100     18      0      0      0      0  14801   2797  15700     13      0 
 15:02:05       0    256     62      -    100      2      0      0      0      0  14801   2797  15700     13      0 
 15:02:10       0    256     62      -    100      2      0      0      0      0  14801   2797  15700     13      0 
 15:02:15       0    257     62      -    100      2      0      0      0      0  14801   2797  15700     13      0 
 15:02:20       0    257     62      -    100      2      0      0      0      0  14801   2797  15700     13      0 
 15:02:25       0    255     61      -    100     15      0      0      0      0  14801   2805  15696     13      0 
 15:02:30       0    256     62      -    100      2      0      0      0      0  14801   2797  15696     13      0 
 15:02:35       0    255     60      -    100     22      0      0      0      0  14801   2805  15696     13      0 
 15:02:40       0    255     62      -    100      2      0      0      0      0  14801   2805  15696     13      0 
 15:02:45       0    255     62      -    100      2      0      0      0      0  14801   2797  15696     13      0 
#Time         gpu    pwr  gtemp  mtemp     sm    mem    enc    dec    jpg    ofa   mclk   pclk     fb   bar1   ccpm 
#HH:MM:SS     Idx      W      C      C      %      %      %      %      %      %    MHz    MHz     MB     MB     MB 
 15:02:50       0    256     62      -    100      2      0      0      0      0  14801   2797  15696     13      0 
 15:02:55       0    254     60      -    100      2      0      0      0      0  14801   2797  15696     13      0 
 15:03:00       0    255     62      -    100      2      0      0      0      0  14801   2797  15696     13      0 
 15:03:05       0    255     62      -    100      2      0      0      0      0  14801   2797  15676     13      0 
 15:03:10       0    253     60      -    100      2      0      0      0      0  14801   2797  15676     13      0 
 15:03:15       0    255     62      -    100      3      0      0      0      0  14801   2797  15676     13      0 
 15:03:20       0    255     62      -    100      2      0      0      0      0  14801   2797  15676     13      0 
 15:03:25       0    254     62      -    100      2      0      0      0      0  14801   2805  15676     13      0 
 15:03:30       0    256     62      -    100     26      0      0      0      0  14801   2797  15676     13      0 
 15:03:35       0    256     62      -    100      2      0      0      0      0  14801   2797  15676     13      0 
 15:03:40       0    255     62      -    100      2      0      0      0      0  14801   2797  15676     13      0 
 15:03:45       0    255     62      -    100      2      0      0      0      0  14801   2797  15676     13      0 
 15:03:50       0    255     62      -    100      2      0      0      0      0  14801   2797  15676     13      0 
 15:03:55       0    255     62      -    100      2      0      0      0      0  14801   2797  15676     13      0 
 15:04:00       0    256     62      -     99     25      0      0      0      0  14801   2797  15676     13      0 
 15:04:05       0    255     62      -    100      2      0      0      0      0  14801   2797  15676     13      0 
 15:04:10       0    254     61      -    100      2      0      0      0      0  14801   2805  15676     13      0 
 15:04:15       0    254     62      -    100      2      0      0      0      0  14801   2797  15676     13      0 
 15:04:20       0    254     62      -    100      2      0      0      0      0  14801   2797  15676     13      0 
 15:04:25       0    255     56      -    100      2      0      0      0      0  14801   2797  15676     13      0 
 15:04:30       0    254     62      -    100     23      0      0      0      0  14801   2797  15676     13      0 
 15:04:35       0    254     62      -    100      2      0      0      0      0  14801   2797  15676     13      0 
 15:04:40       0    254     62      -    100      2      0      0      0      0  14801   2812  15700     13      0 
 15:04:45       0    255     62      -    100      2      0      0      0      0  14801   2797  15700     13      0 
 15:04:50       0    254     61      -    100      2      0      0      0      0  14801   2797  15700     13      0 
 15:04:55       0    254     61      -    100      2      0      0      0      0  14801   2805  15700     13      0 
 15:05:00       0    255     62      -    100      2      0      0      0      0  14801   2797  15700     13      0 
 15:05:05       0    254     61      -    100      2      0      0      0      0  14801   2797  15700     13      0 
 15:05:10       0    253     58      -    100      2      0      0      0      0  14801   2797  15700     13      0 
 15:05:15       0    253     61      -    100      2      0      0      0      0  14801   2805  15700     13      0 
 15:05:20       0    254     61      -    100      2      0      0      0      0  14801   2805  15700     13      0 
 15:05:25       0    254     61      -    100      2      0      0      0      0  14801   2805  15700     13      0 
 15:05:30       0    253     61      -    100      2      0      0      0      0  14801   2797  15700     13      0 
 15:05:35       0    255     61      -    100      4      0      0      0      0  14801   2812  15700     13      0 
 15:05:40       0    253     61      -    100      2      0      0      0      0  14801   2805  15700     13      0 
 15:05:45       0    253     61      -    100      2      0      0      0      0  14801   2812  15700     13      0 
 15:05:50       0    254     61      -    100      2      0      0      0      0  14801   2812  15700     13      0 
 15:05:55       0    250     59      -    100      2      0      0      0      0  14801   2767  15700     13      0 
 15:06:00       0    258     61      -    100      2      0      0      0      0  14801   2797  15700     13      0 
 15:06:05       0    254     61      -    100      2      0      0      0      0  14801   2812  15700     13      0 
 15:06:10       0    253     61      -    100      9      0      0      0      0  14801   2812  15700     13      0 
 15:06:15       0    254     61      -    100      2      0      0      0      0  14801   2812  15700     13      0 
 15:06:20       0    256     61      -    100      2      0      0      0      0  14801   2797  15700     13      0 
 15:06:25       0    253     61      -    100      2      0      0      0      0  14801   2812  15700     13      0 
#Time         gpu    pwr  gtemp  mtemp     sm    mem    enc    dec    jpg    ofa   mclk   pclk     fb   bar1   ccpm 
#HH:MM:SS     Idx      W      C      C      %      %      %      %      %      %    MHz    MHz     MB     MB     MB 
 15:06:30       0    252     61      -    100      2      0      0      0      0  14801   2812  15700     13      0 
 15:06:36       0    257     61      -    100      2      0      0      0      0  14801   2812  15700     13      0 
 15:06:41       0    249     61      -    100     17      0      0      0      0  14801   2797  15680     13      0 
 15:06:46       0    253     61      -    100      2      0      0      0      0  14801   2812  15680     13      0 
 15:06:51       0    252     61      -    100      2      0      0      0      0  14801   2797  15680     13      0 
 15:06:56       0    254     61      -    100      2      0      0      0      0  14801   2812  15680     13      0 
 15:07:01       0    253     61      -    100      2      0      0      0      0  14801   2797  15680     13      0 
 15:07:06       0    254     61      -    100      2      0      0      0      0  14801   2812  15680     13      0 
 15:07:11       0    253     61      -    100      2      0      0      0      0  14801   2812  15680     13      0 
 15:07:16       0    252     61      -    100      2      0      0      0      0  14801   2805  15680     13      0 
 15:07:21       0    253     61      -    100      2      0      0      0      0  14801   2797  15680     13      0 
 15:07:26       0    252     61      -    100      2      0      0      0      0  14801   2812  15680     13      0 
 15:07:31       0    258     61      -    100      2      0      0      0      0  14801   2812  15680     13      0 
 15:07:36       0    253     61      -    100      8      0      0      0      0  14801   2812  15680     13      0 
 15:07:41       0    202     59      -    100      5      0      0      0      0  14801   2812  15680     13      0 
 15:07:46       0    275     60      -    100     17      0      0      0      0  14801   2812  15676     13      0 
 15:07:51       0    273     60      -    100      7      0      0      0      0  14801   2805  15676     13      0 
 15:07:56       0    219     53      -     98     52      0      0      0      0  14801   2782  15700     13      0 
 15:08:01       0    274     61      -    100     16      0      0      0      0  14801   2812  15700     13      0 
 15:08:06       0    272     62      -    100     14      0      0      0      0  14801   2805  15700     13      0 
 15:08:11       0    272     62      -    100     25      0      0      0      0  14801   2805  15698     13      0 
 15:08:16       0    267     62      -    100     13      0      0      0      0  14801   2805  15698     13      0 
 15:08:21       0    261     62      -     94     26      0      0      0      0  14801   2812  15676     13      0 
 15:08:26       0    261     62      -    100     25      0      0      0      0  14801   2805  15676     13      0 
 15:08:31       0    261     62      -    100     18      0      0      0      0  14801   2797  15676     13      0 
 15:08:36       0    260     62      -     99     26      0      0      0      0  14801   2812  15676     13      0 
 15:08:41       0    258     60      -    100      2      0      0      0      0  14801   2797  15676     13      0 
 15:08:46       0    258     62      -    100      2      0      0      0      0  14801   2805  15680     13      0 
 15:08:51       0    259     59      -    100     25      0      0      0      0  14801   2797  15680     13      0 
 15:08:56       0    258     61      -    100     10      0      0      0      0  14801   2797  15680     13      0 
 15:09:01       0    258     62      -    100      2      0      0      0      0  14801   2797  15680     13      0 
 15:09:06       0    258     60      -    100      2      0      0      0      0  14801   2797  15680     13      0 
 15:09:11       0    256     61      -    100     11      0      0      0      0  14801   2797  15700     13      0 
 15:09:16       0    257     61      -    100      2      0      0      0      0  14801   2797  15700     13      0 
 15:09:21       0    258     62      -    100      9      0      0      0      0  14801   2805  15700     13      0 
 15:09:26       0    256     62      -    100      2      0      0      0      0  14801   2797  15700     13      0 
 15:09:31       0    256     62      -    100      2      0      0      0      0  14801   2797  15700     13      0 
 15:09:36       0    256     62      -    100      2      0      0      0      0  14801   2797  15700     13      0 
 15:09:41       0    258     62      -    100      2      0      0      0      0  14801   2805  15700     13      0 
 15:09:46       0    256     59      -    100     20      0      0      0      0  14801   2797  15696     13      0 
 15:09:51       0    258     62      -    100      2      0      0      0      0  14801   2805  15696     13      0 
 15:09:56       0    258     62      -    100      2      0      0      0      0  14801   2797  15696     13      0 
 15:10:01       0    258     60      -    100      2      0      0      0      0  14801   2797  15696     13      0 
 15:10:06       0    255     60      -    100      2      0      0      0      0  14801   2797  15696     13      0 
#Time         gpu    pwr  gtemp  mtemp     sm    mem    enc    dec    jpg    ofa   mclk   pclk     fb   bar1   ccpm 
#HH:MM:SS     Idx      W      C      C      %      %      %      %      %      %    MHz    MHz     MB     MB     MB 
 15:10:11       0    258     59      -    100      2      0      0      0      0  14801   2797  15696     13      0 
 15:10:16       0    257     62      -    100      2      0      0      0      0  14801   2797  15696     13      0 
 15:10:21       0    257     62      -    100      2      0      0      0      0  14801   2797  15676     13      0 
 15:10:26       0    257     62      -    100     17      0      0      0      0  14801   2812  15676     13      0 
 15:10:31       0    256     62      -    100      2      0      0      0      0  14801   2797  15676     13      0 
 15:10:36       0    257     62      -    100      2      0      0      0      0  14801   2805  15676     13      0 
 15:10:41       0    256     62      -    100      2      0      0      0      0  14801   2797  15676     13      0 
 15:10:46       0    255     57      -    100      2      0      0      0      0  14801   2797  15676     13      0 
 15:10:51       0    256     62      -    100     23      0      0      0      0  14801   2805  15676     13      0 
 15:10:56       0    255     62      -    100      2      0      0      0      0  14801   2805  15676     13      0 
 15:11:01       0    255     62      -    100      2      0      0      0      0  14801   2805  15676     13      0 
 15:11:06       0    256     62      -    100      2      0      0      0      0  14801   2805  15676     13      0 
 15:11:11       0    255     62      -    100      2      0      0      0      0  14801   2805  15676     13      0 
 15:11:16       0    255     62      -    100      2      0      0      0      0  14801   2805  15676     13      0 
 15:11:21       0    254     60      -    100      2      0      0      0      0  14801   2797  15676     13      0 
 15:11:26       0    254     62      -    100      2      0      0      0      0  14801   2797  15676     13      0 
 15:11:31       0    256     62      -    100      2      0      0      0      0  14801   2797  15676     13      0 
 15:11:36       0    255     62      -    100     19      0      0      0      0  14801   2805  15676     13      0 
 15:11:41       0    254     62      -    100      2      0      0      0      0  14801   2797  15676     13      0 
 15:11:46       0    254     62      -    100      2      0      0      0      0  14801   2805  15676     13      0 
 15:11:51       0    255     62      -    100      2      0      0      0      0  14801   2797  15676     13      0 
 15:11:56       0    255     62      -    100      2      0      0      0      0  14801   2812  15676     13      0 
 15:12:01       0    254     62      -    100      2      0      0      0      0  14801   2797  15700     13      0 
 15:12:06       0    257     57      -    100      2      0      0      0      0  14801   2797  15700     13      0 
 15:12:11       0    255     62      -    100      2      0      0      0      0  14801   2812  15700     13      0 
 15:12:16       0    252     59      -    100      2      0      0      0      0  14801   2797  15700     13      0 
 15:12:21       0    254     61      -    100      2      0      0      0      0  14801   2812  15700     13      0 
 15:12:26       0    254     61      -    100      2      0      0      0      0  14801   2797  15700     13      0 
 15:12:31       0    254     61      -    100      4      0      0      0      0  14801   2797  15700     13      0 
 15:12:36       0    253     62      -    100      2      0      0      0      0  14801   2797  15700     13      0 
 15:12:41       0    253     62      -    100      2      0      0      0      0  14801   2797  15700     13      0 
 15:12:46       0    254     61      -    100      2      0      0      0      0  14801   2797  15700     13      0 
 15:12:51       0    253     61      -    100      2      0      0      0      0  14801   2797  15700     13      0 
 15:12:56       0    253     61      -    100      2      0      0      0      0  14801   2797  15700     13      0 
 15:13:01       0    254     61      -    100      2      0      0      0      0  14801   2797  15700     13      0 
 15:13:06       0    253     61      -    100      2      0      0      0      0  14801   2797  15700     13      0 
 15:13:11       0    254     61      -    100     15      0      0      0      0  14801   2790  15700     13      0 
 15:13:16       0    254     61      -    100      2      0      0      0      0  14801   2805  15700     13      0 
 15:13:21       0    253     61      -    100      2      0      0      0      0  14801   2805  15700     13      0 
 15:13:26       0    256     61      -    100      2      0      0      0      0  14801   2797  15700     13      0 
 15:13:31       0    253     61      -    100      2      0      0      0      0  14801   2790  15700     13      0 
 15:13:36       0    251     61      -    100     10      0      0      0      0  14801   2767  15700     13      0 
 15:13:41       0    252     61      -    100      2      0      0      0      0  14801   2805  15700     13      0 
 15:13:46       0    254     61      -    100      2      0      0      0      0  14801   2767  15700     13      0 
#Time         gpu    pwr  gtemp  mtemp     sm    mem    enc    dec    jpg    ofa   mclk   pclk     fb   bar1   ccpm 
#HH:MM:SS     Idx      W      C      C      %      %      %      %      %      %    MHz    MHz     MB     MB     MB 
 15:13:51       0    252     61      -    100     16      0      0      0      0  14801   2782  15700     13      0 
 15:13:56       0    252     61      -    100      2      0      0      0      0  14801   2790  15700     13      0 
 15:14:01       0    252     61      -    100      2      0      0      0      0  14801   2767  15680     13      0 
 15:14:06       0    254     61      -    100      2      0      0      0      0  14801   2812  15680     13      0 
 15:14:11       0    256     61      -    100      2      0      0      0      0  14801   2797  15680     13      0 
 15:14:16       0    253     61      -    100      2      0      0      0      0  14801   2805  15680     13      0 
 15:14:21       0    256     61      -    100      2      0      0      0      0  14801   2797  15680     13      0 
 15:14:26       0    252     61      -    100      2      0      0      0      0  14801   2812  15680     13      0 
 15:14:31       0    256     61      -    100      2      0      0      0      0  14801   2797  15680     13      0 
 15:14:36       0    252     61      -    100      2      0      0      0      0  14801   2812  15680     13      0 
 15:14:41       0    256     61      -    100      2      0      0      0      0  14801   2767  15680     13      0 
 15:14:46       0    253     61      -    100      2      0      0      0      0  14801   2812  15680     13      0 
 15:14:51       0    252     61      -    100      8      0      0      0      0  14801   2812  15680     13      0 
 15:14:56       0    258     61      -    100      2      0      0      0      0  14801   2812  15680     13      0 
 15:15:01       0     53     47      -      0      0      0      0      0      0  14801   2835  15676     13      0 
 15:15:06       0     50     45      -      0      0      0      0      0      0  15001   2692     10     10      0 
