#Time         gpu    pwr  gtemp  mtemp     sm    mem    enc    dec    jpg    ofa   mclk   pclk     fb   bar1   ccpm 
#HH:MM:SS     Idx      W      C      C      %      %      %      %      %      %    MHz    MHz     MB     MB     MB 
 15:15:26       0     16     41      -      0      6      0      0      0      0    405    195     10     10      0 
 15:15:31       0     16     41      -      0      6      0      0      0      0    405    195     10     10      0 
 15:15:36       0     17     41      -      0      6      0      0      0      0  15001    195     10     10      0 
 15:15:41       0     15     41      -      0      3      0      0      0      0    405    195     10     10      0 
 15:15:46       0     15     40      -      0      6      0      0      0      0    405    195     10     10      0 
 15:15:51       0     15     40      -      0      6      0      0      0      0    405    195     10     10      0 
 15:15:56       0     15     40      -      0      6      0      0      0      0    405    195     10     10      0 
 15:16:01       0     49     42      -      0      0      0      0      0      0  14801   2850    428     13      0 
 15:16:07       0     49     42      -      1      1      0      0      0      0  15001   2850     10     10      0 
 15:16:12       0     15     41      -      0      3      0      0      0      0    405    195     10     10      0 
 15:16:17       0     15     41      -      0      6      0      0      0      0    405    195     10     10      0 
 15:16:22       0     15     41      -      0      6      0      0      0      0    405    195     10     10      0 
 15:16:27       0     15     41      -      0      6      0      0      0      0    405    195     10     10      0 
 15:16:32       0     49     42      -      0      0      0      0      0      0  15001   2850     10     10      0 
 15:16:37       0     15     41      -      0      6      0      0      0      0    405    195     10     10      0 
 15:16:42       0     15     41      -      0      6      0      0      0      0    405    195     10     10      0 
 15:16:47       0     15     41      -      0      6      0      0      0      0    405    195     10     10      0 
 15:16:52       0     15     41      -      0      6      0      0      0      0    405    195     10     10      0 
 15:16:57       0     15     41      -      0      6      0      0      0      0    405    195     10     10      0 
 15:17:02       0     15     41      -      0      6      0      0      0      0    405    195     10     10      0 
 15:17:07       0     15     41      -      0      6      0      0      0      0    405    195     10     10      0 
 15:17:12       0     14     41      -      0      6      0      0      0      0    405    195     10     10      0 
 15:17:17       0     14     41      -      0      6      0      0      0      0    405    195     10     10      0 
 15:17:22       0     14     41      -      0      6      0      0      0      0    405    195     10     10      0 
 15:17:27       0     14     41      -      0      6      0      0      0      0    405    195     10     10      0 
 15:17:32       0     14     41      -      0      6      0      0      0      0    405    195     10     10      0 
 15:17:37       0     14     41      -      0      6      0      0      0      0    405    195     10     10      0 
 15:17:42       0     15     41      -      0      6      0      0      0      0    405    195     10     10      0 
 15:17:47       0     14     41      -      0      6      0      0      0      0    405    195     10     10      0 
 15:17:52       0     14     41      -      0      6      0      0      0      0    405    195     10     10      0 
 15:17:57       0     14     41      -      0      6      0      0      0      0    405    195     10     10      0 
 15:18:02       0     14     41      -      0      6      0      0      0      0    405    195     10     10      0 
 15:18:07       0     14     41      -      0      6      0      0      0      0    405    195     10     10      0 
 15:18:12       0     14     41      -      0      6      0      0      0      0    405    195     10     10      0 
 15:18:17       0     14     41      -      0      6      0      0      0      0    405    195     10     10      0 
