#Time         gpu    pwr  gtemp  mtemp     sm    mem    enc    dec    jpg    ofa   mclk   pclk     fb   bar1   ccpm 
#HH:MM:SS     Idx      W      C      C      %      %      %      %      %      %    MHz    MHz     MB     MB     MB 
 07:42:26       0     29     25      -      0      0      0      0      0      0    810    510      2      1      0 
 07:42:31       0     21     24      -      0      0      0      0      0      0    405    225      2      1      0 
 07:42:36       0     21     24      -      0      0      0      0      0      0    405    225      2      1      0 
 07:42:41       0     30     26      -      0      0      0      0      0      0  14801   2730    338      4      0 
 07:42:46       0     49     27      -      4      0      0      0      0      0  14801   2737   2162      4      0 
 07:42:51       0     48     27      -      0      0      0      0      0      0  14801   2722   2694      4      0 
 07:42:56       0     48     28      -      0      0      0      0      0      0  14801   2722  15096      4      0 
 07:43:01       0     56     29      -      0      0      0      0      0      0  14801   2955  15096      4      0 
 07:43:06       0     49     28      -      0      0      0      0      0      0  14801   2722  11478      4      0 
 07:43:11       0     60     29      -      0      0      0      0      0      0  14801   2955  11478      4      0 
 07:43:16       0     48     28      -      0      0      0      0      0      0  14801   2722  11508      4      0 
 07:43:21       0     48     28      -      0      0      0      0      0      0  14801   2722  11530      4      0 
 07:43:26       0     48     28      -      0      0      0      0      0      0  14801   2722  11530      4      0 
 07:43:31       0     48     28      -      0      0      0      0      0      0  14801   2722  11530      4      0 
 07:43:36       0     48     28      -      0      0      0      0      0      0  14801   2722  11530      4      0 
 07:43:41       0     54     29      -      0      0      0      0      0      0  14801   2955  11538      4      0 
 07:43:46       0     54     29      -      0      0      0      0      0      0  14801   2955  11538      4      0 
 07:43:51       0    270     48      -    100     23      0      0      0      0  14801   2910  12134      4      0 
 07:43:56       0     48     30      -      0      0      0      0      0      0  14801   2722  12134      4      0 
 07:44:01       0     48     29      -      0      0      0      0      0      0  14801   2722  12134      4      0 
 07:44:06       0     48     29      -      0      0      0      0      0      0  14801   2722  15116      4      0 
 07:44:11       0     76     36      -    100     15      0      0      0      0  14801   2955  15700      4      0 
 07:44:16       0     48     30      -      0      0      0      0      0      0  14801   2722  15670      4      0 
 07:44:21       0     48     30      -      0      0      0      0      0      0  14801   2722  15670      4      0 
 07:44:26       0     48     30      -      0      0      0      0      0      0  14801   2722  15670      4      0 
 07:44:31       0     22     27      -      0      0      0      0      0      0    810    247  15670      4      0 
 07:44:36       0    184     38      -     95     50      0      0      0      0  14801   2910  15670      4      0 
 07:44:41       0    291     51      -    100     29      0      0      0      0  14801   2887  15676      4      0 
 07:44:46       0    294     52      -     94     26      0      0      0      0  14801   2880  15680      4      0 
 07:44:51       0    193     43      -     96     50      0      0      0      0  14801   2895  15678      4      0 
 07:44:56       0    166     37      -      0      0      0      0      0      0  14801   2902  15672      4      0 
 07:45:01       0    296     58      -    100     11      0      0      0      0  14801   2887  15678      4      0 
 07:45:06       0    295     59      -    100      9      0      0      0      0  14801   2880  15682      4      0 
 07:45:11       0    176     40      -      0      0      0      0      0      0  14801   2895  15462      4      0 
 07:45:16       0     48     35      -      0      0      0      0      0      0  14801   2715  15462      4      0 
