#Time         gpu    pwr  gtemp  mtemp     sm    mem    enc    dec    jpg    ofa   mclk   pclk     fb   bar1   ccpm 
#HH:MM:SS     Idx      W      C      C      %      %      %      %      %      %    MHz    MHz     MB     MB     MB 
 09:28:58       0     20     27      -      0      0      0      0      0      0    405    225      2      1      0 
 09:29:03       0     20     27      -      0      0      0      0      0      0    405    225      2      1      0 
 09:29:08       0     20     26      -      0      0      0      0      0      0    405    225      2      1      0 
 09:29:13       0     28     28      -      0      0      0      0      0      0  14801   1050    338      4      0 
 09:29:18       0     49     29      -      5      0      0      0      0      0  14801   2737   2306      4      0 
 09:29:23       0     48     29      -      0      0      0      0      0      0  14801   2722   2694      4      0 
 09:29:28       0     48     29      -      0      0      0      0      0      0  14801   2722   2702      4      0 
 09:29:33       0     48     29      -      0      0      0      0      0      0  14801   2722   2702      4      0 
 09:29:38       0     21     27      -      0      0      0      0      0      0    405    240   2702      4      0 
 09:29:43       0     20     26      -      0      0      0      0      0      0    405    225   2702      4      0 
 09:29:48       0     48     29      -      0      0      0      0      0      0  14801   2722  15096      4      0 
 09:29:53       0     53     29      -      0      0      0      0      0      0  14801   2955  15096      4      0 
 09:29:58       0     48     29      -      0      0      0      0      0      0  14801   2722  11476      4      0 
 09:30:03       0     48     29      -      0      0      0      0      0      0  14801   2722  11478      4      0 
 09:30:08       0     48     29      -      0      0      0      0      0      0  14801   2722  11478      4      0 
 09:30:13       0     48     29      -      0      0      0      0      0      0  14801   2722  11530      4      0 
 09:30:18       0     49     29      -      0      0      0      0      0      0  14801   2722  11530      4      0 
 09:30:23       0     48     29      -      0      0      0      0      0      0  14801   2722  11530      4      0 
 09:30:28       0     48     29      -      0      0      0      0      0      0  14801   2722  11530      4      0 
 09:30:33       0     54     30      -      0      0      0      0      0      0  14801   2955  11538      4      0 
 09:30:38       0     54     30      -      0      0      0      0      0      0  14801   2955  11538      4      0 
 09:30:43       0     86     41      -    100     33      0      0      0      0  14801   2955  12134      4      0 
 09:30:48       0     48     30      -      0      0      0      0      0      0  14801   2722  12134      4      0 
 09:30:53       0     48     30      -      0      0      0      0      0      0  14801   2722  12134      4      0 
 09:30:58       0     48     29      -      0      0      0      0      0      0  14801   2722  15116      4      0 
 09:31:03       0     74     37      -    100     15      0      0      0      0  14801   2955  15700      4      0 
 09:31:08       0     48     30      -      0      0      0      0      0      0  14801   2722  15700      4      0 
 09:31:13       0     48     30      -      0      0      0      0      0      0  14801   2722  15700      4      0 
 09:31:18       0     48     30      -      0      0      0      0      0      0  14801   2722  15700      4      0 
 09:31:23       0     21     27      -      0      0      0      0      0      0    405    240  15700      4      0 
 09:31:28       0    233     48      -    100     38      0      0      0      0  14801   2902  15722      4      0 
 09:31:33       0    292     54      -    100      8      0      0      0      0  14801   2880  15722      4      0 
 09:31:38       0    290     54      -    100     13      0      0      0      0  14801   2880  15680      4      0 
 09:31:43       0    290     53      -    100     28      0      0      0      0  14801   2887  15680      4      0 
 09:31:48       0    295     53      -    100     19      0      0      0      0  14801   2880  15680      4      0 
 09:31:53       0    294     59      -    100      3      0      0      0      0  14801   2880  15682      4      0 
 09:31:58       0    118     42      -     96     36      0      0      0      0  14801   2932  15684      4      0 
 09:32:03       0    206     46      -     91     71      0      0      0      0  14801   2887  15684      4      0 
 09:32:08       0    208     46      -     91     72      0      0      0      0  14801   2887  15684      4      0 
 09:32:13       0    209     47      -     91     72      0      0      0      0  14801   2887  15684      4      0 
 09:32:18       0    209     47      -     91     72      0      0      0      0  14801   2887  15684      4      0 
 09:32:23       0    209     47      -     91     71      0      0      0      0  14801   2887  15684      4      0 
 09:32:28       0    210     48      -     91     72      0      0      0      0  14801   2887  15684      4      0 
 09:32:33       0    210     48      -     91     72      0      0      0      0  14801   2887  15684      4      0 
#Time         gpu    pwr  gtemp  mtemp     sm    mem    enc    dec    jpg    ofa   mclk   pclk     fb   bar1   ccpm 
#HH:MM:SS     Idx      W      C      C      %      %      %      %      %      %    MHz    MHz     MB     MB     MB 
 09:32:38       0    210     48      -     91     72      0      0      0      0  14801   2887  15684      4      0 
 09:32:43       0    210     48      -     91     72      0      0      0      0  14801   2887  15684      4      0 
 09:32:48       0    210     48      -     91     72      0      0      0      0  14801   2887  15684      4      0 
 09:32:53       0    210     48      -     91     72      0      0      0      0  14801   2887  15684      4      0 
 09:32:58       0    211     49      -     92     72      0      0      0      0  14801   2887  15684      4      0 
 09:33:03       0    210     49      -     91     72      0      0      0      0  14801   2887  15684      4      0 
 09:33:08       0    211     49      -     91     72      0      0      0      0  14801   2887  15684      4      0 
 09:33:13       0    211     49      -     91     72      0      0      0      0  14801   2887  15684      4      0 
 09:33:18       0    211     49      -     91     72      0      0      0      0  14801   2887  15684      4      0 
 09:33:23       0    211     49      -     91     72      0      0      0      0  14801   2887  15684      4      0 
 09:33:28       0    211     49      -     91     72      0      0      0      0  14801   2887  15684      4      0 
 09:33:33       0    211     50      -     91     72      0      0      0      0  14801   2887  15684      4      0 
 09:33:38       0    211     50      -     91     72      0      0      0      0  14801   2887  15684      4      0 
 09:33:43       0    211     50      -     92     72      0      0      0      0  14801   2887  15684      4      0 
 09:33:48       0    212     50      -     92     72      0      0      0      0  14801   2887  15684      4      0 
 09:33:53       0    211     50      -     91     72      0      0      0      0  14801   2887  15684      4      0 
 09:33:58       0    212     50      -     91     72      0      0      0      0  14801   2887  15684      4      0 
 09:34:03       0    212     50      -     91     72      0      0      0      0  14801   2887  15684      4      0 
 09:34:08       0    212     50      -     91     72      0      0      0      0  14801   2887  15684      4      0 
 09:34:13       0    212     50      -     91     71      0      0      0      0  14801   2887  15684      4      0 
 09:34:18       0    213     50      -     92     72      0      0      0      0  14801   2887  15684      4      0 
 09:34:23       0    212     50      -     91     72      0      0      0      0  14801   2887  15684      4      0 
 09:34:28       0    213     50      -     91     72      0      0      0      0  14801   2887  15684      4      0 
 09:34:33       0    213     50      -     91     72      0      0      0      0  14801   2887  15684      4      0 
 09:34:38       0    213     51      -     92     72      0      0      0      0  14801   2887  15684      4      0 
 09:34:43       0    213     51      -     91     72      0      0      0      0  14801   2887  15684      4      0 
 09:34:48       0    213     51      -     91     72      0      0      0      0  14801   2887  15684      4      0 
 09:34:53       0    213     50      -     91     72      0      0      0      0  14801   2887  15684      4      0 
 09:34:58       0    212     51      -     91     72      0      0      0      0  14801   2887  15684      4      0 
 09:35:03       0    212     51      -     91     72      0      0      0      0  14801   2887  15684      4      0 
 09:35:08       0    213     51      -     92     72      0      0      0      0  14801   2887  15684      4      0 
 09:35:13       0    213     51      -     91     72      0      0      0      0  14801   2887  15684      4      0 
 09:35:18       0    213     51      -     91     72      0      0      0      0  14801   2887  15684      4      0 
 09:35:23       0    213     51      -     91     72      0      0      0      0  14801   2887  15684      4      0 
 09:35:28       0    213     51      -     91     72      0      0      0      0  14801   2887  15684      4      0 
 09:35:33       0    213     51      -     91     72      0      0      0      0  14801   2887  15684      4      0 
 09:35:38       0    214     51      -     92     72      0      0      0      0  14801   2887  15684      4      0 
 09:35:43       0    214     51      -     92     72      0      0      0      0  14801   2887  15684      4      0 
 09:35:48       0    214     51      -     92     73      0      0      0      0  14801   2887  15684      4      0 
 09:35:53       0    214     51      -     92     72      0      0      0      0  14801   2887  15684      4      0 
 09:35:58       0    214     51      -     92     73      0      0      0      0  14801   2887  15684      4      0 
 09:36:03       0    214     51      -     92     73      0      0      0      0  14801   2887  15080      4      0 
 09:36:08       0    213     51      -     92     72      0      0      0      0  14801   2887  15080      4      0 
 09:36:13       0    214     51      -     92     73      0      0      0      0  14801   2887  15080      4      0 
#Time         gpu    pwr  gtemp  mtemp     sm    mem    enc    dec    jpg    ofa   mclk   pclk     fb   bar1   ccpm 
#HH:MM:SS     Idx      W      C      C      %      %      %      %      %      %    MHz    MHz     MB     MB     MB 
 09:36:18       0    214     51      -     91     72      0      0      0      0  14801   2887  15080      4      0 
 09:36:23       0    213     51      -     91     72      0      0      0      0  14801   2887  15080      4      0 
 09:36:28       0    213     51      -     92     72      0      0      0      0  14801   2887  15080      4      0 
 09:36:33       0    214     51      -     92     73      0      0      0      0  14801   2887  15080      4      0 
 09:36:38       0    213     51      -     92     73      0      0      0      0  14801   2887  15080      4      0 
 09:36:43       0    214     51      -     91     72      0      0      0      0  14801   2887  15080      4      0 
 09:36:48       0    214     51      -     92     73      0      0      0      0  14801   2887  15080      4      0 
 09:36:53       0    214     51      -     92     73      0      0      0      0  14801   2887  15080      4      0 
 09:36:58       0    215     51      -     92     73      0      0      0      0  14801   2887  15080      4      0 
 09:37:03       0    215     52      -     92     73      0      0      0      0  14801   2887  15080      4      0 
 09:37:08       0    215     51      -     91     73      0      0      0      0  14801   2887  15080      4      0 
 09:37:13       0    214     51      -     92     73      0      0      0      0  14801   2887  15080      4      0 
 09:37:18       0    214     51      -     92     73      0      0      0      0  14801   2887  15080      4      0 
 09:37:23       0    215     51      -     92     73      0      0      0      0  14801   2887  15080      4      0 
 09:37:28       0    215     51      -     91     73      0      0      0      0  14801   2887  15080      4      0 
 09:37:33       0    214     52      -     91     73      0      0      0      0  14801   2887  15080      4      0 
 09:37:38       0    214     52      -     92     73      0      0      0      0  14801   2887  15080      4      0 
 09:37:43       0    214     51      -     91     73      0      0      0      0  14801   2887  15080      4      0 
 09:37:48       0    214     51      -     91     73      0      0      0      0  14801   2887  15080      4      0 
 09:37:53       0    138     46      -     96     37      0      0      0      0  14801   2902  15082      4      0 
 09:37:58       0    175     47      -     94     47      0      0      0      0  14801   2895  15082      4      0 
 09:38:03       0    161     47      -     94     46      0      0      0      0  14801   2895  15082      4      0 
 09:38:08       0    297     61      -    100     28      0      0      0      0  14801   2880  15682      4      0 
 09:38:13       0    304     60      -    100     32      0      0      0      0  14801   2872  15682      4      0 
 09:38:18       0    309     64      -    100      1      0      0      0      0  14801   2872  15682      4      0 
 09:38:23       0    314     56      -     97     35      0      0      0      0  14801   2880  15682      4      0 
 09:38:28       0    314     57      -     99     37      0      0      0      0  14801   2880  15682      4      0 
 09:38:33       0    319     61      -    100      4      0      0      0      0  14801   2880  15682      4      0 
 09:38:38       0    320     61      -    100      0      0      0      0      0  14801   2880  15682      4      0 
 09:38:43       0    314     60      -    100      4      0      0      0      0  14801   2880  15682      4      0 
 09:38:48       0    303     56      -    100     19      0      0      0      0  14801   2880  15680      4      0 
 09:38:53       0    300     56      -    100     31      0      0      0      0  14801   2880  15680      4      0 
 09:38:58       0    303     60      -    100      3      0      0      0      0  14801   2880  15682      4      0 
 09:39:03       0    299     59      -    100      9      0      0      0      0  14801   2872  15682      4      0 
 09:39:08       0    215     48      -     92     73      0      0      0      0  14801   2887  15682      4      0 
 09:39:13       0    213     48      -     92     73      0      0      0      0  14801   2887  15682      4      0 
 09:39:18       0    214     48      -     92     73      0      0      0      0  14801   2887  15682      4      0 
 09:39:23       0    214     48      -     92     73      0      0      0      0  14801   2887  15682      4      0 
 09:39:28       0    214     49      -     92     73      0      0      0      0  14801   2887  15682      4      0 
 09:39:33       0    214     49      -     92     73      0      0      0      0  14801   2887  15682      4      0 
 09:39:38       0    215     49      -     92     73      0      0      0      0  14801   2887  15682      4      0 
 09:39:43       0    215     49      -     92     73      0      0      0      0  14801   2887  15682      4      0 
 09:39:48       0    215     50      -     92     73      0      0      0      0  14801   2887  15682      4      0 
 09:39:53       0    215     50      -     92     73      0      0      0      0  14801   2887  15682      4      0 
#Time         gpu    pwr  gtemp  mtemp     sm    mem    enc    dec    jpg    ofa   mclk   pclk     fb   bar1   ccpm 
#HH:MM:SS     Idx      W      C      C      %      %      %      %      %      %    MHz    MHz     MB     MB     MB 
 09:39:58       0    215     50      -     92     73      0      0      0      0  14801   2887  15682      4      0 
 09:40:03       0    215     50      -     92     74      0      0      0      0  14801   2887  15682      4      0 
 09:40:08       0    215     50      -     92     74      0      0      0      0  14801   2887  15682      4      0 
 09:40:13       0    215     50      -     92     74      0      0      0      0  14801   2887  15682      4      0 
 09:40:18       0    216     51      -     92     74      0      0      0      0  14801   2887  15682      4      0 
 09:40:23       0    216     51      -     92     74      0      0      0      0  14801   2887  15682      4      0 
 09:40:28       0    216     51      -     92     73      0      0      0      0  14801   2887  15682      4      0 
 09:40:33       0    216     51      -     92     73      0      0      0      0  14801   2887  15682      4      0 
 09:40:38       0    216     51      -     92     73      0      0      0      0  14801   2887  15682      4      0 
 09:40:43       0    216     51      -     92     74      0      0      0      0  14801   2887  15682      4      0 
 09:40:48       0    216     51      -     92     74      0      0      0      0  14801   2887  15682      4      0 
 09:40:53       0    216     51      -     92     74      0      0      0      0  14801   2887  15098      4      0 
 09:40:58       0    217     51      -     92     74      0      0      0      0  14801   2887  15098      4      0 
 09:41:03       0    217     52      -     92     74      0      0      0      0  14801   2887  15098      4      0 
 09:41:08       0    217     51      -     92     74      0      0      0      0  14801   2887  15098      4      0 
 09:41:13       0    217     51      -     92     74      0      0      0      0  14801   2887  15098      4      0 
 09:41:18       0    217     51      -     92     74      0      0      0      0  14801   2887  15098      4      0 
 09:41:23       0    217     52      -     92     74      0      0      0      0  14801   2887  15098      4      0 
 09:41:28       0    217     52      -     92     74      0      0      0      0  14801   2887  15098      4      0 
 09:41:33       0    217     52      -     92     74      0      0      0      0  14801   2887  15098      4      0 
 09:41:38       0    218     52      -     92     74      0      0      0      0  14801   2887  15098      4      0 
 09:41:43       0    218     52      -     92     74      0      0      0      0  14801   2887  15098      4      0 
 09:41:48       0    218     52      -     92     74      0      0      0      0  14801   2887  15098      4      0 
 09:41:53       0    218     52      -     92     74      0      0      0      0  14801   2887  15098      4      0 
 09:41:58       0    218     52      -     92     74      0      0      0      0  14801   2887  15098      4      0 
 09:42:03       0    217     52      -     92     74      0      0      0      0  14801   2887  15098      4      0 
 09:42:08       0    218     52      -     92     74      0      0      0      0  14801   2887  15098      4      0 
 09:42:13       0    218     52      -     92     74      0      0      0      0  14801   2887  15098      4      0 
 09:42:18       0    218     52      -     92     74      0      0      0      0  14801   2887  15098      4      0 
 09:42:23       0    218     52      -     92     74      0      0      0      0  14801   2887  15098      4      0 
 09:42:28       0    218     52      -     92     74      0      0      0      0  14801   2887  15098      4      0 
 09:42:33       0    218     52      -     92     74      0      0      0      0  14801   2887  15098      4      0 
 09:42:38       0    218     52      -     92     74      0      0      0      0  14801   2887  15098      4      0 
 09:42:43       0    218     52      -     92     74      0      0      0      0  14801   2887  15098      4      0 
 09:42:48       0    218     52      -     92     74      0      0      0      0  14801   2880  15098      4      0 
 09:42:53       0    218     52      -     92     74      0      0      0      0  14801   2880  15098      4      0 
 09:42:58       0    218     52      -     92     74      0      0      0      0  14801   2880  15098      4      0 
 09:43:03       0    218     52      -     92     74      0      0      0      0  14801   2880  15098      4      0 
 09:43:09       0    218     52      -     92     74      0      0      0      0  14801   2880  15098      4      0 
 09:43:14       0    218     52      -     92     74      0      0      0      0  14801   2880  15098      4      0 
 09:43:19       0    218     52      -     92     74      0      0      0      0  14801   2880  15098      4      0 
 09:43:24       0    218     52      -     92     74      0      0      0      0  14801   2880  15098      4      0 
 09:43:29       0    218     52      -     92     74      0      0      0      0  14801   2880  15098      4      0 
 09:43:34       0    218     52      -     92     74      0      0      0      0  14801   2880  15098      4      0 
#Time         gpu    pwr  gtemp  mtemp     sm    mem    enc    dec    jpg    ofa   mclk   pclk     fb   bar1   ccpm 
#HH:MM:SS     Idx      W      C      C      %      %      %      %      %      %    MHz    MHz     MB     MB     MB 
 09:43:39       0    218     52      -     92     74      0      0      0      0  14801   2880  15098      4      0 
 09:43:44       0    218     52      -     92     74      0      0      0      0  14801   2880  15098      4      0 
 09:43:49       0    218     52      -     92     74      0      0      0      0  14801   2880  15098      4      0 
 09:43:54       0    218     52      -     92     74      0      0      0      0  14801   2880  15098      4      0 
 09:43:59       0    218     52      -     92     74      0      0      0      0  14801   2880  15098      4      0 
 09:44:04       0    218     52      -     92     74      0      0      0      0  14801   2880  15098      4      0 
 09:44:09       0    218     52      -     92     74      0      0      0      0  14801   2880  15098      4      0 
 09:44:14       0    218     52      -     92     74      0      0      0      0  14801   2880  15098      4      0 
 09:44:19       0    218     52      -     92     74      0      0      0      0  14801   2880  15098      4      0 
 09:44:24       0    219     52      -     92     74      0      0      0      0  14801   2880  15098      4      0 
 09:44:29       0    219     52      -     92     74      0      0      0      0  14801   2880  15098      4      0 
 09:44:34       0    219     52      -     92     74      0      0      0      0  14801   2880  15098      4      0 
 09:44:39       0    218     52      -     92     74      0      0      0      0  14801   2880  15098      4      0 
 09:44:44       0    218     52      -     92     74      0      0      0      0  14801   2880  15098      4      0 
 09:44:49       0    219     52      -     92     74      0      0      0      0  14801   2880  15098      4      0 
 09:44:54       0    219     52      -     92     74      0      0      0      0  14801   2880  15098      4      0 
 09:44:59       0    219     53      -     92     74      0      0      0      0  14801   2880  15098      4      0 
 09:45:04       0    219     53      -     92     74      0      0      0      0  14801   2880  15098      4      0 
 09:45:09       0    219     53      -     92     75      0      0      0      0  14801   2880  15098      4      0 
 09:45:14       0    219     52      -     92     74      0      0      0      0  14801   2880  15098      4      0 
 09:45:19       0    219     52      -     92     74      0      0      0      0  14801   2880  15098      4      0 
 09:45:24       0    219     52      -     92     74      0      0      0      0  14801   2880  15098      4      0 
 09:45:29       0    300     63      -    100     26      0      0      0      0  14801   2865  15682      4      0 
 09:45:34       0    310     63      -    100     27      0      0      0      0  14801   2865  15682      4      0 
 09:45:39       0    316     61      -    100     39      0      0      0      0  14801   2865  15682      4      0 
 09:45:44       0    311     60      -     99     32      0      0      0      0  14801   2872  15684      4      0 
 09:45:49       0    313     55      -    100     39      0      0      0      0  14801   2880  15682      4      0 
 09:45:54       0    315     58      -    100     23      0      0      0      0  14801   2880  15682      4      0 
 09:45:59       0    320     61      -    100      0      0      0      0      0  14801   2880  15682      4      0 
 09:46:04       0    316     56      -    100     26      0      0      0      0  14801   2880  15682      4      0 
 09:46:09       0    174     44      -     95     53      0      0      0      0  14801   2895  15682      4      0 
 09:46:14       0    158     43      -     94     57      0      0      0      0  14801   2895  15682      4      0 
 09:46:19       0    160     42      -     95     41      0      0      0      0  14801   2910  15682      4      0 
 09:46:24       0    199     45      -     91     72      0      0      0      0  14801   2887  15682      4      0 
 09:46:29       0    212     46      -     91     73      0      0      0      0  14801   2887  15682      4      0 
 09:46:34       0    213     47      -     92     73      0      0      0      0  14801   2887  15682      4      0 
 09:46:39       0    213     48      -     91     73      0      0      0      0  14801   2887  15682      4      0 
 09:46:44       0    214     48      -     92     74      0      0      0      0  14801   2887  15682      4      0 
 09:46:49       0    214     48      -     91     73      0      0      0      0  14801   2887  15682      4      0 
 09:46:54       0    214     49      -     92     73      0      0      0      0  14801   2887  15682      4      0 
 09:46:59       0    214     49      -     91     73      0      0      0      0  14801   2887  15682      4      0 
 09:47:04       0    214     49      -     92     73      0      0      0      0  14801   2887  15682      4      0 
 09:47:09       0    215     49      -     92     73      0      0      0      0  14801   2887  15682      4      0 
 09:47:14       0    215     50      -     92     74      0      0      0      0  14801   2887  15682      4      0 
#Time         gpu    pwr  gtemp  mtemp     sm    mem    enc    dec    jpg    ofa   mclk   pclk     fb   bar1   ccpm 
#HH:MM:SS     Idx      W      C      C      %      %      %      %      %      %    MHz    MHz     MB     MB     MB 
 09:47:19       0    215     50      -     92     73      0      0      0      0  14801   2887  15682      4      0 
 09:47:24       0    215     50      -     92     73      0      0      0      0  14801   2887  15682      4      0 
 09:47:29       0    215     50      -     92     74      0      0      0      0  14801   2887  15682      4      0 
 09:47:34       0    215     50      -     92     73      0      0      0      0  14801   2887  15682      4      0 
 09:47:39       0    215     50      -     92     73      0      0      0      0  14801   2887  15682      4      0 
 09:47:44       0    215     50      -     92     73      0      0      0      0  14801   2887  15682      4      0 
 09:47:49       0    215     51      -     92     73      0      0      0      0  14801   2887  15682      4      0 
 09:47:54       0    215     51      -     92     73      0      0      0      0  14801   2887  15682      4      0 
 09:47:59       0    204     51      -     92     74      0      0      0      0  14801   2887  15098      4      0 
 09:48:04       0    216     51      -     92     74      0      0      0      0  14801   2887  15098      4      0 
 09:48:09       0    216     51      -     92     74      0      0      0      0  14801   2887  15098      4      0 
 09:48:14       0    216     51      -     92     74      0      0      0      0  14801   2887  15098      4      0 
 09:48:19       0    216     51      -     92     74      0      0      0      0  14801   2887  15098      4      0 
 09:48:24       0    217     51      -     92     74      0      0      0      0  14801   2887  15098      4      0 
 09:48:29       0    216     51      -     92     74      0      0      0      0  14801   2887  15098      4      0 
 09:48:34       0    217     51      -     92     74      0      0      0      0  14801   2887  15098      4      0 
 09:48:39       0    216     51      -     92     74      0      0      0      0  14801   2887  15098      4      0 
 09:48:44       0    216     51      -     92     74      0      0      0      0  14801   2887  15098      4      0 
 09:48:49       0    216     51      -     92     74      0      0      0      0  14801   2887  15098      4      0 
 09:48:54       0    217     51      -     92     74      0      0      0      0  14801   2887  15098      4      0 
 09:48:59       0    217     52      -     92     74      0      0      0      0  14801   2887  15098      4      0 
 09:49:04       0    217     52      -     92     74      0      0      0      0  14801   2887  15098      4      0 
 09:49:09       0    217     52      -     92     74      0      0      0      0  14801   2887  15098      4      0 
 09:49:14       0    217     51      -     92     74      0      0      0      0  14801   2887  15098      4      0 
 09:49:19       0    217     51      -     92     74      0      0      0      0  14801   2887  15098      4      0 
 09:49:24       0    217     51      -     92     74      0      0      0      0  14801   2887  15098      4      0 
 09:49:29       0    217     52      -     92     74      0      0      0      0  14801   2887  15098      4      0 
 09:49:34       0    217     52      -     92     74      0      0      0      0  14801   2887  15098      4      0 
 09:49:39       0    217     52      -     92     74      0      0      0      0  14801   2887  15098      4      0 
 09:49:44       0    218     52      -     92     74      0      0      0      0  14801   2887  15098      4      0 
 09:49:49       0    217     52      -     92     74      0      0      0      0  14801   2887  15098      4      0 
 09:49:54       0    217     52      -     92     74      0      0      0      0  14801   2887  15098      4      0 
 09:49:59       0    217     52      -     92     74      0      0      0      0  14801   2887  15098      4      0 
 09:50:04       0    218     52      -     92     74      0      0      0      0  14801   2887  15098      4      0 
 09:50:09       0    218     52      -     92     74      0      0      0      0  14801   2887  15098      4      0 
 09:50:14       0    218     52      -     92     74      0      0      0      0  14801   2887  15098      4      0 
 09:50:19       0    218     52      -     92     74      0      0      0      0  14801   2887  15098      4      0 
 09:50:24       0    218     52      -     92     74      0      0      0      0  14801   2887  15098      4      0 
 09:50:29       0    218     52      -     92     74      0      0      0      0  14801   2887  15098      4      0 
 09:50:34       0    218     52      -     92     74      0      0      0      0  14801   2887  15098      4      0 
 09:50:39       0    218     52      -     92     74      0      0      0      0  14801   2887  15098      4      0 
 09:50:44       0    218     52      -     92     74      0      0      0      0  14801   2887  15098      4      0 
 09:50:49       0    218     52      -     92     74      0      0      0      0  14801   2887  15098      4      0 
 09:50:54       0    218     52      -     92     74      0      0      0      0  14801   2887  15098      4      0 
#Time         gpu    pwr  gtemp  mtemp     sm    mem    enc    dec    jpg    ofa   mclk   pclk     fb   bar1   ccpm 
#HH:MM:SS     Idx      W      C      C      %      %      %      %      %      %    MHz    MHz     MB     MB     MB 
 09:50:59       0    218     52      -     92     74      0      0      0      0  14801   2887  15098      4      0 
 09:51:04       0    218     52      -     92     74      0      0      0      0  14801   2887  15098      4      0 
 09:51:09       0    218     52      -     92     74      0      0      0      0  14801   2887  15098      4      0 
 09:51:14       0    218     52      -     92     74      0      0      0      0  14801   2887  15098      4      0 
 09:51:19       0    218     52      -     92     74      0      0      0      0  14801   2887  15098      4      0 
 09:51:24       0    218     52      -     92     74      0      0      0      0  14801   2887  15098      4      0 
 09:51:29       0    218     52      -     92     75      0      0      0      0  14801   2887  15098      4      0 
 09:51:34       0    218     52      -     92     74      0      0      0      0  14801   2887  15098      4      0 
 09:51:39       0    218     52      -     92     74      0      0      0      0  14801   2887  15098      4      0 
 09:51:44       0    218     52      -     92     74      0      0      0      0  14801   2887  15098      4      0 
 09:51:49       0    218     52      -     92     75      0      0      0      0  14801   2887  15098      4      0 
 09:51:54       0    218     52      -     92     75      0      0      0      0  14801   2887  15098      4      0 
 09:51:59       0    218     52      -     92     74      0      0      0      0  14801   2887  15098      4      0 
 09:52:04       0    219     52      -     92     74      0      0      0      0  14801   2887  15098      4      0 
 09:52:09       0    218     52      -     92     74      0      0      0      0  14801   2887  15098      4      0 
 09:52:14       0    218     52      -     92     74      0      0      0      0  14801   2887  15098      4      0 
 09:52:19       0    218     52      -     92     74      0      0      0      0  14801   2887  15098      4      0 
 09:52:24       0    218     52      -     92     74      0      0      0      0  14801   2887  15098      4      0 
 09:52:29       0    219     52      -     92     74      0      0      0      0  14801   2887  15098      4      0 
 09:52:34       0    298     62      -    100     26      0      0      0      0  14801   2872  15682      4      0 
 09:52:39       0    304     62      -    100     27      0      0      0      0  14801   2865  15682      4      0 
 09:52:44       0    310     62      -    100     16      0      0      0      0  14801   2872  15682      4      0 
 09:52:49       0    316     58      -     97     25      0      0      0      0  14801   2872  15682      4      0 
 09:52:54       0    199     56      -    100     35      0      0      0      0  14801   2880  15680      4      0 
 09:52:59       0    312     57      -    100     35      0      0      0      0  14801   2880  15680      4      0 
 09:53:04       0    316     61      -    100      0      0      0      0      0  14801   2880  15682      4      0 
 09:53:09       0    320     61      -    100      1      0      0      0      0  14801   2880  15682      4      0 
 09:53:14       0    177     43      -     95     49      0      0      0      0  14801   2902  15682      4      0 
 09:53:19       0    162     41      -     95     51      0      0      0      0  14801   2910  15682      4      0 
 09:53:24       0    158     41      -     96     44      0      0      0      0  14801   2910  15682      4      0 
 09:53:29       0    164     42      -     95     48      0      0      0      0  14801   2910  15682      4      0 
 09:53:34       0    157     40      -     97     32      0      0      0      0  14801   2917  15682      4      0 
 09:53:39       0    192     52      -    100     37      0      0      0      0  14801   2887  15680      4      0 
 09:53:44       0    298     59      -    100     19      0      0      0      0  14801   2880  15680      4      0 
 09:53:49       0    300     61      -    100      4      0      0      0      0  14801   2880  15682      4      0 
 09:53:54       0    305     61      -    100      3      0      0      0      0  14801   2872  15682      4      0 
 09:53:59       0    300     55      -    100     28      0      0      0      0  14801   2887  15680      4      0 
 09:54:04       0    303     59      -    100     20      0      0      0      0  14801   2880  15680      4      0 
 09:54:09       0    303     61      -    100      7      0      0      0      0  14801   2880  15682      4      0 
 09:54:14       0    304     62      -    100      0      0      0      0      0  14801   2887  15682      4      0 
 09:54:19       0    250     43      -      0      0      0      0      0      0  14801   2902  15680      4      0 
 09:54:24       0    299     59      -    100     20      0      0      0      0  14801   2880  15680      4      0 
 09:54:29       0    301     60      -    100     11      0      0      0      0  14801   2880  15680      4      0 
 09:54:34       0    305     56      -    100     29      0      0      0      0  14801   2872  15682      4      0 
#Time         gpu    pwr  gtemp  mtemp     sm    mem    enc    dec    jpg    ofa   mclk   pclk     fb   bar1   ccpm 
#HH:MM:SS     Idx      W      C      C      %      %      %      %      %      %    MHz    MHz     MB     MB     MB 
 09:54:39       0    308     56      -    100     20      0      0      0      0  14801   2872  15682      4      0 
 09:54:44       0    291     46      -     17      6      0      0      0      0  14801   2880  15700      4      0 
 09:54:49       0    311     60      -    100      5      0      0      0      0  14801   2887  15700      4      0 
 09:54:54       0    312     59      -    100      2      0      0      0      0  14801   2880  15700      4      0 
 09:54:59       0    310     55      -     98     36      0      0      0      0  14801   2880  15700      4      0 
 09:55:04       0    312     58      -    100      2      0      0      0      0  14801   2880  15700      4      0 
 09:55:09       0    310     57      -    100     15      0      0      0      0  14801   2880  15704      4      0 
 09:55:14       0    311     58      -    100      2      0      0      0      0  14801   2880  15704      4      0 
 09:55:19       0     64     35      -      0      0      0      0      0      0  14801   2715  15682      4      0 
 09:55:24       0     49     33      -      0      0      0      0      0      0  14801   2722      4      2      0 
