# 2026-09-27T14:38:47+04:00 sm 277 MHz load 1.42 3.00 4.27
K2048 base             median 0.7412  rounds 0.741 0.738 0.741 0.742 0.742 0.741 0.742
K2048 (16, 4, 1, 16)   median 1.0041  rounds 0.996 1.004 1.005 1.003 1.011 1.005 1.004
K2048 (16, 4, 4, 16)   median 0.8342  rounds 0.829 0.835 0.834 0.839 0.833 0.834 0.835
K2048 (32, 4, 1, 4)    median 0.8986  rounds 0.889 0.899 0.902 0.908 0.905 0.898 0.895
K2048 (32, 4, 2, 4)    median 0.9032  rounds 0.892 0.904 0.905 0.899 0.902 0.903 0.903
K2048 (64, 4, 2, 16)   median 0.7233  rounds 0.720 0.723 0.723 0.722 0.722 0.726 0.724
K2048 (64, 4, 2, 4)    median 0.6741  rounds 0.670 0.674 0.674 0.673 0.674 0.675 0.674
K512 base             median 0.2468  rounds 0.246 0.247 0.243 0.247 0.245 0.247 0.248
K512 (16, 4, 1, 16)   median 0.2799  rounds 0.291 0.280 0.290 0.280 0.280 0.278 0.278
K512 (16, 4, 4, 16)   median 0.2402  rounds 0.243 0.241 0.244 0.240 0.240 0.240 0.239
K512 (32, 4, 1, 4)    median 0.2560  rounds 0.258 0.256 0.256 0.256 0.255 0.257 0.256
K512 (32, 4, 2, 4)    median 0.2615  rounds 0.262 0.268 0.265 0.260 0.260 0.259 0.261
K512 (64, 4, 2, 16)   median 0.2112  rounds 0.211 0.209 0.211 0.211 0.211 0.212 0.209
K512 (64, 4, 2, 4)    median 0.2130  rounds 0.213 0.213 0.213 0.211 0.215 0.216 0.210
SWEEPDONE
