# 2026-09-27T14:39:15+04:00 sm 277 MHz load 0.91 2.73 4.13
K2048 base             median 0.7442  rounds 0.737 0.764 0.745 0.744 0.740 0.740 0.746
K2048 (64, 4, 2, 4, 0) median 0.6744  rounds 0.669 0.690 0.691 0.672 0.672 0.674 0.676
K2048 (64, 4, 2, 2, 0) median 0.6728  rounds 0.669 0.671 0.692 0.690 0.672 0.674 0.673
K2048 (64, 4, 2, 8, 0) median 0.6939  rounds 0.745 0.689 0.698 0.710 0.694 0.693 0.693
K2048 (128, 4, 2, 4, 0) median 1.2893  rounds 1.283 1.297 1.289 1.292 1.281 1.286 1.290
K2048 (128, 8, 2, 4, 0) median 0.8628  rounds 0.924 0.868 0.863 0.865 0.848 0.857 0.850
K2048 (64, 8, 2, 4, 0) median 1.4596  rounds 1.538 1.451 1.460 1.461 1.452 1.459 1.463
K2048 (64, 4, 2, 4, 1) median 1.7555  rounds 3.473 1.753 1.758 1.753 1.755 1.759 1.754
K2048 (64, 4, 2, 16, 1) median 1.7731  rounds 1.795 1.767 1.781 1.765 1.769 1.775 1.773
K2048 (128, 8, 2, 4, 1) median 1.6338  rounds 3.172 1.630 1.642 1.632 1.627 1.636 1.634
K2048 (32, 4, 2, 4, 1) median 2.6664  rounds 5.406 2.662 2.667 2.662 2.666 2.670 2.665
K512 base             median 0.2444  rounds 0.233 0.256 0.245 0.244 0.248 0.233 0.244
K512 (64, 4, 2, 4, 0) median 0.2070  rounds 0.198 0.197 0.208 0.198 0.213 0.207 0.212
K512 (64, 4, 2, 2, 0) median 0.2012  rounds 0.370 0.192 0.201 0.192 0.207 0.194 0.203
K512 (64, 4, 2, 8, 0) median 0.2072  rounds 0.377 0.200 0.209 0.198 0.212 0.199 0.207
K512 (128, 4, 2, 4, 0) median 0.3724  rounds 0.673 0.367 0.366 0.372 0.376 0.366 0.375
K512 (128, 8, 2, 4, 0) median 0.2602  rounds 3.780 0.250 0.249 0.262 0.260 0.248 0.261
K512 (64, 8, 2, 4, 0) median 0.4028  rounds 0.434 0.393 0.394 0.404 0.403 0.394 0.410
K512 (64, 4, 2, 4, 1) median 0.5568  rounds 1.062 0.547 0.550 0.557 0.560 0.549 0.558
K512 (64, 4, 2, 16, 1) median 0.5506  rounds 1.047 0.549 0.547 0.552 0.549 0.551 0.557
K512 (128, 8, 2, 4, 1) median 0.5088  rounds 0.509 0.552 0.506 0.512 0.507 0.508 0.509
K512 (32, 4, 2, 4, 1) median 0.8021  rounds 1.504 0.837 0.791 0.802 0.793 0.793 0.803
SWEEPDONE
