#Time         gpu    pwr  gtemp  mtemp     sm    mem    enc    dec    jpg    ofa   mclk   pclk     fb   bar1   ccpm 
#HH:MM:SS     Idx      W      C      C      %      %      %      %      %      %    MHz    MHz     MB     MB     MB 
 06:50:52       0     20     27      -      0      0      0      0      0      0    405    225      2      1      0 
 06:50:57       0     20     27      -      0      0      0      0      0      0    405    225      2      1      0 
 06:51:02       0     20     27      -      0      0      0      0      0      0    405    225      2      1      0 
 06:51:07       0     22     27      -      0      0      0      0      0      0  14801    225    338      4      0 
 06:51:12       0     48     29      -      5      0      0      0      0      0  14801   2737   2242      4      0 
 06:51:17       0     48     29      -      0      0      0      0      0      0  14801   2722   2690      4      0 
 06:51:22       0     48     29      -      0      0      0      0      0      0  14801   2722   2700      4      0 
 06:51:27       0     48     29      -      0      0      0      0      0      0  14801   2722   2710      4      0 
 06:51:32       0     50     29      -      0      0      0      0      0      0  14801   2722   4946      4      0 
 06:51:37       0    132     32      -      0      0      0      0      0      0  14801   2955  15068      4      0 
 06:51:42       0    201     48      -    100     38      0      0      0      0  14801   2895  15712      4      0 
 06:51:47       0     48     30      -      0      0      0      0      0      0  14801   2722  15712      4      0 
 06:51:52       0     48     29      -      0      0      0      0      0      0  14801   2722  15712      4      0 
 06:51:57       0     48     29      -      0      0      0      0      0      0  14801   2722  15712      4      0 
 06:52:02       0     22     27      -      0      0      0      0      0      0    810    247  15712      4      0 
 06:52:07       0    306     50      -    100     31      0      0      0      0  14801   2887  15734      4      0 
 06:52:12       0    300     51      -    100     27      0      0      0      0  14801   2895  15734      4      0 
 06:52:17       0    309     54      -    100     23      0      0      0      0  14801   2880  15734      4      0 
 06:52:22       0    188     48      -    100     31      0      0      0      0  14801   2917  15696      4      0 
 06:52:27       0    292     46      -     97     43      0      0      0      0  14801   2880  15696      4      0 
 06:52:32       0    307     59      -    100     14      0      0      0      0  14801   2880  15696      4      0 
 06:52:37       0    313     60      -    100      7      0      0      0      0  14801   2880  15694      4      0 
 06:52:42       0     50     37      -      0      0      0      0      0      0  14801   2715  15696      4      0 
 06:52:47       0     49     35      -      0      0      0      0      0      0  14801   2715  15696      4      0 
 06:52:52       0     48     34      -      0      0      0      0      0      0  14801   2715      4      2      0 
