#Time         gpu    pwr  gtemp  mtemp     sm    mem    enc    dec    jpg    ofa   mclk   pclk     fb   bar1   ccpm 
#HH:MM:SS     Idx      W      C      C      %      %      %      %      %      %    MHz    MHz     MB     MB     MB 
 06:23:35       0     30     26      -      0      0      0      0      0      0   7001    525      2      1      0 
 06:23:40       0     23     24      -      0      0      0      0      0      0    810    225      2      1      0 
 06:23:45       0     20     24      -      0      0      0      0      0      0    405    225      2      1      0 
 06:23:50       0     31     25      -      0      0      0      0      0      0  14801   2722    338      4      0 
 06:23:55       0     48     27      -      2      0      0      0      0      0  14801   2737   2242      4      0 
 06:24:00       0     48     27      -      0      0      0      0      0      0  14801   2722   2692      4      0 
 06:24:05       0     48     27      -      0      0      0      0      0      0  14801   2722   2702      4      0 
 06:24:10       0     48     27      -      0      0      0      0      0      0  14801   2722   2702      4      0 
 06:24:15       0     22     24      -      0      0      0      0      0      0    810    240   2702      4      0 
 06:24:20       0     20     24      -      0      0      0      0      0      0    405    225   2702      4      0 
 06:24:25       0     48     27      -      0      0      0      0      0      0  14801   2722  15096      4      0 
 06:24:30       0     48     27      -      0      0      0      0      0      0  14801   2722  15096      4      0 
 06:24:35       0     48     27      -     20      1      0      0      0      0  14801   2737  15096      4      0 
 06:24:40       0     50     28      -      0      0      0      0      0      0  14801   2722  15096      4      0 
 06:24:45       0     48     27      -      0      0      0      0      0      0  14801   2722  11566      4      0 
 06:24:50       0     53     28      -      0      0      0      0      0      0  14801   2955  11566      4      0 
 06:24:55       0     48     27      -      0      0      0      0      0      0  14801   2722  11566      4      0 
 06:25:00       0     48     27      -      0      0      0      0      0      0  14801   2722  11596      4      0 
 06:25:05       0     48     28      -      0      0      0      0      0      0  14801   2722  11596      4      0 
 06:25:10       0     52     28      -      0      0      0      0      0      0  14801   2722  11618      4      0 
 06:25:15       0     54     28      -      0      0      0      0      0      0  14801   2955  11618      4      0 
 06:25:20       0     48     28      -      0      0      0      0      0      0  14801   2722  11618      4      0 
 06:25:25       0     58     29      -     31      2      0      0      0      0  14801   2955  11618      4      0 
 06:25:30       0     48     28      -      0      0      0      0      0      0  14801   2722  11620      4      0 
 06:25:35       0     48     28      -      0      0      0      0      0      0  14801   2722  11626      4      0 
 06:25:40       0     49     28      -      0      0      0      0      0      0  14801   2722  11626      4      0 
 06:25:45       0    130     31      -      0      0      0      0      0      0  14801   2955  12222      4      0 
 06:25:50       0     60     29      -      0      0      0      0      0      0  14801   2955  12222      4      0 
 06:25:55       0     48     28      -      0      0      0      0      0      0  14801   2722  15116      4      0 
 06:26:00       0     48     28      -      0      0      0      0      0      0  14801   2722  15118      4      0 
 06:26:05       0     54     29      -      0      0      0      0      0      0  14801   2955  15700      4      0 
 06:26:10       0     48     29      -      0      0      0      0      0      0  14801   2722  15700      4      0 
 06:26:15       0     48     29      -      0      0      0      0      0      0  14801   2722  15700      4      0 
 06:26:20       0     46     28      -      0      0      0      0      0      0   7001   2002  15700      4      0 
 06:26:25       0    131     36      -     94     60      0      0      0      0  14801   2910  15702      4      0 
 06:26:30       0    290     50      -    100     27      0      0      0      0  14801   2895  15722      4      0 
 06:26:35       0    243     44      -     99     31      0      0      0      0  14801   2932  15680      4      0 
 06:26:40       0    225     41      -     93     61      0      0      0      0  14801   2910  15680      4      0 
 06:26:45       0    292     56      -    100     15      0      0      0      0  14801   2887  15680      4      0 
 06:26:50       0    292     58      -    100      8      0      0      0      0  14801   2880  15682      4      0 
 06:26:55       0    288     52      -    100     30      0      0      0      0  14801   2887  15680      4      0 
 06:27:00       0    192     44      -     93     67      0      0      0      0  14801   2887  15684      4      0 
 06:27:05       0    207     45      -     91     71      0      0      0      0  14801   2887  15684      4      0 
 06:27:10       0    207     45      -     91     71      0      0      0      0  14801   2887  15684      4      0 
#Time         gpu    pwr  gtemp  mtemp     sm    mem    enc    dec    jpg    ofa   mclk   pclk     fb   bar1   ccpm 
#HH:MM:SS     Idx      W      C      C      %      %      %      %      %      %    MHz    MHz     MB     MB     MB 
 06:27:15       0    208     46      -     91     72      0      0      0      0  14801   2887  15684      4      0 
 06:27:20       0    208     46      -     91     71      0      0      0      0  14801   2887  15684      4      0 
 06:27:25       0    208     47      -     91     71      0      0      0      0  14801   2887  15684      4      0 
 06:27:30       0    208     47      -     91     71      0      0      0      0  14801   2887  15684      4      0 
 06:27:35       0    208     47      -     91     71      0      0      0      0  14801   2887  15684      4      0 
 06:27:40       0    208     47      -     91     71      0      0      0      0  14801   2887  15684      4      0 
 06:27:45       0    208     47      -     91     71      0      0      0      0  14801   2887  15684      4      0 
 06:27:50       0    209     47      -     91     71      0      0      0      0  14801   2887  15684      4      0 
 06:27:55       0    209     48      -     91     71      0      0      0      0  14801   2887  15684      4      0 
 06:28:00       0    210     48      -     91     71      0      0      0      0  14801   2887  15684      4      0 
 06:28:05       0    210     48      -     91     72      0      0      0      0  14801   2887  15684      4      0 
 06:28:10       0    210     48      -     91     72      0      0      0      0  14801   2887  15684      4      0 
 06:28:15       0    210     48      -     91     72      0      0      0      0  14801   2887  15684      4      0 
 06:28:20       0    210     48      -     91     72      0      0      0      0  14801   2887  15684      4      0 
 06:28:25       0    210     48      -     91     72      0      0      0      0  14801   2887  15684      4      0 
 06:28:30       0    210     48      -     91     71      0      0      0      0  14801   2887  15684      4      0 
 06:28:35       0    210     49      -     91     71      0      0      0      0  14801   2887  15684      4      0 
 06:28:40       0    210     49      -     91     72      0      0      0      0  14801   2887  15684      4      0 
 06:28:45       0    210     49      -     91     71      0      0      0      0  14801   2887  15684      4      0 
 06:28:50       0    210     48      -     91     71      0      0      0      0  14801   2887  15684      4      0 
 06:28:55       0    210     49      -     91     71      0      0      0      0  14801   2887  15684      4      0 
 06:29:00       0    210     49      -     91     72      0      0      0      0  14801   2887  15684      4      0 
 06:29:05       0    211     49      -     91     71      0      0      0      0  14801   2887  15684      4      0 
 06:29:10       0    211     49      -     91     72      0      0      0      0  14801   2887  15684      4      0 
 06:29:15       0    211     49      -     91     72      0      0      0      0  14801   2887  15684      4      0 
 06:29:20       0    211     49      -     92     72      0      0      0      0  14801   2887  15684      4      0 
 06:29:25       0    211     49      -     91     72      0      0      0      0  14801   2887  15684      4      0 
 06:29:30       0    212     49      -     91     72      0      0      0      0  14801   2887  15684      4      0 
 06:29:35       0    212     49      -     91     72      0      0      0      0  14801   2887  15684      4      0 
 06:29:40       0    212     49      -     91     72      0      0      0      0  14801   2887  15684      4      0 
 06:29:45       0    212     50      -     92     72      0      0      0      0  14801   2887  15684      4      0 
 06:29:50       0    212     49      -     91     72      0      0      0      0  14801   2887  15684      4      0 
 06:29:55       0    211     49      -     91     72      0      0      0      0  14801   2887  15684      4      0 
 06:30:00       0    211     49      -     91     72      0      0      0      0  14801   2887  15684      4      0 
 06:30:05       0    212     49      -     91     72      0      0      0      0  14801   2887  15684      4      0 
 06:30:10       0    212     49      -     91     72      0      0      0      0  14801   2887  15684      4      0 
 06:30:15       0    212     50      -     92     72      0      0      0      0  14801   2887  15684      4      0 
 06:30:20       0    212     50      -     90     71      0      0      0      0  14801   2887  15684      4      0 
 06:30:25       0    212     49      -     90     71      0      0      0      0  14801   2887  15684      4      0 
 06:30:30       0    212     49      -     91     72      0      0      0      0  14801   2887  15684      4      0 
 06:30:35       0    212     49      -     91     72      0      0      0      0  14801   2887  15684      4      0 
 06:30:40       0    212     50      -     91     72      0      0      0      0  14801   2887  15684      4      0 
 06:30:45       0    212     50      -     92     72      0      0      0      0  14801   2887  15684      4      0 
 06:30:50       0    212     50      -     92     72      0      0      0      0  14801   2887  15684      4      0 
#Time         gpu    pwr  gtemp  mtemp     sm    mem    enc    dec    jpg    ofa   mclk   pclk     fb   bar1   ccpm 
#HH:MM:SS     Idx      W      C      C      %      %      %      %      %      %    MHz    MHz     MB     MB     MB 
 06:30:55       0    213     50      -     92     72      0      0      0      0  14801   2887  15684      4      0 
 06:31:00       0    207     50      -     92     72      0      0      0      0  14801   2887  15080      4      0 
 06:31:05       0    212     50      -     92     72      0      0      0      0  14801   2887  15080      4      0 
 06:31:10       0    212     50      -     91     72      0      0      0      0  14801   2887  15080      4      0 
 06:31:15       0    212     50      -     91     72      0      0      0      0  14801   2887  15080      4      0 
 06:31:20       0    212     50      -     92     72      0      0      0      0  14801   2887  15080      4      0 
 06:31:25       0    212     50      -     91     72      0      0      0      0  14801   2887  15080      4      0 
 06:31:30       0    212     50      -     92     72      0      0      0      0  14801   2887  15080      4      0 
 06:31:35       0    212     50      -     91     72      0      0      0      0  14801   2887  15080      4      0 
 06:31:40       0    212     50      -     91     72      0      0      0      0  14801   2887  15080      4      0 
 06:31:45       0    213     50      -     92     72      0      0      0      0  14801   2887  15080      4      0 
 06:31:50       0    213     50      -     92     72      0      0      0      0  14801   2887  15080      4      0 
 06:31:55       0    213     50      -     92     72      0      0      0      0  14801   2887  15080      4      0 
 06:32:00       0    213     50      -     92     73      0      0      0      0  14801   2887  15080      4      0 
 06:32:05       0    213     50      -     91     72      0      0      0      0  14801   2887  15080      4      0 
 06:32:10       0    213     50      -     92     73      0      0      0      0  14801   2887  15080      4      0 
 06:32:15       0    213     50      -     92     72      0      0      0      0  14801   2887  15080      4      0 
 06:32:20       0    213     50      -     92     73      0      0      0      0  14801   2887  15080      4      0 
 06:32:25       0    213     50      -     92     72      0      0      0      0  14801   2887  15080      4      0 
 06:32:30       0    213     50      -     92     72      0      0      0      0  14801   2887  15080      4      0 
 06:32:35       0    213     50      -     92     72      0      0      0      0  14801   2887  15080      4      0 
 06:32:40       0    213     50      -     92     73      0      0      0      0  14801   2887  15080      4      0 
 06:32:45       0    213     50      -     91     72      0      0      0      0  14801   2887  15080      4      0 
 06:32:50       0    108     44      -     98     29      0      0      0      0  14801   2902  15082      4      0 
 06:32:55       0    152     43      -     99     19      0      0      0      0  14801   2910  15082      4      0 
 06:33:00       0    136     45      -     95     40      0      0      0      0  14801   2910  15082      4      0 
 06:33:05       0    125     43      -     97     29      0      0      0      0  14801   2917  15082      4      0 
 06:33:10       0    298     61      -    100     20      0      0      0      0  14801   2880  15682      4      0 
 06:33:15       0    302     62      -    100     23      0      0      0      0  14801   2872  15682      4      0 
 06:33:20       0    308     60      -    100     14      0      0      0      0  14801   2872  15682      4      0 
 06:33:25       0    305     61      -    100      7      0      0      0      0  14801   2872  15682      4      0 
 06:33:30       0    300     54      -     98     36      0      0      0      0  14801   2880  15682      4      0 
 06:33:35       0    300     57      -     87     34      0      0      0      0  14801   2880  15682      4      0 
 06:33:40       0    302     58      -    100     35      0      0      0      0  14801   2880  15682      4      0 
 06:33:45       0    240     42      -      0      0      0      0      0      0  14801   2917  15680      4      0 
 06:33:50       0    298     57      -    100     28      0      0      0      0  14801   2880  15680      4      0 
 06:33:55       0    297     57      -    100     29      0      0      0      0  14801   2872  15682      4      0 
 06:34:00       0    304     58      -    100     27      0      0      0      0  14801   2872  15682      4      0 
 06:34:05       0    152     43      -     98     23      0      0      0      0  14801   2917  15682      4      0 
 06:34:10       0    218     47      -     91     73      0      0      0      0  14801   2887  15682      4      0 
 06:34:15       0    212     47      -     91     73      0      0      0      0  14801   2887  15682      4      0 
 06:34:20       0    212     47      -     91     73      0      0      0      0  14801   2887  15682      4      0 
 06:34:25       0    212     47      -     92     73      0      0      0      0  14801   2887  15682      4      0 
 06:34:30       0    212     47      -     92     73      0      0      0      0  14801   2887  15682      4      0 
#Time         gpu    pwr  gtemp  mtemp     sm    mem    enc    dec    jpg    ofa   mclk   pclk     fb   bar1   ccpm 
#HH:MM:SS     Idx      W      C      C      %      %      %      %      %      %    MHz    MHz     MB     MB     MB 
 06:34:35       0    213     48      -     92     73      0      0      0      0  14801   2887  15682      4      0 
 06:34:40       0    213     48      -     92     73      0      0      0      0  14801   2887  15682      4      0 
 06:34:45       0    213     48      -     92     73      0      0      0      0  14801   2887  15682      4      0 
 06:34:50       0    214     49      -     92     73      0      0      0      0  14801   2887  15682      4      0 
 06:34:55       0    214     49      -     92     73      0      0      0      0  14801   2887  15682      4      0 
 06:35:00       0    214     49      -     92     73      0      0      0      0  14801   2887  15682      4      0 
 06:35:05       0    214     49      -     92     73      0      0      0      0  14801   2887  15682      4      0 
 06:35:10       0    214     49      -     92     73      0      0      0      0  14801   2887  15682      4      0 
 06:35:15       0    214     49      -     92     73      0      0      0      0  14801   2887  15682      4      0 
 06:35:20       0    214     49      -     92     73      0      0      0      0  14801   2887  15682      4      0 
 06:35:25       0    214     50      -     92     73      0      0      0      0  14801   2887  15682      4      0 
 06:35:30       0    215     50      -     92     73      0      0      0      0  14801   2887  15682      4      0 
 06:35:35       0    214     50      -     92     73      0      0      0      0  14801   2887  15682      4      0 
 06:35:40       0    215     49      -     92     73      0      0      0      0  14801   2887  15682      4      0 
 06:35:45       0    214     49      -     92     73      0      0      0      0  14801   2887  15682      4      0 
 06:35:50       0    214     50      -     92     73      0      0      0      0  14801   2887  15682      4      0 
 06:35:55       0    215     50      -     92     73      0      0      0      0  14801   2887  15098      4      0 
 06:36:00       0    215     50      -     91     73      0      0      0      0  14801   2887  15098      4      0 
 06:36:05       0    215     50      -     92     73      0      0      0      0  14801   2887  15098      4      0 
 06:36:10       0    215     50      -     92     73      0      0      0      0  14801   2887  15098      4      0 
 06:36:15       0    215     50      -     92     73      0      0      0      0  14801   2887  15098      4      0 
 06:36:20       0    216     50      -     92     74      0      0      0      0  14801   2887  15098      4      0 
 06:36:25       0    216     50      -     92     73      0      0      0      0  14801   2887  15098      4      0 
 06:36:30       0    216     50      -     92     74      0      0      0      0  14801   2887  15098      4      0 
 06:36:35       0    216     50      -     92     73      0      0      0      0  14801   2887  15098      4      0 
 06:36:40       0    216     50      -     92     73      0      0      0      0  14801   2887  15098      4      0 
 06:36:45       0    216     50      -     92     74      0      0      0      0  14801   2887  15098      4      0 
 06:36:50       0    216     50      -     92     73      0      0      0      0  14801   2887  15098      4      0 
 06:36:55       0    216     50      -     92     74      0      0      0      0  14801   2887  15098      4      0 
 06:37:00       0    216     50      -     92     74      0      0      0      0  14801   2887  15098      4      0 
 06:37:06       0    216     50      -     92     73      0      0      0      0  14801   2887  15098      4      0 
 06:37:11       0    216     50      -     92     73      0      0      0      0  14801   2887  15098      4      0 
 06:37:16       0    216     50      -     92     74      0      0      0      0  14801   2887  15098      4      0 
 06:37:21       0    216     50      -     92     74      0      0      0      0  14801   2887  15098      4      0 
 06:37:26       0    215     50      -     92     74      0      0      0      0  14801   2887  15098      4      0 
 06:37:31       0    216     50      -     92     73      0      0      0      0  14801   2887  15098      4      0 
 06:37:36       0    216     50      -     92     74      0      0      0      0  14801   2887  15098      4      0 
 06:37:41       0    216     50      -     92     74      0      0      0      0  14801   2887  15098      4      0 
 06:37:46       0    216     50      -     92     74      0      0      0      0  14801   2887  15098      4      0 
 06:37:51       0    216     50      -     92     74      0      0      0      0  14801   2887  15098      4      0 
 06:37:56       0    216     50      -     92     74      0      0      0      0  14801   2887  15098      4      0 
 06:38:01       0    216     50      -     92     73      0      0      0      0  14801   2887  15098      4      0 
 06:38:06       0    216     50      -     92     74      0      0      0      0  14801   2887  15098      4      0 
 06:38:11       0    216     50      -     92     74      0      0      0      0  14801   2887  15098      4      0 
#Time         gpu    pwr  gtemp  mtemp     sm    mem    enc    dec    jpg    ofa   mclk   pclk     fb   bar1   ccpm 
#HH:MM:SS     Idx      W      C      C      %      %      %      %      %      %    MHz    MHz     MB     MB     MB 
 06:38:16       0    216     51      -     92     74      0      0      0      0  14801   2887  15098      4      0 
 06:38:21       0    217     51      -     92     74      0      0      0      0  14801   2887  15098      4      0 
 06:38:26       0    217     50      -     92     74      0      0      0      0  14801   2887  15098      4      0 
 06:38:31       0    216     50      -     92     74      0      0      0      0  14801   2887  15098      4      0 
 06:38:36       0    216     50      -     92     74      0      0      0      0  14801   2887  15098      4      0 
 06:38:41       0    216     50      -     92     74      0      0      0      0  14801   2887  15098      4      0 
 06:38:46       0    217     50      -     92     74      0      0      0      0  14801   2887  15098      4      0 
 06:38:51       0    216     51      -     92     74      0      0      0      0  14801   2887  15098      4      0 
 06:38:56       0    217     51      -     92     74      0      0      0      0  14801   2887  15098      4      0 
 06:39:01       0    217     51      -     92     74      0      0      0      0  14801   2887  15098      4      0 
 06:39:06       0    217     50      -     92     74      0      0      0      0  14801   2887  15098      4      0 
 06:39:11       0    217     50      -     92     73      0      0      0      0  14801   2887  15098      4      0 
 06:39:16       0    217     50      -     92     74      0      0      0      0  14801   2887  15098      4      0 
 06:39:21       0    217     51      -     92     74      0      0      0      0  14801   2887  15098      4      0 
 06:39:26       0    217     51      -     92     74      0      0      0      0  14801   2887  15098      4      0 
 06:39:31       0    218     51      -     92     74      0      0      0      0  14801   2887  15098      4      0 
 06:39:36       0    218     51      -     92     74      0      0      0      0  14801   2887  15098      4      0 
 06:39:41       0    217     50      -     92     74      0      0      0      0  14801   2887  15098      4      0 
 06:39:46       0    217     50      -     92     74      0      0      0      0  14801   2887  15098      4      0 
 06:39:51       0    217     50      -     92     74      0      0      0      0  14801   2887  15098      4      0 
 06:39:56       0    217     51      -     92     74      0      0      0      0  14801   2887  15098      4      0 
 06:40:01       0    218     51      -     92     74      0      0      0      0  14801   2887  15098      4      0 
 06:40:06       0    218     51      -     92     74      0      0      0      0  14801   2887  15098      4      0 
 06:40:11       0    218     51      -     92     74      0      0      0      0  14801   2887  15098      4      0 
 06:40:16       0    217     50      -     92     74      0      0      0      0  14801   2887  15098      4      0 
 06:40:21       0    217     50      -     92     74      0      0      0      0  14801   2887  15098      4      0 
 06:40:26       0    218     51      -     92     74      0      0      0      0  14801   2887  15098      4      0 
 06:40:31       0    300     59      -    100     28      0      0      0      0  14801   2880  15682      4      0 
 06:40:36       0    302     54      -     86     29      0      0      0      0  14801   2872  15682      4      0 
 06:40:41       0    310     59      -    100     35      0      0      0      0  14801   2872  15682      4      0 
 06:40:46       0    251     44      -     99      9      0      0      0      0  14801   2902  15684      4      0 
 06:40:51       0    310     53      -    100     24      0      0      0      0  14801   2880  15682      4      0 
 06:40:56       0    309     57      -    100     19      0      0      0      0  14801   2887  15682      4      0 
 06:41:01       0    312     55      -    100     36      0      0      0      0  14801   2880  15682      4      0 
 06:41:06       0    313     59      -    100      8      0      0      0      0  14801   2880  15682      4      0 
 06:41:11       0    172     42      -     96     51      0      0      0      0  14801   2910  15682      4      0 
 06:41:16       0    134     40      -     97     39      0      0      0      0  14801   2925  15682      4      0 
 06:41:21       0    178     40      -     96     42      0      0      0      0  14801   2910  15682      4      0 
 06:41:26       0    142     41      -     96     54      0      0      0      0  14801   2917  15682      4      0 
 06:41:31       0    211     44      -     92     73      0      0      0      0  14801   2887  15682      4      0 
 06:41:36       0    211     45      -     92     73      0      0      0      0  14801   2887  15682      4      0 
 06:41:41       0    212     46      -     92     73      0      0      0      0  14801   2887  15682      4      0 
 06:41:46       0    212     46      -     92     73      0      0      0      0  14801   2887  15682      4      0 
 06:41:51       0    212     46      -     92     73      0      0      0      0  14801   2887  15682      4      0 
#Time         gpu    pwr  gtemp  mtemp     sm    mem    enc    dec    jpg    ofa   mclk   pclk     fb   bar1   ccpm 
#HH:MM:SS     Idx      W      C      C      %      %      %      %      %      %    MHz    MHz     MB     MB     MB 
 06:41:56       0    213     47      -     92     73      0      0      0      0  14801   2887  15682      4      0 
 06:42:01       0    213     47      -     92     73      0      0      0      0  14801   2887  15682      4      0 
 06:42:06       0    213     47      -     92     73      0      0      0      0  14801   2887  15682      4      0 
 06:42:11       0    213     48      -     92     73      0      0      0      0  14801   2887  15682      4      0 
 06:42:16       0    213     48      -     92     73      0      0      0      0  14801   2887  15682      4      0 
 06:42:21       0    214     48      -     92     73      0      0      0      0  14801   2887  15682      4      0 
 06:42:26       0    213     48      -     92     73      0      0      0      0  14801   2887  15682      4      0 
 06:42:31       0    214     48      -     92     73      0      0      0      0  14801   2887  15682      4      0 
 06:42:36       0    214     48      -     92     73      0      0      0      0  14801   2887  15682      4      0 
 06:42:41       0    214     49      -     92     73      0      0      0      0  14801   2887  15682      4      0 
 06:42:46       0    214     49      -     92     73      0      0      0      0  14801   2887  15682      4      0 
 06:42:51       0    214     49      -     92     73      0      0      0      0  14801   2887  15682      4      0 
 06:42:56       0    214     49      -     92     73      0      0      0      0  14801   2887  15682      4      0 
 06:43:01       0    214     49      -     92     73      0      0      0      0  14801   2887  15682      4      0 
 06:43:06       0    214     49      -     92     73      0      0      0      0  14801   2887  15098      4      0 
 06:43:11       0    215     49      -     92     73      0      0      0      0  14801   2887  15098      4      0 
 06:43:16       0    215     49      -     92     73      0      0      0      0  14801   2887  15098      4      0 
 06:43:21       0    215     50      -     92     73      0      0      0      0  14801   2887  15098      4      0 
 06:43:26       0    215     50      -     92     73      0      0      0      0  14801   2887  15098      4      0 
 06:43:31       0    215     50      -     92     74      0      0      0      0  14801   2887  15098      4      0 
 06:43:36       0    216     50      -     92     73      0      0      0      0  14801   2887  15098      4      0 
 06:43:41       0    215     50      -     92     74      0      0      0      0  14801   2887  15098      4      0 
 06:43:46       0    215     50      -     92     74      0      0      0      0  14801   2887  15098      4      0 
 06:43:51       0    216     50      -     92     73      0      0      0      0  14801   2887  15098      4      0 
 06:43:56       0    216     50      -     92     73      0      0      0      0  14801   2887  15098      4      0 
 06:44:01       0    216     50      -     92     74      0      0      0      0  14801   2887  15098      4      0 
 06:44:06       0    216     50      -     92     74      0      0      0      0  14801   2887  15098      4      0 
 06:44:11       0    216     50      -     92     74      0      0      0      0  14801   2887  15098      4      0 
 06:44:16       0    215     50      -     91     73      0      0      0      0  14801   2887  15098      4      0 
 06:44:21       0    215     50      -     92     73      0      0      0      0  14801   2887  15098      4      0 
 06:44:26       0    215     50      -     92     73      0      0      0      0  14801   2887  15098      4      0 
 06:44:31       0    216     50      -     92     74      0      0      0      0  14801   2887  15098      4      0 
 06:44:36       0    216     50      -     92     74      0      0      0      0  14801   2887  15098      4      0 
 06:44:41       0    216     50      -     92     74      0      0      0      0  14801   2887  15098      4      0 
 06:44:46       0    216     50      -     92     74      0      0      0      0  14801   2887  15098      4      0 
 06:44:51       0    216     50      -     92     74      0      0      0      0  14801   2887  15098      4      0 
 06:44:56       0    216     50      -     92     74      0      0      0      0  14801   2887  15098      4      0 
 06:45:01       0    216     50      -     92     74      0      0      0      0  14801   2887  15098      4      0 
 06:45:06       0    217     50      -     92     73      0      0      0      0  14801   2887  15098      4      0 
 06:45:11       0    217     51      -     92     74      0      0      0      0  14801   2887  15098      4      0 
 06:45:16       0    217     51      -     92     74      0      0      0      0  14801   2887  15098      4      0 
 06:45:21       0    217     50      -     92     74      0      0      0      0  14801   2887  15098      4      0 
 06:45:26       0    216     50      -     92     74      0      0      0      0  14801   2887  15098      4      0 
 06:45:31       0    216     50      -     92     74      0      0      0      0  14801   2887  15098      4      0 
#Time         gpu    pwr  gtemp  mtemp     sm    mem    enc    dec    jpg    ofa   mclk   pclk     fb   bar1   ccpm 
#HH:MM:SS     Idx      W      C      C      %      %      %      %      %      %    MHz    MHz     MB     MB     MB 
 06:45:36       0    216     50      -     92     74      0      0      0      0  14801   2887  15098      4      0 
 06:45:41       0    216     50      -     92     74      0      0      0      0  14801   2887  15098      4      0 
 06:45:46       0    217     51      -     92     74      0      0      0      0  14801   2887  15098      4      0 
 06:45:51       0    217     51      -     92     74      0      0      0      0  14801   2887  15098      4      0 
 06:45:56       0    216     51      -     92     74      0      0      0      0  14801   2887  15098      4      0 
 06:46:01       0    216     50      -     92     74      0      0      0      0  14801   2887  15098      4      0 
 06:46:06       0    216     50      -     92     74      0      0      0      0  14801   2887  15098      4      0 
 06:46:11       0    217     51      -     92     74      0      0      0      0  14801   2887  15098      4      0 
 06:46:16       0    217     51      -     92     74      0      0      0      0  14801   2887  15098      4      0 
 06:46:21       0    217     51      -     92     74      0      0      0      0  14801   2887  15098      4      0 
 06:46:26       0    217     51      -     92     74      0      0      0      0  14801   2887  15098      4      0 
 06:46:31       0    217     51      -     92     74      0      0      0      0  14801   2887  15098      4      0 
 06:46:36       0    217     50      -     92     74      0      0      0      0  14801   2887  15098      4      0 
 06:46:41       0    217     50      -     92     74      0      0      0      0  14801   2887  15098      4      0 
 06:46:46       0    217     51      -     92     74      0      0      0      0  14801   2887  15098      4      0 
 06:46:51       0    217     51      -     92     74      0      0      0      0  14801   2887  15098      4      0 
 06:46:56       0    217     51      -     92     74      0      0      0      0  14801   2887  15098      4      0 
 06:47:01       0    218     51      -     92     74      0      0      0      0  14801   2887  15098      4      0 
 06:47:06       0    217     51      -     92     74      0      0      0      0  14801   2887  15098      4      0 
 06:47:11       0    217     51      -     92     74      0      0      0      0  14801   2887  15098      4      0 
 06:47:16       0    217     51      -     92     74      0      0      0      0  14801   2887  15098      4      0 
 06:47:21       0    217     51      -     92     74      0      0      0      0  14801   2887  15098      4      0 
 06:47:26       0    217     51      -     92     74      0      0      0      0  14801   2887  15098      4      0 
 06:47:31       0    217     51      -     92     74      0      0      0      0  14801   2887  15098      4      0 
 06:47:36       0    128     57      -    100     37      0      0      0      0  14801   2910  15682      4      0 
 06:47:41       0    301     63      -    100     17      0      0      0      0  14801   2872  15682      4      0 
 06:47:46       0    307     59      -    100     31      0      0      0      0  14801   2872  15682      4      0 
 06:47:51       0    313     63      -    100      6      0      0      0      0  14801   2880  15682      4      0 
 06:47:56       0    155     44      -     98     27      0      0      0      0  14801   2895  15682      4      0 
 06:48:01       0    303     59      -    100     20      0      0      0      0  14801   2880  15680      4      0 
 06:48:06       0    301     59      -    100     14      0      0      0      0  14801   2880  15680      4      0 
 06:48:11       0    306     57      -    100     38      0      0      0      0  14801   2880  15682      4      0 
 06:48:16       0    296     52      -     97     36      0      0      0      0  14801   2880  15682      4      0 
 06:48:21       0    151     43      -     96     51      0      0      0      0  14801   2925  15682      4      0 
 06:48:26       0    157     42      -     97     38      0      0      0      0  14801   2917  15682      4      0 
 06:48:31       0    156     41      -     96     43      0      0      0      0  14801   2917  15682      4      0 
 06:48:36       0    140     40      -     97     33      0      0      0      0  14801   2917  15682      4      0 
 06:48:41       0    139     41      -     97     38      0      0      0      0  14801   2925  15682      4      0 
 06:48:46       0    259     53      -     99     37      0      0      0      0  14801   2895  15680      4      0 
 06:48:51       0    297     59      -    100      8      0      0      0      0  14801   2887  15680      4      0 
 06:48:56       0    301     61      -    100     11      0      0      0      0  14801   2880  15682      4      0 
 06:49:01       0    306     62      -    100      0      0      0      0      0  14801   2872  15682      4      0 
 06:49:06       0    292     56      -    100     30      0      0      0      0  14801   2880  15680      4      0 
 06:49:11       0    307     57      -    100     26      0      0      0      0  14801   2880  15680      4      0 
#Time         gpu    pwr  gtemp  mtemp     sm    mem    enc    dec    jpg    ofa   mclk   pclk     fb   bar1   ccpm 
#HH:MM:SS     Idx      W      C      C      %      %      %      %      %      %    MHz    MHz     MB     MB     MB 
 06:49:16       0    307     59      -    100      3      0      0      0      0  14801   2887  15682      4      0 
 06:49:21       0    316     56      -    100     28      0      0      0      0  14801   2880  15682      4      0 
 06:49:26       0    166     37      -      0      0      0      0      0      0  14801   2940  15680      4      0 
 06:49:31       0    297     53      -    100     37      0      0      0      0  14801   2880  15680      4      0 
 06:49:36       0    299     57      -    100     17      0      0      0      0  14801   2880  15068      4      0 
 06:49:41       0    301     59      -    100      6      0      0      0      0  14801   2887  15682      4      0 
 06:49:46       0    303     60      -    100     10      0      0      0      0  14801   2872  15682      4      0 
 06:49:51       0    279     59      -    100     19      0      0      0      0  14801   2880  15700      4      0 
 06:49:56       0    300     57      -    100     28      0      0      0      0  14801   2887  15700      4      0 
 06:50:01       0    301     56      -    100     28      0      0      0      0  14801   2880  15700      4      0 
 06:50:06       0    305     55      -    100     37      0      0      0      0  14801   2887  15700      4      0 
 06:50:11       0    310     58      -    100      2      0      0      0      0  14801   2880  15096      4      0 
 06:50:16       0    311     57      -    100     22      0      0      0      0  14801   2880  15704      4      0 
 06:50:21       0    304     53      -    100     18      0      0      0      0  14801   2887  15704      4      0 
 06:50:26       0     57     34      -      0      0      0      0      0      0  14801   2715  15682      4      0 
 06:50:31       0     48     32      -      0      0      0      0      0      0  15001   2722      2      1      0 
