#Time         gpu    pwr  gtemp  mtemp     sm    mem    enc    dec    jpg    ofa   mclk   pclk  rxpci  txpci 
#HH:MM:SS     Idx      W      C      C      %      %      %      %      %      %    MHz    MHz   MB/s   MB/s 
 21:33:45       0     21     22      -      0      0      0      0      0      0    405    225      0      0 
 21:33:46       0     21     22      -      0      0      0      0      0      0    405    225      0      7 
 21:33:47       0     21     22      -      0      0      0      0      0      0    405    225      0      0 
 21:33:48       0     21     22      -      0      0      0      0      0      0    405    225      0      0 
 21:33:49       0     21     22      -      0      0      0      0      0      0    405    225      0      0 
 21:33:50       0     21     22      -      0      0      0      0      0      0    405    225      0      0 
 21:33:51       0     21     22      -      0      0      0      0      0      0    405    225      0      6 
 21:33:52       0     21     22      -      0      0      0      0      0      0    405    225      0      0 
 21:33:53       0     21     22      -      0      0      0      0      0      0    405    225      0      0 
 21:33:54       0     21     22      -      0      0      0      0      0      0    405    225      0      0 
 21:33:55       0     21     22      -      0      0      0      0      0      0    405    225      0      0 
 21:33:56       0     21     22      -      0      0      0      0      0      0    405    225      0      2 
 21:33:57       0     21     22      -      0      0      0      0      0      0    405    225      0      0 
 21:33:58       0     21     22      -      0      0      0      0      0      0    405    225      0      0 
 21:33:59       0     21     22      -      0      0      0      0      0      0  15001    225      0      1 
 21:34:00       0     48     25      -      0      0      0      0      0      0  14801   2722      0      0 
 21:34:01       0     48     25      -      0      0      0      0      0      0  14801   2730   1083     93 
 21:34:03       0     49     26      -      0      0      0      0      0      0  14801   2730    648     68 
 21:34:04       0     49     26      -      3      0      0      0      0      0  14801   2760      0      1 
 21:34:05       0     48     26      -      0      0      0      0      0      0  14801   2722      0      0 
 21:34:06       0     48     26      -      5      0      0      0      0      0  14801   2760   1326     46 
 21:34:07       0     49     26      -      0      0      0      0      0      0  14801   2745      4      1 
 21:34:08       0     48     26      -      0      0      0      0      0      0  14801   2722      0      1 
 21:34:09       0     48     26      -      0      0      0      0      0      0  14801   2722      0      0 
 21:34:10       0     48     26      -      0      0      0      0      0      0  14801   2722      0      1 
 21:34:11       0     48     26      -      0      0      0      0      0      0  14801   2722      0      0 
 21:34:12       0     48     26      -      1      0      0      0      0      0  14801   2722      1      3 
 21:34:13       0     48     26      -      1      0      0      0      0      0  14801   2722      0      0 
 21:34:14       0     48     26      -      0      0      0      0      0      0  14801   2722      0      5 
 21:34:15       0     48     26      -      1      0      0      0      0      0  14801   2722      0      0 
 21:34:16       0     48     26      -      0      0      0      0      0      0  14801   2722     25      3 
 21:34:17       0     48     26      -      0      0      0      0      0      0  14801   2722      1      1 
 21:34:18       0     48     26      -      0      0      0      0      0      0  14801   2722      0      0 
 21:34:19       0     48     26      -      0      0      0      0      0      0  14801   2722      0      0 
 21:34:20       0     48     26      -      0      0      0      0      0      0  14801   2722      0      0 
 21:34:21       0     48     26      -      0      0      0      0      0      0  14801   2722      0      0 
 21:34:22       0     47     26      -      0      0      0      0      0      0  14801   2722     82      4 
 21:34:23       0     41     25      -      0      0      0      0      0      0    810    810      0      0 
 21:34:25       0     24     24      -      2      0      0      0      0      0    810    345      0      0 
 21:34:26       0     22     24      -      0      0      0      0      0      0    405    225      0      0 
 21:34:27       0     22     23      -      2      0      0      0      0      0    405    225      0      5 
 21:34:28       0     22     23      -      0      0      0      0      0      0    405    225      0      0 
 21:34:29       0     22     23      -      0      0      0      0      0      0    405    225      0      0 
 21:34:30       0     22     23      -      0      0      0      0      0      0    405    225      1      0 
#Time         gpu    pwr  gtemp  mtemp     sm    mem    enc    dec    jpg    ofa   mclk   pclk  rxpci  txpci 
#HH:MM:SS     Idx      W      C      C      %      %      %      %      %      %    MHz    MHz   MB/s   MB/s 
 21:34:31       0     21     23      -      0      2      0      0      0      0    405    225      0      0 
 21:34:32       0     21     23      -      0      0      0      0      0      0    405    225      0      0 
 21:34:33       0     21     23      -      0      0      0      0      0      0    405    225      1      1 
 21:34:34       0     41     25      -      3      0      0      0      0      0  14801   2745      1      0 
 21:34:35       0     49     26      -      0      0      0      0      0      0  14801   2722      0      0 
 21:34:36       0     48     26      -      1      0      0      0      0      0  14801   2722      0      0 
 21:34:37       0     49     26      -      0      0      0      0      0      0  14801   2782  30444   2576 
 21:34:38       0     65     28      -     99      7      0      0      0      0  14801   2955  30433   2603 
 21:34:39       0     61     27      -      0      0      0      0      0      0  14801   2955      0      0 
 21:34:40       0     54     27      -      0      0      0      0      0      0  14801   2955      0      0 
 21:34:41       0     50     27      -      0      0      0      0      0      0  14801   2722      0      0 
 21:34:42       0     52     29      -     96      7      0      0      0      0  14801   2730      0      0 
 21:34:43       0     59     27      -      0      0      0      0      0      0  14801   2955      0      1 
 21:34:45       0     50     27      -      0      0      0      0      0      0  14801   2722      0      0 
 21:34:46       0     48     27      -      0      0      0      0      0      0  14801   2722      0      0 
 21:34:47       0     48     27      -      0      0      0      0      0      0  14801   2722      0      0 
 21:34:48       0     48     27      -      0      0      0      0      0      0  14801   2722      0      0 
 21:34:49       0     48     27      -      0      0      0      0      0      0  14801   2722      7     11 
 21:34:50       0     48     27      -      6      0      0      0      0      0  14801   2722      1      0 
 21:34:54       0     47     27      -      0      0      0      0      0      0  15001   2722      0     16 
 21:34:55       0     47     27      -      0      0      0      0      0      0  15001   2722      0      1 
 21:34:56       0     34     25      -      0      0      0      0      0      0   7001    532      0      0 
 21:34:57       0     24     24      -      0      0      0      0      0      0    810    337      0      0 
 21:34:58       0     22     24      -      0      0      0      0      0      0    405    225      0      0 
 21:34:59       0     21     23      -      0      0      0      0      0      0    405    225      1      1 
 21:35:00       0     21     23      -      0      0      0      0      0      0    405    225      0      0 
 21:35:01       0     20     23      -      0      0      0      0      0      0    405    225      0      0 
 21:35:02       0     21     23      -      0      0      0      0      0      0    405    225      0      0 
 21:35:03       0     20     23      -      0      0      0      0      0      0    405    225      0      0 
 21:35:04       0     20     23      -      0      0      0      0      0      0    405    225      1      1 
 21:35:05       0     21     23      -      0      0      0      0      0      0    405    225      0      0 
 21:35:06       0     21     23      -      0      0      0      0      0      0    405    225      0      1 
 21:35:07       0     21     23      -      0      0      0      0      0      0    405    225      0      1 
 21:35:08       0     21     23      -      0      0      0      0      0      0    405    225      0      0 
 21:35:10       0     21     23      -      0      0      0      0      0      0    405    225      3      1 
 21:35:11       0     21     23      -      0      0      0      0      0      0    405    225      0      0 
 21:35:12       0     21     23      -      0      0      0      0      0      0    405    225      0      0 
 21:35:13       0     20     23      -      0      0      0      0      0      0    405    225      0      0 
 21:35:14       0     21     23      -      0      0      0      0      0      0    405    225      0      1 
 21:35:15       0     21     23      -      0      0      0      0      0      0    405    225      0      4 
 21:35:16       0     21     23      -      0      0      0      0      0      0    405    225      0      1 
 21:35:17       0     21     23      -      0      0      0      0      0      0    405    225      0      0 
 21:35:18       0     21     23      -      0      0      0      0      0      0    405    225      0      0 
 21:35:19       0     21     23      -      0      0      0      0      0      0    405    225      0      3 
#Time         gpu    pwr  gtemp  mtemp     sm    mem    enc    dec    jpg    ofa   mclk   pclk  rxpci  txpci 
#HH:MM:SS     Idx      W      C      C      %      %      %      %      %      %    MHz    MHz   MB/s   MB/s 
 21:35:20       0     21     23      -      0      0      0      0      0      0    405    225      0      6 
 21:35:21       0     21     23      -      0      0      0      0      0      0    405    225      0      0 
 21:35:22       0     21     23      -      0      0      0      0      0      0    405    225      0      0 
 21:35:23       0     21     23      -      0      0      0      0      0      0    405    225      0      0 
 21:35:24       0     21     23      -      0      0      0      0      0      0    405    225      0      0 
 21:35:25       0     21     23      -      0      0      0      0      0      0    405    225      0      1 
 21:35:26       0     21     23      -      0      0      0      0      0      0    405    225      0      0 
 21:35:27       0     21     23      -      0      0      0      0      0      0    405    225      0      1 
 21:35:28       0     21     23      -      0      0      0      0      0      0    405    225      0      0 
 21:35:29       0     21     23      -      0      0      0      0      0      0    405    225      0      0 
 21:35:30       0     21     23      -      0      0      0      0      0      0    405    225      0      1 
 21:35:32       0     21     23      -      0      0      0      0      0      0    405    225      2      0 
 21:35:33       0     21     23      -      0      0      0      0      0      0    405    225      0      0 
 21:35:34       0     21     23      -      0      0      0      0      0      0    405    217      0      0 
 21:35:35       0     21     23      -      0      0      0      0      0      0    405    225      0      0 
 21:35:36       0     21     23      -      0      0      0      0      0      0    405    225      0      0 
 21:35:37       0     21     23      -      0      0      0      0      0      0    405    225      0      1 
 21:35:38       0     21     23      -      0      0      0      0      0      0    405    225      0      0 
 21:35:39       0     21     23      -      0      0      0      0      0      0    405    225      0      0 
