#Time         gpu    pwr  gtemp  mtemp     sm    mem    enc    dec    jpg    ofa   mclk   pclk  rxpci  txpci 
#HH:MM:SS     Idx      W      C      C      %      %      %      %      %      %    MHz    MHz   MB/s   MB/s 
 21:37:32       0     21     22      -      0      0      0      0      0      0    405    225      0      4 
 21:37:33       0     21     22      -      0      0      0      0      0      0    405    225      0      1 
 21:37:34       0     21     22      -      0      0      0      0      0      0    405    225      0      0 
 21:37:35       0     21     22      -      0      0      0      0      0      0    405    225      0      0 
 21:37:36       0     21     22      -      0      0      0      0      0      0    405    225      0      0 
 21:37:37       0     21     22      -      0      0      0      0      0      0    405    225      0      0 
 21:37:38       0     21     22      -      0      0      0      0      0      0    405    225      0      0 
 21:37:39       0     21     22      -      0      0      0      0      0      0    405    225      0      1 
 21:37:40       0     21     22      -      0      0      0      0      0      0    405    225      0      0 
 21:37:41       0     21     22      -      0      0      0      0      0      0    405    225      0      0 
 21:37:42       0     21     22      -      0      0      0      0      0      0    405    225      0      0 
 21:37:43       0     21     22      -      0      0      0      0      0      0    405    225      0      1 
 21:37:45       0     21     22      -      0      0      0      0      0      0    405    225      0      0 
 21:37:46       0     21     22      -      0      0      0      0      0      0    405    225      0      1 
 21:37:47       0     25     23      -      0      0      0      0      0      0  14801    690      0      0 
 21:37:48       0     48     25      -      0      0      0      0      0      0  14801   2722      0      1 
 21:37:49       0     48     25      -      2      0      0      0      0      0  14801   2722    942     48 
 21:37:50       0     49     25      -      1      0      0      0      0      0  14801   2752    561     71 
 21:37:51       0     49     25      -      5      0      0      0      0      0  14801   2760      0      0 
 21:37:52       0     48     25      -      1      0      0      0      0      0  14801   2722      0      1 
 21:37:53       0     48     26      -      4      0      0      0      0      0  14801   2722    528     70 
 21:37:54       0     50     26      -     37      5      0      0      0      0  14801   2737      0      1 
 21:37:55       0     48     26      -      0      0      0      0      0      0  14801   2722      0      0 
 21:37:56       0     48     26      -      0      0      0      0      0      0  14801   2722      0      1 
 21:37:57       0     48     26      -      0      0      0      0      0      0  14801   2722      0      0 
 21:37:58       0     48     26      -      0      0      0      0      0      0  14801   2722      0      1 
 21:37:59       0     48     26      -      0      0      0      0      0      0  14801   2722      0      0 
 21:38:00       0     48     26      -      1      0      0      0      0      0  14801   2722     30      2 
 21:38:01       0     48     26      -      0      0      0      0      0      0  14801   2722      0      0 
 21:38:02       0     47     26      -      0      0      0      0      0      0  14801   2722      0      0 
 21:38:03       0     48     26      -      0      0      0      0      0      0  14801   2722     68      3 
 21:38:04       0     48     26      -      0      0      0      0      0      0  14801   2722      0      1 
 21:38:06       0     48     26      -      0      0      0      0      0      0  14801   2722      0      0 
 21:38:07       0     48     26      -      0      0      0      0      0      0  14801   2722      0      0 
 21:38:08       0     48     26      -      0      0      0      0      0      0  14801   2722      0      0 
 21:38:09       0     48     26      -      0      0      0      0      0      0  14801   2722      0      0 
 21:38:10       0     48     26      -      0      0      0      0      0      0  14801   2722      0      0 
 21:38:11       0     40     25      -      0      0      0      0      0      0    810   1080      0      0 
 21:38:12       0     23     24      -      1      0      0      0      0      0    810    345      0      0 
 21:38:13       0     23     24      -      0      0      0      0      0      0    405    225      0      6 
 21:38:14       0     22     23      -      2      0      0      0      0      0    405    225      0      0 
 21:38:15       0     22     23      -      0      0      0      0      0      0    405    225      0      0 
 21:38:16       0     22     23      -      0      0      0      0      0      0    405    217      0      0 
 21:38:17       0     21     23      -      0      0      0      0      0      0    405    225      0      0 
#Time         gpu    pwr  gtemp  mtemp     sm    mem    enc    dec    jpg    ofa   mclk   pclk  rxpci  txpci 
#HH:MM:SS     Idx      W      C      C      %      %      %      %      %      %    MHz    MHz   MB/s   MB/s 
 21:38:18       0     21     23      -      0      0      0      0      0      0    405    225      0      0 
 21:38:19       0     21     23      -      0      0      0      0      0      0    405    225      0      0 
 21:38:20       0     22     23      -      0      0      0      0      0      0    405    225      8      0 
 21:38:21       0     41     25      -      3      0      0      0      0      0  14801   2737      0      0 
 21:38:22       0     49     26      -      0      0      0      0      0      0  14801   2752      0      0 
 21:38:23       0     48     26      -      1      0      0      0      0      0  14801   2722      0      0 
 21:38:24       0     49     26      -      0      0      0      0      0      0  14801   2775  30362   2628 
 21:38:26       0     65     27      -     99      7      0      0      0      0  14801   2955      0      0 
 21:38:27       0     54     27      -      0      0      0      0      0      0  14801   2955      0      0 
 21:38:28       0     52     27      -      0      0      0      0      0      0  14801   2865      0      0 
 21:38:29       0     48     26      -      0      0      0      0      0      0  14801   2722      0      0 
 21:38:30       0     54     27      -      0      0      0      0      0      0  14801   2842      0      0 
 21:38:31       0     49     27      -      0      0      0      0      0      0  14801   2722      0      0 
 21:38:32       0     49     27      -      0      0      0      0      0      0  14801   2722      0      0 
 21:38:33       0    158     44      -     99     48      0      0      0      0  14801   2887  13356   2060 
 21:38:34       0    146     29      -      0      0      0      0      0      0  14801   2925      0      0 
 21:38:35       0     54     28      -      0      0      0      0      0      0  14801   2955      0      0 
 21:38:36       0     51     28      -      0      0      0      0      0      0  14801   2722      0      0 
 21:38:37       0     48     27      -      0      0      0      0      0      0  14801   2722      0      1 
 21:38:38       0     48     27      -      0      0      0      0      0      0  14801   2722      0      0 
 21:38:39       0     48     27      -      0      0      0      0      0      0  14801   2722      0      0 
 21:38:40       0     48     27      -      0      0      0      0      0      0  14801   2722      0      0 
 21:38:41       0     48     27      -      0      0      0      0      0      0  14801   2722      0      0 
 21:38:42       0     48     27      -      0      0      0      0      0      0  14801   2722      0      0 
 21:38:43       0     48     27      -      0      0      0      0      0      0  14801   2722      0      0 
 21:38:44       0     48     27      -      0      0      0      0      0      0  14801   2722      0      1 
 21:38:45       0     48     27      -      0      0      0      0      0      0  14801   2722      0      0 
 21:38:46       0     48     27      -      0      0      0      0      0      0  14801   2722      0      1 
 21:38:47       0     48     27      -      0      0      0      0      0      0  14801   2722      0      0 
 21:38:49       0     48     27      -      0      0      0      0      0      0  14801   2722      0      1 
 21:38:50       0     48     27      -      0      0      0      0      0      0  14801   2722      0      0 
 21:38:51       0     39     26      -      0      0      0      0      0      0    810   1080      0      0 
 21:38:52       0     25     25      -      0      0      0      0      0      0    810    382      0      0 
 21:38:53       0     23     25      -      0      0      0      0      0      0    810    232      0      0 
 21:38:54       0     22     25      -      1      0      0      0      0      0  14801    225   4838    608 
 21:38:55       0    119     34      -     89     59      0      0      0      0  14801   2947    413    483 
 21:38:56       0    149     30      -     38      6      0      0      0      0  14801   2932      0      1 
 21:38:57       0    113     44      -    100     47      0      0      0      0  14801   2947   6786   2162 
 21:38:58       0    301     47      -    100     43      0      0      0      0  14801   2872  31004   2480 
 21:38:59       0    306     49      -    100     32      0      0      0      0  14801   2880      0   1460 
 21:39:00       0    285     41      -     96     46      0      0      0      0  14801   2880    714    132 
 21:39:01       0    160     32      -      0      0      0      0      0      0  14801   2925      0      0 
 21:39:02       0    224     45      -     99     42      0      0      0      0  14801   2865  30277   2505 
 21:39:03       0    306     52      -    100     32      0      0      0      0  14801   2872  29462   2625 
#Time         gpu    pwr  gtemp  mtemp     sm    mem    enc    dec    jpg    ofa   mclk   pclk  rxpci  txpci 
#HH:MM:SS     Idx      W      C      C      %      %      %      %      %      %    MHz    MHz   MB/s   MB/s 
 21:39:04       0    307     52      -    100     29      0      0      0      0  14801   2872  15981   2604 
 21:39:05       0    307     48      -     99     26      0      0      0      0  14801   2872      0      0 
 21:39:06       0    309     54      -    100     19      0      0      0      0  14801   2872  29971      0 
 21:39:07       0    309     54      -    100     23      0      0      0      0  14801   2872  11486      0 
 21:39:08       0    309     52      -    100     20      0      0      0      0  14801   2872      0   1497 
 21:39:10       0    311     54      -    100     17      0      0      0      0  14801   2872   4525   2213 
 21:39:11       0    279     52      -    100      2      0      0      0      0  14801   2880  20782   2605 
 21:39:12       0    281     53      -    100     26      0      0      0      0  14801   2880      5      3 
 21:39:13       0     80     34      -      0      0      0      0      0      0  14801   2940      1      0 
 21:39:14       0     54     33      -      0      0      0      0      0      0  14801   2940      0      0 
 21:39:15       0     48     33      -      0      0      0      0      0      0  14801   2722      0      0 
 21:39:16       0     48     32      -      0      0      0      0      0      0  14801   2722      0      0 
 21:39:17       0     48     32      -      0      0      0      0      0      0  14801   2722      0      0 
 21:39:18       0     48     32      -      0      0      0      0      0      0  14801   2722      0      0 
 21:39:19       0     51     32      -      0      0      0      0      0      0  14801   2722      5      1 
 21:39:23       0     48     31      -      0      0      0      0      0      0  15001   2722      0      0 
 21:39:24       0     39     30      -      0      0      0      0      0      0   7001   1125      0      0 
 21:39:25       0     25     29      -      0      0      0      0      0      0    810    382      0      0 
 21:39:26       0     22     28      -      0      0      0      0      0      0    810    232      0      0 
 21:39:27       0     20     28      -      0      0      0      0      0      0    405    225      3      4 
 21:39:28       0     20     28      -      0      0      0      0      0      0    405    225      0      0 
 21:39:29       0     20     28      -      0      0      0      0      0      0    405    225      0      1 
 21:39:30       0     20     27      -      0      0      0      0      0      0    405    225      0      0 
 21:39:31       0     20     27      -      0      0      0      0      0      0    405    225      0      1 
 21:39:32       0     20     27      -      0      0      0      0      0      0    405    225      0      6 
 21:39:33       0     21     27      -      0      0      0      0      0      0    405    225      0      0 
 21:39:34       0     21     27      -      0      0      0      0      0      0    405    225      0      0 
 21:39:35       0     20     27      -      0      0      0      0      0      0    405    225      0      0 
 21:39:36       0     20     27      -      0      0      0      0      0      0    405    225      0      1 
 21:39:37       0     20     26      -      0      0      0      0      0      0    405    225      0      4 
 21:39:38       0     21     26      -      0      0      0      0      0      0    405    225      0      1 
 21:39:39       0     20     26      -      0      0      0      0      0      0    405    225      0      0 
 21:39:40       0     20     26      -      0      0      0      0      0      0    405    225      0      1 
 21:39:41       0     20     26      -      0      0      0      0      0      0    405    225      0      0 
 21:39:42       0     20     26      -      0      0      0      0      0      0    405    225      0      0 
 21:39:44       0     20     26      -      0      0      0      0      0      0    405    225      0      1 
 21:39:45       0     21     26      -      0      0      0      0      0      0    405    225      0      0 
 21:39:46       0     21     26      -      0      0      0      0      0      0    405    225      0      0 
 21:39:47       0     20     26      -      0      0      0      0      0      0    405    225      0      0 
 21:39:48       0     20     26      -      0      0      0      0      0      0    405    225      0      8 
