#Time         gpu    pwr  gtemp  mtemp     sm    mem    enc    dec    jpg    ofa   mclk   pclk     fb   bar1   ccpm 
#HH:MM:SS     Idx      W      C      C      %      %      %      %      %      %    MHz    MHz     MB     MB     MB 
 12:26:31       0     15     41      -      0      6      0      0      0      0    405    195     10     10      0 
 12:26:36       0     15     40      -      0      6      0      0      0      0    405    195     10     10      0 
 12:26:41       0     15     41      -      0      6      0      0      0      0  15001    195    348     13      0 
 12:26:46       0     47     41      -      0      0      0      0      0      0  14801   2692  15004     13      0 
 12:26:51       0     47     41      -      0      0      0      0      0      0  14801   2692  11566     13      0 
 12:26:56       0     47     41      -      0      0      0      0      0      0  14801   2692  11578     13      0 
 12:27:01       0     48     41      -      0      0      0      0      0      0  14801   2760  11600     13      0 
 12:27:06       0     48     42      -      0      0      0      0      0      0  14801   2692  11626     13      0 
 12:27:11       0     48     41      -      0      0      0      0      0      0  14801   2760  12222     13      0 
 12:27:16       0     52     42      -     21      2      0      0      0      0  14801   2850  12262     13      0 
 12:27:21       0     47     42      -      0      0      0      0      0      0  14801   2692  15052     13      0 
 12:27:26       0     50     43      -      0      0      0      0      0      0  14801   2835  15442     13      0 
 12:27:31       0     47     43      -      0      0      0      0      0      0  14801   2692  15442     13      0 
 12:27:36       0     47     43      -      0      0      0      0      0      0  14801   2692  15442     13      0 
 12:27:41       0     47     43      -      0      0      0      0      0      0  14801   2692  15442     13      0 
 12:27:46       0    120     48      -     96     48      0      0      0      0  14801   2835  15442     13      0 
 12:27:51       0    272     60      -    100     13      0      0      0      0  14801   2820  15678     13      0 
 12:27:56       0    253     59      -    100     24      0      0      0      0  14801   2805  15678     13      0 
 12:28:01       0    151     58      -     96     50      0      0      0      0  14801   2835  15678     13      0 
 12:28:06       0    272     59      -    100     24      0      0      0      0  14801   2812  15678     13      0 
 12:28:11       0    270     60      -    100     12      0      0      0      0  14801   2812  15678     13      0 
 12:28:16       0     40     45      -      0      0      0      0      0      0   7001    802     10     10      0 
 12:28:21       0     28     44      -      0      0      0      0      0      0   7001    195     10     10      0 
 12:28:26       0     15     43      -      0      6      0      0      0      0    405    195     10     10      0 
 12:28:31       0     15     42      -      0      6      0      0      0      0    405    195     10     10      0 
 12:28:36       0     15     41      -      0      6      0      0      0      0    405    195     10     10      0 
