#Time         gpu    pwr  gtemp  mtemp     sm    mem    enc    dec    jpg    ofa   mclk   pclk     fb   bar1   ccpm 
#HH:MM:SS     Idx      W      C      C      %      %      %      %      %      %    MHz    MHz     MB     MB     MB 
 12:02:28       0     14     40      -      0      6      0      0      0      0    405    195     10     10      0 
 12:02:33       0     14     40      -      0      6      0      0      0      0    405    195     10     10      0 
 12:02:38       0     14     40      -      0      6      0      0      0      0    405    195    278     13      0 
 12:02:43       0     47     41      -      1      0      0      0      0      0  14801   2692   2676     13      0 
 12:02:48       0     47     41      -      0      0      0      0      0      0  14801   2692   2690     13      0 
 12:02:53       0     47     41      -      0      0      0      0      0      0  14801   2692   2690     13      0 
 12:02:58       0     47     41      -      0      0      0      0      0      0  14801   2692   4932     13      0 
 12:03:03       0     47     41      -      0      0      0      0      0      0  14801   2692   4944     13      0 
 12:03:08       0     49     42      -      0      0      0      0      0      0  14801   2835  15064     13      0 
 12:03:13       0    106     43      -     24     13      0      0      0      0  14801   2835  15410     13      0 
 12:03:18       0     47     42      -      0      0      0      0      0      0  14801   2692  15410     13      0 
 12:03:23       0     47     42      -      0      0      0      0      0      0  14801   2692  15410     13      0 
 12:03:28       0     47     43      -      0      0      0      0      0      0  14801   2692  15410     13      0 
 12:03:33       0     48     48      -      0      4      0      0      0      0  14801   2805  15410     13      0 
 12:03:39       0    276     59      -    100     14      0      0      0      0  14801   2812  15690     13      0 
 12:03:44       0    271     60      -    100     14      0      0      0      0  14801   2820  15690     13      0 
 12:03:49       0    194     58      -     45     24      0      0      0      0  14801   2812  15690     13      0 
 12:03:54       0    274     61      -    100     20      0      0      0      0  14801   2812  15690     13      0 
 12:03:59       0    274     61      -    100     14      0      0      0      0  14801   2805  15690     13      0 
 12:04:04       0    157     52      -     99     42      0      0      0      0  14801   2797  15410     13      0 
 12:04:09       0    199     52      -     98     57      0      0      0      0  14801   2797  15410     13      0 
 12:04:14       0    198     52      -     98     57      0      0      0      0  14801   2797  15410     13      0 
 12:04:19       0    199     52      -     98     58      0      0      0      0  14801   2797  15410     13      0 
 12:04:24       0    199     52      -     98     58      0      0      0      0  14801   2797  15410     13      0 
 12:04:29       0    198     51      -     98     58      0      0      0      0  14801   2797  15410     13      0 
 12:04:34       0    198     51      -     98     58      0      0      0      0  14801   2797  15410     13      0 
 12:04:39       0    198     51      -     98     58      0      0      0      0  14801   2797  15410     13      0 
 12:04:44       0    198     51      -     98     58      0      0      0      0  14801   2797  15410     13      0 
 12:04:49       0    198     51      -     98     58      0      0      0      0  14801   2797  15410     13      0 
 12:04:54       0    198     51      -     98     58      0      0      0      0  14801   2797  15410     13      0 
 12:04:59       0    198     51      -     98     58      0      0      0      0  14801   2797  15410     13      0 
 12:05:04       0    198     51      -     98     58      0      0      0      0  14801   2797  15410     13      0 
 12:05:09       0    198     51      -     98     58      0      0      0      0  14801   2797  15410     13      0 
 12:05:14       0    198     51      -     98     58      0      0      0      0  14801   2797  15410     13      0 
 12:05:19       0    198     51      -     98     58      0      0      0      0  14801   2797  15410     13      0 
 12:05:24       0    198     51      -     98     58      0      0      0      0  14801   2797  15410     13      0 
 12:05:29       0    198     51      -     98     58      0      0      0      0  14801   2797  15410     13      0 
 12:05:34       0    198     51      -     98     58      0      0      0      0  14801   2797  15410     13      0 
 12:05:39       0    199     51      -     98     58      0      0      0      0  14801   2797  15410     13      0 
 12:05:44       0    199     51      -     98     58      0      0      0      0  14801   2797  15410     13      0 
 12:05:49       0    199     51      -     98     58      0      0      0      0  14801   2797  15410     13      0 
 12:05:54       0    199     51      -     98     58      0      0      0      0  14801   2797  15410     13      0 
 12:05:59       0    199     52      -     98     58      0      0      0      0  14801   2797  15410     13      0 
 12:06:04       0    199     52      -     98     58      0      0      0      0  14801   2797  15410     13      0 
#Time         gpu    pwr  gtemp  mtemp     sm    mem    enc    dec    jpg    ofa   mclk   pclk     fb   bar1   ccpm 
#HH:MM:SS     Idx      W      C      C      %      %      %      %      %      %    MHz    MHz     MB     MB     MB 
 12:06:09       0    199     52      -     98     58      0      0      0      0  14801   2797  15410     13      0 
 12:06:14       0    199     52      -     98     58      0      0      0      0  14801   2797  15410     13      0 
 12:06:19       0    199     52      -     98     58      0      0      0      0  14801   2797  15410     13      0 
 12:06:24       0    199     52      -     98     58      0      0      0      0  14801   2797  15410     13      0 
 12:06:29       0    199     52      -     98     58      0      0      0      0  14801   2797  15410     13      0 
 12:06:34       0    199     52      -     98     58      0      0      0      0  14801   2797  15410     13      0 
 12:06:39       0    200     52      -     98     58      0      0      0      0  14801   2797  15410     13      0 
 12:06:44       0    200     52      -     98     58      0      0      0      0  14801   2797  15410     13      0 
 12:06:49       0    200     52      -     98     58      0      0      0      0  14801   2797  15410     13      0 
 12:06:54       0    200     52      -     98     58      0      0      0      0  14801   2797  15410     13      0 
 12:06:59       0    200     52      -     98     58      0      0      0      0  14801   2797  15410     13      0 
 12:07:04       0    200     52      -     98     58      0      0      0      0  14801   2797  15410     13      0 
 12:07:09       0    200     53      -     98     58      0      0      0      0  14801   2797  15410     13      0 
 12:07:14       0    200     53      -     98     58      0      0      0      0  14801   2797  15410     13      0 
 12:07:19       0    200     53      -     98     58      0      0      0      0  14801   2797  15410     13      0 
 12:07:24       0    200     53      -     98     58      0      0      0      0  14801   2790  15410     13      0 
 12:07:29       0    200     53      -     98     58      0      0      0      0  14801   2790  15410     13      0 
 12:07:34       0    200     53      -     98     58      0      0      0      0  14801   2790  15410     13      0 
 12:07:39       0    200     53      -     98     58      0      0      0      0  14801   2790  15410     13      0 
 12:07:44       0    200     53      -     98     58      0      0      0      0  14801   2790  15410     13      0 
 12:07:49       0    200     53      -     98     58      0      0      0      0  14801   2790  15410     13      0 
 12:07:54       0    201     53      -     98     58      0      0      0      0  14801   2790  15410     13      0 
 12:07:59       0    201     53      -     98     58      0      0      0      0  14801   2790  15414     13      0 
 12:08:04       0    201     53      -     98     58      0      0      0      0  14801   2790  15414     13      0 
 12:08:09       0    201     53      -     98     58      0      0      0      0  14801   2790  15414     13      0 
 12:08:14       0    201     53      -     98     58      0      0      0      0  14801   2790  15414     13      0 
 12:08:19       0    201     53      -     98     58      0      0      0      0  14801   2790  15414     13      0 
 12:08:24       0    201     53      -     98     58      0      0      0      0  14801   2790  15414     13      0 
 12:08:29       0    201     53      -     98     58      0      0      0      0  14801   2790  15414     13      0 
 12:08:34       0    201     53      -     98     58      0      0      0      0  14801   2790  15414     13      0 
 12:08:39       0    201     54      -     98     58      0      0      0      0  14801   2790  15414     13      0 
 12:08:44       0    201     54      -     98     58      0      0      0      0  14801   2790  15414     13      0 
 12:08:49       0    201     54      -     98     58      0      0      0      0  14801   2790  15414     13      0 
 12:08:54       0    201     54      -     98     58      0      0      0      0  14801   2790  15414     13      0 
 12:08:59       0    202     54      -     98     58      0      0      0      0  14801   2790  15414     13      0 
 12:09:04       0    201     54      -     98     58      0      0      0      0  14801   2790  15414     13      0 
 12:09:09       0    202     54      -     98     58      0      0      0      0  14801   2790  15414     13      0 
 12:09:14       0    202     54      -     98     58      0      0      0      0  14801   2790  15414     13      0 
 12:09:19       0    202     54      -     98     58      0      0      0      0  14801   2790  15414     13      0 
 12:09:24       0    201     54      -     98     58      0      0      0      0  14801   2790  15414     13      0 
 12:09:29       0    202     54      -     98     58      0      0      0      0  14801   2790  15414     13      0 
 12:09:34       0    202     54      -     98     58      0      0      0      0  14801   2790  15414     13      0 
 12:09:39       0    202     54      -     98     58      0      0      0      0  14801   2790  15206     13      0 
 12:09:44       0    179     53      -     98     46      0      0      0      0  14801   2782  15410     13      0 
#Time         gpu    pwr  gtemp  mtemp     sm    mem    enc    dec    jpg    ofa   mclk   pclk     fb   bar1   ccpm 
#HH:MM:SS     Idx      W      C      C      %      %      %      %      %      %    MHz    MHz     MB     MB     MB 
 12:09:49       0    146     52      -     98     47      0      0      0      0  14801   2790  15410     13      0 
 12:09:54       0    278     60      -    100     12      0      0      0      0  14801   2812  15690     13      0 
 12:09:59       0    278     62      -    100     15      0      0      0      0  14801   2805  15650     13      0 
 12:10:04       0    276     63      -    100     21      0      0      0      0  14801   2805  15690     13      0 
 12:10:09       0    204     57      -    100      3      0      0      0      0  14801   2835  15824     13      0 
 12:10:14       0    277     62      -    100     23      0      0      0      0  14801   2805  15822     13      0 
 12:10:19       0    275     62      -    100     11      0      0      0      0  14801   2797  15690     13      0 
 12:10:24       0    276     63      -    100     27      0      0      0      0  14801   2805  15690     13      0 
 12:10:29       0    279     61      -    100     20      0      0      0      0  14801   2812  15822     13      0 
 12:10:34       0    278     62      -    100     22      0      0      0      0  14801   2805  15822     13      0 
 12:10:39       0    275     61      -    100     23      0      0      0      0  14801   2790  15690     13      0 
 12:10:44       0    272     60      -    100     27      0      0      0      0  14801   2805  15690     13      0 
 12:10:49       0    203     53      -     98     59      0      0      0      0  14801   2790  15416     13      0 
 12:10:54       0    203     53      -     98     59      0      0      0      0  14801   2790  15416     13      0 
 12:10:59       0    203     52      -     98     59      0      0      0      0  14801   2790  15416     13      0 
 12:11:04       0    202     52      -     98     59      0      0      0      0  14801   2790  15416     13      0 
 12:11:09       0    202     52      -     98     59      0      0      0      0  14801   2790  15416     13      0 
 12:11:14       0    202     52      -     98     59      0      0      0      0  14801   2790  15416     13      0 
 12:11:19       0    202     51      -     98     59      0      0      0      0  14801   2790  15416     13      0 
 12:11:24       0    202     51      -     98     59      0      0      0      0  14801   2790  15416     13      0 
 12:11:29       0    202     51      -     98     59      0      0      0      0  14801   2790  15416     13      0 
 12:11:34       0    202     51      -     98     59      0      0      0      0  14801   2790  15416     13      0 
 12:11:39       0    202     51      -     98     59      0      0      0      0  14801   2790  15416     13      0 
 12:11:44       0    202     51      -     98     59      0      0      0      0  14801   2790  15416     13      0 
 12:11:49       0    202     51      -     98     59      0      0      0      0  14801   2790  15416     13      0 
 12:11:54       0    202     51      -     98     59      0      0      0      0  14801   2790  15416     13      0 
 12:11:59       0    202     51      -     98     59      0      0      0      0  14801   2790  15416     13      0 
 12:12:04       0    202     51      -     98     59      0      0      0      0  14801   2790  15416     13      0 
 12:12:09       0    202     51      -     98     59      0      0      0      0  14801   2790  15416     13      0 
 12:12:14       0    202     51      -     98     59      0      0      0      0  14801   2790  15416     13      0 
 12:12:19       0    202     51      -     98     59      0      0      0      0  14801   2790  15416     13      0 
 12:12:24       0    202     51      -     98     59      0      0      0      0  14801   2790  15416     13      0 
 12:12:29       0    202     51      -     98     59      0      0      0      0  14801   2797  15436     13      0 
 12:12:34       0    202     51      -     98     59      0      0      0      0  14801   2797  15436     13      0 
 12:12:39       0    202     51      -     98     59      0      0      0      0  14801   2797  15436     13      0 
 12:12:44       0    202     51      -     98     59      0      0      0      0  14801   2797  15436     13      0 
 12:12:49       0    202     51      -     98     59      0      0      0      0  14801   2797  15436     13      0 
 12:12:54       0    202     52      -     98     59      0      0      0      0  14801   2797  15436     13      0 
 12:12:59       0    202     52      -     98     59      0      0      0      0  14801   2797  15436     13      0 
 12:13:04       0    202     52      -     98     59      0      0      0      0  14801   2797  15436     13      0 
 12:13:09       0    203     52      -     98     59      0      0      0      0  14801   2797  15436     13      0 
 12:13:14       0    203     52      -     98     59      0      0      0      0  14801   2797  15436     13      0 
 12:13:19       0    203     52      -     98     59      0      0      0      0  14801   2797  15436     13      0 
 12:13:24       0    203     52      -     98     59      0      0      0      0  14801   2797  15436     13      0 
#Time         gpu    pwr  gtemp  mtemp     sm    mem    enc    dec    jpg    ofa   mclk   pclk     fb   bar1   ccpm 
#HH:MM:SS     Idx      W      C      C      %      %      %      %      %      %    MHz    MHz     MB     MB     MB 
 12:13:29       0    203     52      -     98     59      0      0      0      0  14801   2797  15436     13      0 
 12:13:34       0    203     52      -     98     59      0      0      0      0  14801   2797  15436     13      0 
 12:13:39       0    203     52      -     98     59      0      0      0      0  14801   2790  15436     13      0 
 12:13:44       0    203     52      -     98     59      0      0      0      0  14801   2790  15436     13      0 
 12:13:49       0    203     52      -     98     59      0      0      0      0  14801   2790  15436     13      0 
 12:13:54       0    203     52      -     98     59      0      0      0      0  14801   2790  15436     13      0 
 12:13:59       0    203     52      -     98     59      0      0      0      0  14801   2790  15436     13      0 
 12:14:04       0    203     53      -     98     59      0      0      0      0  14801   2790  15436     13      0 
 12:14:09       0    203     53      -     98     59      0      0      0      0  14801   2790  15436     13      0 
 12:14:14       0    203     53      -     98     59      0      0      0      0  14801   2790  15436     13      0 
 12:14:19       0    204     53      -     98     59      0      0      0      0  14801   2790  15436     13      0 
 12:14:24       0    203     53      -     98     59      0      0      0      0  14801   2790  15436     13      0 
 12:14:29       0    204     53      -     98     59      0      0      0      0  14801   2790  15436     13      0 
 12:14:34       0    204     53      -     98     59      0      0      0      0  14801   2790  15436     13      0 
 12:14:39       0    204     53      -     98     59      0      0      0      0  14801   2790  15436     13      0 
 12:14:44       0    204     53      -     98     59      0      0      0      0  14801   2790  15436     13      0 
 12:14:49       0    204     53      -     98     59      0      0      0      0  14801   2790  15436     13      0 
 12:14:54       0    204     53      -     98     59      0      0      0      0  14801   2790  15436     13      0 
 12:14:59       0    204     53      -     98     59      0      0      0      0  14801   2790  15436     13      0 
 12:15:04       0    204     53      -     98     59      0      0      0      0  14801   2790  15436     13      0 
 12:15:09       0    204     53      -     98     59      0      0      0      0  14801   2790  15436     13      0 
 12:15:14       0    204     53      -     98     59      0      0      0      0  14801   2790  15436     13      0 
 12:15:19       0    204     53      -     98     59      0      0      0      0  14801   2790  15436     13      0 
 12:15:24       0    204     53      -     98     59      0      0      0      0  14801   2790  15436     13      0 
 12:15:29       0    204     54      -     98     59      0      0      0      0  14801   2790  15436     13      0 
 12:15:34       0    204     54      -     98     59      0      0      0      0  14801   2790  15436     13      0 
 12:15:39       0    205     54      -     98     59      0      0      0      0  14801   2790  15436     13      0 
 12:15:44       0    205     54      -     98     59      0      0      0      0  14801   2790  15436     13      0 
 12:15:49       0    205     54      -     98     59      0      0      0      0  14801   2790  15436     13      0 
 12:15:54       0    205     54      -     98     59      0      0      0      0  14801   2790  15436     13      0 
 12:15:59       0    205     54      -     98     59      0      0      0      0  14801   2790  15436     13      0 
 12:16:04       0    205     54      -     98     59      0      0      0      0  14801   2790  15436     13      0 
 12:16:09       0    205     54      -     98     59      0      0      0      0  14801   2790  15436     13      0 
 12:16:14       0    205     54      -     98     60      0      0      0      0  14801   2790  15436     13      0 
 12:16:19       0    205     54      -     98     59      0      0      0      0  14801   2790  15436     13      0 
 12:16:24       0    205     54      -     98     59      0      0      0      0  14801   2790  15436     13      0 
 12:16:29       0    205     54      -     98     59      0      0      0      0  14801   2790  15436     13      0 
 12:16:34       0    205     54      -     98     60      0      0      0      0  14801   2790  15436     13      0 
 12:16:39       0    205     54      -     98     60      0      0      0      0  14801   2790  15436     13      0 
 12:16:44       0    205     54      -     98     60      0      0      0      0  14801   2790  15436     13      0 
 12:16:49       0    206     54      -     98     60      0      0      0      0  14801   2790  15436     13      0 
 12:16:54       0    279     61      -    100     23      0      0      0      0  14801   2812  15734     13      0 
 12:16:59       0    275     63      -    100      4      0      0      0      0  14801   2805  15690     13      0 
 12:17:04       0    276     62      -    100     16      0      0      0      0  14801   2805  15690     13      0 
#Time         gpu    pwr  gtemp  mtemp     sm    mem    enc    dec    jpg    ofa   mclk   pclk     fb   bar1   ccpm 
#HH:MM:SS     Idx      W      C      C      %      %      %      %      %      %    MHz    MHz     MB     MB     MB 
 12:17:09       0    183     54      -     98     53      0      0      0      0  14801   2790  15824     13      0 
 12:17:14       0    278     55      -    100     23      0      0      0      0  14801   2805  15822     13      0 
 12:17:19       0    278     63      -    100      4      0      0      0      0  14801   2805  15690     13      0 
 12:17:24       0    278     60      -    100     26      0      0      0      0  14801   2805  15690     13      0 
 12:17:29       0    185     53      -     98     51      0      0      0      0  14801   2790  15416     13      0 
 12:17:34       0    184     53      -     98     52      0      0      0      0  14801   2790  15416     13      0 
 12:17:39       0    183     52      -     98     55      0      0      0      0  14801   2797  15416     13      0 
 12:17:44       0    202     52      -     98     59      0      0      0      0  14801   2790  15416     13      0 
 12:17:49       0    202     52      -     98     59      0      0      0      0  14801   2790  15416     13      0 
 12:17:54       0    202     52      -     98     59      0      0      0      0  14801   2790  15416     13      0 
 12:17:59       0    202     52      -     98     59      0      0      0      0  14801   2790  15416     13      0 
 12:18:04       0    202     52      -     98     59      0      0      0      0  14801   2790  15416     13      0 
 12:18:09       0    202     51      -     98     59      0      0      0      0  14801   2790  15416     13      0 
 12:18:14       0    202     51      -     98     59      0      0      0      0  14801   2797  15416     13      0 
 12:18:19       0    202     51      -     98     59      0      0      0      0  14801   2797  15416     13      0 
 12:18:24       0    202     51      -     98     59      0      0      0      0  14801   2797  15416     13      0 
 12:18:29       0    202     51      -     98     59      0      0      0      0  14801   2797  15416     13      0 
 12:18:34       0    202     51      -     98     59      0      0      0      0  14801   2797  15416     13      0 
 12:18:39       0    202     51      -     98     59      0      0      0      0  14801   2797  15416     13      0 
 12:18:45       0    202     51      -     98     59      0      0      0      0  14801   2797  15416     13      0 
 12:18:50       0    202     51      -     98     59      0      0      0      0  14801   2797  15416     13      0 
 12:18:55       0    202     51      -     98     59      0      0      0      0  14801   2797  15416     13      0 
 12:19:00       0    202     51      -     98     59      0      0      0      0  14801   2797  15416     13      0 
 12:19:05       0    202     51      -     98     59      0      0      0      0  14801   2797  15416     13      0 
 12:19:10       0    202     51      -     98     59      0      0      0      0  14801   2797  15416     13      0 
 12:19:15       0    202     51      -     98     59      0      0      0      0  14801   2797  15436     13      0 
 12:19:20       0    202     51      -     98     59      0      0      0      0  14801   2797  15436     13      0 
 12:19:25       0    202     51      -     98     59      0      0      0      0  14801   2797  15436     13      0 
 12:19:30       0    202     51      -     98     59      0      0      0      0  14801   2797  15436     13      0 
 12:19:35       0    202     51      -     98     59      0      0      0      0  14801   2797  15436     13      0 
 12:19:40       0    202     51      -     98     59      0      0      0      0  14801   2797  15436     13      0 
 12:19:45       0    202     51      -     98     59      0      0      0      0  14801   2797  15436     13      0 
 12:19:50       0    202     52      -     98     59      0      0      0      0  14801   2797  15436     13      0 
 12:19:55       0    202     52      -     98     59      0      0      0      0  14801   2797  15436     13      0 
 12:20:00       0    202     52      -     98     59      0      0      0      0  14801   2797  15436     13      0 
 12:20:05       0    202     52      -     98     59      0      0      0      0  14801   2797  15436     13      0 
 12:20:10       0    202     52      -     98     59      0      0      0      0  14801   2797  15436     13      0 
 12:20:15       0    202     52      -     98     59      0      0      0      0  14801   2797  15436     13      0 
 12:20:20       0    203     52      -     98     59      0      0      0      0  14801   2797  15436     13      0 
 12:20:25       0    202     52      -     98     59      0      0      0      0  14801   2797  15436     13      0 
 12:20:30       0    202     52      -     98     59      0      0      0      0  14801   2790  15436     13      0 
 12:20:35       0    202     52      -     98     59      0      0      0      0  14801   2790  15436     13      0 
 12:20:40       0    202     52      -     98     59      0      0      0      0  14801   2790  15436     13      0 
 12:20:45       0    202     52      -     98     59      0      0      0      0  14801   2790  15436     13      0 
#Time         gpu    pwr  gtemp  mtemp     sm    mem    enc    dec    jpg    ofa   mclk   pclk     fb   bar1   ccpm 
#HH:MM:SS     Idx      W      C      C      %      %      %      %      %      %    MHz    MHz     MB     MB     MB 
 12:20:50       0    203     52      -     98     59      0      0      0      0  14801   2790  15436     13      0 
 12:20:55       0    203     52      -     98     59      0      0      0      0  14801   2790  15436     13      0 
 12:21:00       0    203     52      -     98     59      0      0      0      0  14801   2790  15436     13      0 
 12:21:05       0    203     52      -     98     59      0      0      0      0  14801   2790  15436     13      0 
 12:21:10       0    203     53      -     98     59      0      0      0      0  14801   2790  15436     13      0 
 12:21:15       0    203     53      -     98     59      0      0      0      0  14801   2790  15436     13      0 
 12:21:20       0    203     53      -     98     59      0      0      0      0  14801   2790  15436     13      0 
 12:21:25       0    203     53      -     98     59      0      0      0      0  14801   2790  15436     13      0 
 12:21:30       0    203     53      -     98     59      0      0      0      0  14801   2790  15436     13      0 
 12:21:35       0    203     53      -     98     59      0      0      0      0  14801   2790  15436     13      0 
 12:21:40       0    203     53      -     98     59      0      0      0      0  14801   2790  15436     13      0 
 12:21:45       0    203     53      -     98     59      0      0      0      0  14801   2790  15436     13      0 
 12:21:50       0    203     53      -     98     59      0      0      0      0  14801   2790  15436     13      0 
 12:21:55       0    203     53      -     98     59      0      0      0      0  14801   2790  15436     13      0 
 12:22:00       0    203     53      -     98     59      0      0      0      0  14801   2790  15436     13      0 
 12:22:05       0    203     53      -     98     59      0      0      0      0  14801   2790  15436     13      0 
 12:22:10       0    203     53      -     98     59      0      0      0      0  14801   2790  15436     13      0 
 12:22:15       0    203     53      -     98     59      0      0      0      0  14801   2790  15436     13      0 
 12:22:20       0    203     53      -     98     59      0      0      0      0  14801   2790  15436     13      0 
 12:22:25       0    204     53      -     98     59      0      0      0      0  14801   2790  15436     13      0 
 12:22:30       0    204     53      -     98     59      0      0      0      0  14801   2790  15436     13      0 
 12:22:35       0    204     53      -     98     59      0      0      0      0  14801   2790  15436     13      0 
 12:22:40       0    204     53      -     98     59      0      0      0      0  14801   2790  15436     13      0 
 12:22:45       0    204     53      -     98     59      0      0      0      0  14801   2790  15436     13      0 
 12:22:50       0    204     53      -     98     59      0      0      0      0  14801   2790  15436     13      0 
 12:22:55       0    204     53      -     98     59      0      0      0      0  14801   2790  15436     13      0 
 12:23:00       0    204     54      -     98     59      0      0      0      0  14801   2790  15436     13      0 
 12:23:05       0    204     54      -     98     59      0      0      0      0  14801   2790  15436     13      0 
 12:23:10       0    205     54      -     98     59      0      0      0      0  14801   2790  15436     13      0 
 12:23:15       0    204     54      -     98     59      0      0      0      0  14801   2790  15436     13      0 
 12:23:20       0    205     54      -     98     59      0      0      0      0  14801   2790  15436     13      0 
 12:23:25       0    205     54      -     98     59      0      0      0      0  14801   2790  15436     13      0 
 12:23:30       0    205     54      -     98     59      0      0      0      0  14801   2790  15436     13      0 
 12:23:35       0    205     54      -     98     59      0      0      0      0  14801   2790  15070     13      0 
 12:23:40       0    278     55      -    100      9      0      0      0      0  14801   2812  15734     13      0 
 12:23:45       0    278     63      -    100     14      0      0      0      0  14801   2805  15690     13      0 
 12:23:50       0    277     61      -    100      0      0      0      0      0  14801   2790  15690     13      0 
 12:23:55       0    161     58      -     98     50      0      0      0      0  14801   2827  15824     13      0 
 12:24:00       0    277     60      -    100     22      0      0      0      0  14801   2805  15822     13      0 
 12:24:05       0    276     62      -    100      1      0      0      0      0  14801   2805  15690     13      0 
 12:24:10       0    274     62      -    100     24      0      0      0      0  14801   2797  15690     13      0 
 12:24:15       0    183     52      -     98     50      0      0      0      0  14801   2790  15416     13      0 
 12:24:20       0    181     52      -     99     47      0      0      0      0  14801   2797  15416     13      0 
 12:24:25       0    183     51      -     98     53      0      0      0      0  14801   2797  15416     13      0 
#Time         gpu    pwr  gtemp  mtemp     sm    mem    enc    dec    jpg    ofa   mclk   pclk     fb   bar1   ccpm 
#HH:MM:SS     Idx      W      C      C      %      %      %      %      %      %    MHz    MHz     MB     MB     MB 
 12:24:30       0    180     51      -     98     49      0      0      0      0  14801   2797  15416     13      0 
 12:24:35       0    275     60      -    100     27      0      0      0      0  14801   2812  15822     13      0 
 12:24:40       0    273     61      -    100     16      0      0      0      0  14801   2805  15690     13      0 
 12:24:45       0    274     60      -    100     17      0      0      0      0  14801   2812  15690     13      0 
 12:24:50       0    256     59      -    100     24      0      0      0      0  14801   2812  15824     13      0 
 12:24:55       0    278     59      -    100     12      0      0      0      0  14801   2812  15690     13      0 
 12:25:00       0    274     62      -    100     21      0      0      0      0  14801   2812  15690     13      0 
 12:25:05       0    275     60      -    100      0      0      0      0      0  14801   2805  15690     13      0 
 12:25:10       0     98     58      -      0      0      0      0      0      0  14801   2835  15824     13      0 
 12:25:15       0    276     61      -    100     24      0      0      0      0  14801   2812  15822     13      0 
 12:25:20       0    275     61      -    100      3      0      0      0      0  14801   2812  15690     13      0 
 12:25:25       0    274     62      -    100     22      0      0      0      0  14801   2805  15690     13      0 
 12:25:30       0    267     60      -    100      1      0      0      0      0  14801   2805  15690     13      0 
 12:25:35       0    264     61      -    100     24      0      0      0      0  14801   2812  15668     13      0 
 12:25:40       0    260     59      -    100      2      0      0      0      0  14801   2797  15668     13      0 
 12:25:45       0    261     61      -    100     12      0      0      0      0  14801   2805  15668     13      0 
 12:25:50       0    262     61      -    100      2      0      0      0      0  14801   2812  15668     13      0 
 12:25:55       0    260     61      -    100      2      0      0      0      0  14801   2805  15672     13      0 
 12:26:00       0    260     61      -    100     19      0      0      0      0  14801   2812  15672     13      0 
 12:26:05       0     52     47      -      0      0      0      0      0      0  14801   2835  15070     13      0 
 12:26:10       0     49     45      -      0      0      0      0      0      0  14801   2692     10     10      0 
