MISMATCH (1, 256) torch.float32 8 True [[254, 222, 11, 120, 131, 26, 112, 181]] [[254, 222, 11, 120, 131, 26, 112, 181]]
MISMATCH (1, 256) torch.float32 10 True [[34, 176, 53, 142, 44, 163, 64, 50, 94, 38]] [[34, 176, 53, 142, 44, 163, 64, 50, 94, 38]]
MISMATCH (1, 256) torch.bfloat16 10 True [[59, 144, 79, 153, 34, 117, 116, 64, 52, 156]] [[59, 144, 79, 153, 34, 117, 116, 64, 52, 156]]
MISMATCH (2, 256) torch.float32 8 True [[20, 165, 72, 185, 144, 62, 198, 139], [84, 155, 92, 148, 187, 250, 7, 100]] [[20, 165, 72, 185, 144, 62, 198, 139], [84, 155, 92, 148, 187, 250, 7, 100]]
MISMATCH (2, 256) torch.float32 10 True [[232, 34, 24, 121, 67, 75, 162, 175, 97, 152], [36, 59, 45, 91, 179, 114, 248, 117, 109, 98]] [[232, 34, 24, 121, 67, 75, 162, 175, 97, 152], [36, 59, 45, 91, 179, 114, 248, 117, 109, 98]]
MISMATCH (2, 256) torch.bfloat16 10 True [[221, 75, 223, 186, 78, 12, 17, 32, 184, 44], [177, 26, 152, 134, 100, 16, 0, 97, 155, 233]] [[221, 75, 223, 186, 78, 12, 17, 32, 184, 44], [177, 26, 152, 134, 100, 16, 0, 97, 155, 233]]
MISMATCH (7, 256) torch.float32 8 True [[33, 213, 198, 147, 50, 9, 63, 197], [163, 171, 88, 130, 75, 49, 98, 132]] [[33, 213, 198, 147, 50, 9, 63, 197], [163, 171, 88, 130, 75, 49, 98, 132]]
MISMATCH (7, 256) torch.float32 10 True [[33, 213, 198, 147, 50, 9, 63, 197, 174, 40], [163, 171, 88, 130, 75, 49, 98, 132, 224, 48]] [[33, 213, 198, 147, 50, 9, 63, 197, 174, 40], [163, 171, 88, 130, 75, 49, 98, 132, 224, 48]]
MISMATCH (7, 256) torch.float32 8 True [[57, 30, 168, 245, 44, 184, 154, 31], [25, 70, 142, 137, 72, 220, 24, 185]] [[57, 30, 168, 245, 44, 184, 154, 31], [25, 70, 142, 137, 72, 220, 24, 185]]
MISMATCH (7, 256) torch.float32 10 True [[57, 30, 168, 245, 44, 184, 154, 31, 160, 231], [25, 70, 142, 137, 72, 220, 24, 185, 231, 18]] [[57, 30, 168, 245, 44, 184, 154, 31, 160, 231], [25, 70, 142, 137, 72, 220, 24, 185, 231, 18]]
MISMATCH (7, 256) torch.bfloat16 10 True [[188, 181, 210, 223, 100, 22, 234, 23, 139, 48], [185, 163, 94, 231, 123, 70, 179, 215, 177, 176]] [[188, 181, 210, 223, 100, 22, 234, 23, 139, 48], [185, 163, 94, 231, 123, 70, 179, 215, 177, 176]]
MISMATCH (7, 256) torch.bfloat16 10 True [[92, 25, 52, 214, 94, 7, 121, 132, 138, 251], [48, 240, 155, 69, 62, 42, 180, 209, 250, 40]] [[92, 25, 52, 214, 94, 7, 121, 132, 138, 251], [48, 240, 155, 69, 62, 42, 180, 209, 250, 40]]
MISMATCH (64, 256) torch.float32 8 True [[218, 17, 128, 57, 14, 136, 253, 35], [0, 208, 20, 94, 227, 35, 247, 228]] [[218, 17, 128, 57, 14, 136, 253, 35], [0, 208, 20, 94, 227, 35, 247, 228]]
MISMATCH (64, 256) torch.float32 10 True [[218, 17, 128, 57, 14, 136, 253, 35, 113, 23], [0, 208, 20, 94, 227, 35, 247, 228, 233, 154]] [[218, 17, 128, 57, 14, 136, 253, 35, 113, 23], [0, 208, 20, 94, 227, 35, 247, 228, 233, 154]]
MISMATCH (64, 256) torch.float32 8 True [[226, 175, 13, 111, 179, 149, 62, 197], [119, 4, 239, 42, 83, 22, 114, 38]] [[226, 175, 13, 111, 179, 149, 62, 197], [119, 4, 239, 42, 83, 22, 114, 38]]
MISMATCH (64, 256) torch.float32 10 True [[226, 175, 13, 111, 179, 149, 62, 197, 168, 196], [119, 4, 239, 42, 83, 22, 114, 38, 14, 251]] [[226, 175, 13, 111, 179, 149, 62, 197, 168, 196], [119, 4, 239, 42, 83, 22, 114, 38, 14, 251]]
MISMATCH (64, 256) torch.bfloat16 10 True [[124, 89, 163, 192, 195, 95, 109, 27, 110, 46], [130, 113, 220, 51, 32, 218, 208, 206, 44, 215]] [[124, 89, 163, 192, 195, 95, 109, 27, 110, 46], [130, 113, 220, 51, 32, 218, 208, 206, 44, 215]]
MISMATCH (64, 256) torch.bfloat16 10 True [[40, 191, 148, 160, 248, 30, 52, 133, 60, 223], [201, 127, 41, 202, 13, 37, 60, 222, 31, 149]] [[40, 191, 148, 160, 248, 30, 52, 133, 60, 223], [201, 127, 41, 202, 13, 37, 60, 222, 31, 149]]
MISMATCH (4, 256) torch.float32 10 True [[0, 3, 7, 14, 21, 25, 28, 35, 36, 42], [17, 0, 0, 0, 0, 0, 0, 0, 0, 0]] [[0, 3, 7, 14, 21, 25, 28, 35, 36, 42], [17, 0, 0, 0, 0, 0, 0, 0, 0, 0]]
MISMATCH (3, 512) torch.float32 8 True [[164, 413, 62, 294, 357, 340, 136, 417], [367, 197, 22, 180, 135, 258, 124, 337]] [[164, 413, 62, 294, 357, 340, 136, 417], [367, 197, 22, 180, 135, 258, 124, 337]]
MISMATCH (3, 512) torch.float32 10 True [[164, 413, 62, 294, 357, 340, 136, 417, 185, 322], [367, 197, 22, 180, 135, 258, 124, 337, 418, 34]] [[164, 413, 62, 294, 357, 340, 136, 417, 185, 322], [367, 197, 22, 180, 135, 258, 124, 337, 418, 34]]
MISMATCH (5, 64) torch.float32 10 True [[61, 62, 45, 38, 59, 35, 39, 5, 24, 44], [41, 26, 60, 14, 39, 33, 13, 0, 7, 62]] [[61, 62, 45, 38, 59, 35, 39, 5, 24, 44], [41, 26, 60, 14, 39, 33, 13, 0, 7, 62]]
MISMATCH (5, 64) torch.float32 3 True [[61, 62, 45], [41, 26, 60]] [[61, 62, 45], [41, 26, 60]]
router bit-equality: 91/114 cases identical
router 1x256 top-8 (graph, per launch incl. gap): legacy 1.54 us, packed-key 1.34 us
pre_ensure correct: True
mirror pre-ensure (graph, per layer): fills+copy 2.31 us, fused 1.90 us
