#Time         gpu    pwr  gtemp  mtemp     sm    mem    enc    dec    jpg    ofa   mclk   pclk     fb   bar1   ccpm 
#HH:MM:SS     Idx      W      C      C      %      %      %      %      %      %    MHz    MHz     MB     MB     MB 
 12:49:59       0     14     39      -      0      6      0      0      0      0    405    195     10     10      0 
 12:50:04       0     14     39      -      0      6      0      0      0      0    405    195     10     10      0 
 12:50:09       0     14     39      -      0      6      0      0      0      0  15001    195    278     13      0 
 12:50:14       0     47     41      -      1      0      0      0      0      0  14801   2692   2676     13      0 
 12:50:19       0     47     41      -      0      0      0      0      0      0  14801   2692   2690     13      0 
 12:50:24       0     47     41      -      0      0      0      0      0      0  14801   2692   2690     13      0 
 12:50:29       0     47     41      -      0      0      0      0      0      0  14801   2700   4944     13      0 
 12:50:34       0    192     54      -     70     17      0      0      0      0  14801   2820   5588     13      0 
 12:50:39       0     47     42      -      0      0      0      0      0      0  14801   2692  15064     13      0 
 12:50:44       0    163     43      -     98     39      0      0      0      0  14801   2820  15410     13      0 
 12:50:49       0     47     42      -      0      0      0      0      0      0  14801   2692  15410     13      0 
 12:50:54       0     47     42      -      0      0      0      0      0      0  14801   2692  15410     13      0 
 12:50:59       0     47     42      -      0      0      0      0      0      0  14801   2692  15410     13      0 
 12:51:04       0     24     43      -      0      4      0      0      0      0  14801    645  15410     13      0 
 12:51:09       0    274     56      -    100     15      0      0      0      0  14801   2820  15690     13      0 
 12:51:14       0    272     58      -    100     18      0      0      0      0  14801   2820  15690     13      0 
 12:51:19       0    165     47      -     98     54      0      0      0      0  14801   2797  15690     13      0 
 12:51:24       0    274     61      -    100     26      0      0      0      0  14801   2812  15690     13      0 
 12:51:29       0    273     60      -    100      2      0      0      0      0  14801   2812  15690     13      0 
 12:51:34       0    126     51      -    100     14      0      0      0      0  14801   2805  15410     13      0 
 12:51:39       0    199     53      -     98     58      0      0      0      0  14801   2790  15410     13      0 
 12:51:44       0    199     52      -     98     58      0      0      0      0  14801   2790  15410     13      0 
 12:51:49       0    199     52      -     98     58      0      0      0      0  14801   2790  15410     13      0 
 12:51:54       0    199     52      -     98     58      0      0      0      0  14801   2790  15410     13      0 
 12:51:59       0    198     52      -     98     58      0      0      0      0  14801   2790  15410     13      0 
 12:52:04       0    198     52      -     98     58      0      0      0      0  14801   2790  15410     13      0 
 12:52:09       0    198     51      -     98     58      0      0      0      0  14801   2790  15410     13      0 
 12:52:14       0    198     51      -     98     58      0      0      0      0  14801   2790  15410     13      0 
 12:52:19       0    198     51      -     98     58      0      0      0      0  14801   2790  15410     13      0 
 12:52:24       0    198     51      -     98     58      0      0      0      0  14801   2790  15410     13      0 
 12:52:29       0    198     51      -     98     58      0      0      0      0  14801   2790  15410     13      0 
 12:52:34       0    198     51      -     98     58      0      0      0      0  14801   2790  15410     13      0 
 12:52:39       0    198     51      -     98     58      0      0      0      0  14801   2790  15410     13      0 
 12:52:44       0    198     51      -     98     58      0      0      0      0  14801   2790  15410     13      0 
 12:52:49       0    198     51      -     98     58      0      0      0      0  14801   2790  15410     13      0 
 12:52:54       0    198     51      -     98     58      0      0      0      0  14801   2790  15410     13      0 
 12:52:59       0    198     51      -     98     58      0      0      0      0  14801   2790  15410     13      0 
 12:53:04       0    198     51      -     98     58      0      0      0      0  14801   2790  15410     13      0 
 12:53:09       0    198     51      -     98     58      0      0      0      0  14801   2790  15410     13      0 
 12:53:14       0    199     51      -     98     59      0      0      0      0  14801   2790  15410     13      0 
 12:53:19       0    199     51      -     98     59      0      0      0      0  14801   2790  15410     13      0 
 12:53:24       0    199     51      -     98     58      0      0      0      0  14801   2790  15410     13      0 
 12:53:29       0    199     52      -     98     58      0      0      0      0  14801   2790  15410     13      0 
 12:53:34       0    199     52      -     98     59      0      0      0      0  14801   2790  15410     13      0 
#Time         gpu    pwr  gtemp  mtemp     sm    mem    enc    dec    jpg    ofa   mclk   pclk     fb   bar1   ccpm 
#HH:MM:SS     Idx      W      C      C      %      %      %      %      %      %    MHz    MHz     MB     MB     MB 
 12:53:39       0    199     52      -     98     59      0      0      0      0  14801   2790  15410     13      0 
 12:53:44       0    199     52      -     98     59      0      0      0      0  14801   2790  15410     13      0 
 12:53:49       0    199     52      -     98     59      0      0      0      0  14801   2790  15410     13      0 
 12:53:54       0    199     52      -     98     59      0      0      0      0  14801   2790  15410     13      0 
 12:53:59       0    199     52      -     98     59      0      0      0      0  14801   2790  15410     13      0 
 12:54:04       0    199     52      -     98     59      0      0      0      0  14801   2790  15410     13      0 
 12:54:09       0    199     52      -     98     59      0      0      0      0  14801   2790  15410     13      0 
 12:54:14       0    200     52      -     98     59      0      0      0      0  14801   2790  15410     13      0 
 12:54:19       0    200     52      -     98     59      0      0      0      0  14801   2790  15410     13      0 
 12:54:24       0    199     52      -     98     59      0      0      0      0  14801   2790  15410     13      0 
 12:54:29       0    200     52      -     98     59      0      0      0      0  14801   2790  15410     13      0 
 12:54:34       0    200     52      -     98     59      0      0      0      0  14801   2790  15410     13      0 
 12:54:39       0    200     53      -     98     59      0      0      0      0  14801   2790  15410     13      0 
 12:54:44       0    200     53      -     98     59      0      0      0      0  14801   2790  15410     13      0 
 12:54:49       0    200     53      -     98     59      0      0      0      0  14801   2790  15410     13      0 
 12:54:54       0    200     53      -     98     59      0      0      0      0  14801   2790  15410     13      0 
 12:54:59       0    200     53      -     98     59      0      0      0      0  14801   2790  15410     13      0 
 12:55:04       0    200     53      -     98     59      0      0      0      0  14801   2790  15410     13      0 
 12:55:09       0    200     53      -     98     59      0      0      0      0  14801   2790  15410     13      0 
 12:55:14       0    200     53      -     98     59      0      0      0      0  14801   2790  15410     13      0 
 12:55:19       0    200     53      -     98     59      0      0      0      0  14801   2790  15410     13      0 
 12:55:24       0    200     53      -     98     59      0      0      0      0  14801   2790  15410     13      0 
 12:55:29       0    200     53      -     98     59      0      0      0      0  14801   2790  15414     13      0 
 12:55:34       0    200     53      -     98     59      0      0      0      0  14801   2790  15414     13      0 
 12:55:39       0    201     53      -     98     59      0      0      0      0  14801   2790  15414     13      0 
 12:55:44       0    201     53      -     98     59      0      0      0      0  14801   2790  15414     13      0 
 12:55:49       0    201     53      -     98     59      0      0      0      0  14801   2790  15414     13      0 
 12:55:54       0    201     53      -     98     59      0      0      0      0  14801   2790  15414     13      0 
 12:55:59       0    201     53      -     98     59      0      0      0      0  14801   2790  15414     13      0 
 12:56:04       0    201     54      -     98     59      0      0      0      0  14801   2790  15414     13      0 
 12:56:09       0    201     54      -     98     59      0      0      0      0  14801   2790  15414     13      0 
 12:56:14       0    201     54      -     98     59      0      0      0      0  14801   2790  15414     13      0 
 12:56:19       0    201     54      -     98     59      0      0      0      0  14801   2790  15414     13      0 
 12:56:24       0    201     54      -     98     59      0      0      0      0  14801   2790  15414     13      0 
 12:56:29       0    202     54      -     98     59      0      0      0      0  14801   2790  15414     13      0 
 12:56:34       0    202     54      -     98     59      0      0      0      0  14801   2790  15414     13      0 
 12:56:39       0    202     54      -     98     59      0      0      0      0  14801   2790  15414     13      0 
 12:56:44       0    202     54      -     98     59      0      0      0      0  14801   2790  15414     13      0 
 12:56:49       0    202     54      -     98     59      0      0      0      0  14801   2790  15414     13      0 
 12:56:54       0    202     54      -     98     59      0      0      0      0  14801   2790  15414     13      0 
 12:56:59       0    202     54      -     98     59      0      0      0      0  14801   2790  15414     13      0 
 12:57:04       0    202     54      -     98     59      0      0      0      0  14801   2790  15414     13      0 
 12:57:09       0    202     54      -     98     59      0      0      0      0  14801   2790  15414     13      0 
 12:57:14       0    180     53      -     98     48      0      0      0      0  14801   2782  15410     13      0 
#Time         gpu    pwr  gtemp  mtemp     sm    mem    enc    dec    jpg    ofa   mclk   pclk     fb   bar1   ccpm 
#HH:MM:SS     Idx      W      C      C      %      %      %      %      %      %    MHz    MHz     MB     MB     MB 
 12:57:19       0    138     52      -     98     43      0      0      0      0  14801   2835  15410     13      0 
 12:57:24       0    279     60      -    100     17      0      0      0      0  14801   2812  15690     13      0 
 12:57:29       0    276     61      -    100      9      0      0      0      0  14801   2805  15690     13      0 
 12:57:34       0    274     63      -    100     12      0      0      0      0  14801   2790  15690     13      0 
 12:57:39       0    272     60      -    100      1      0      0      0      0  14801   2805  15416     13      0 
 12:57:44       0    278     60      -    100     10      0      0      0      0  14801   2805  15690     13      0 
 12:57:49       0    275     63      -    100     23      0      0      0      0  14801   2805  15690     13      0 
 12:57:54       0    277     63      -    100     28      0      0      0      0  14801   2805  15690     13      0 
 12:57:59       0    265     60      -    100     23      0      0      0      0  14801   2812  15690     13      0 
 12:58:04       0    278     62      -    100     13      0      0      0      0  14801   2812  15690     13      0 
 12:58:09       0    276     60      -    100     15      0      0      0      0  14801   2805  15690     13      0 
 12:58:14       0    277     60      -    100      4      0      0      0      0  14801   2790  15690     13      0 
 12:58:19       0    202     54      -     97     59      0      0      0      0  14801   2790  15416     13      0 
 12:58:24       0    202     53      -     97     59      0      0      0      0  14801   2790  15416     13      0 
 12:58:30       0    202     53      -     97     59      0      0      0      0  14801   2790  15416     13      0 
 12:58:35       0    201     52      -     97     59      0      0      0      0  14801   2790  15416     13      0 
 12:58:40       0    201     52      -     97     59      0      0      0      0  14801   2790  15416     13      0 
 12:58:45       0    201     52      -     97     59      0      0      0      0  14801   2790  15416     13      0 
 12:58:50       0    201     52      -     97     59      0      0      0      0  14801   2790  15416     13      0 
 12:58:55       0    203     52      -     98     60      0      0      0      0  14801   2797  15416     13      0 
 12:59:00       0    202     52      -     98     60      0      0      0      0  14801   2797  15416     13      0 
 12:59:05       0    202     52      -     98     60      0      0      0      0  14801   2797  15416     13      0 
 12:59:10       0    202     52      -     98     60      0      0      0      0  14801   2797  15416     13      0 
 12:59:15       0    202     52      -     98     60      0      0      0      0  14801   2797  15416     13      0 
 12:59:20       0    202     51      -     98     60      0      0      0      0  14801   2797  15416     13      0 
 12:59:25       0    202     51      -     98     60      0      0      0      0  14801   2797  15416     13      0 
 12:59:30       0    202     51      -     98     60      0      0      0      0  14801   2797  15416     13      0 
 12:59:35       0    202     51      -     98     60      0      0      0      0  14801   2797  15416     13      0 
 12:59:40       0    202     52      -     98     60      0      0      0      0  14801   2797  15416     13      0 
 12:59:45       0    202     51      -     98     60      0      0      0      0  14801   2797  15416     13      0 
 12:59:50       0    202     51      -     98     60      0      0      0      0  14801   2797  15416     13      0 
 12:59:55       0    203     52      -     98     60      0      0      0      0  14801   2797  15416     13      0 
 13:00:00       0    201     52      -     98     60      0      0      0      0  14801   2797  15436     13      0 
 13:00:05       0    203     52      -     98     60      0      0      0      0  14801   2797  15436     13      0 
 13:00:10       0    203     52      -     98     60      0      0      0      0  14801   2797  15436     13      0 
 13:00:15       0    202     52      -     98     60      0      0      0      0  14801   2797  15436     13      0 
 13:00:20       0    203     52      -     98     60      0      0      0      0  14801   2797  15436     13      0 
 13:00:25       0    202     52      -     98     60      0      0      0      0  14801   2797  15436     13      0 
 13:00:30       0    203     52      -     98     60      0      0      0      0  14801   2797  15436     13      0 
 13:00:35       0    203     52      -     98     60      0      0      0      0  14801   2797  15436     13      0 
 13:00:40       0    203     52      -     98     60      0      0      0      0  14801   2797  15436     13      0 
 13:00:45       0    203     52      -     98     60      0      0      0      0  14801   2797  15436     13      0 
 13:00:50       0    203     52      -     98     60      0      0      0      0  14801   2797  15436     13      0 
 13:00:55       0    203     52      -     98     60      0      0      0      0  14801   2797  15436     13      0 
#Time         gpu    pwr  gtemp  mtemp     sm    mem    enc    dec    jpg    ofa   mclk   pclk     fb   bar1   ccpm 
#HH:MM:SS     Idx      W      C      C      %      %      %      %      %      %    MHz    MHz     MB     MB     MB 
 13:01:00       0    203     52      -     98     60      0      0      0      0  14801   2797  15436     13      0 
 13:01:05       0    203     52      -     98     60      0      0      0      0  14801   2790  15436     13      0 
 13:01:10       0    203     53      -     98     60      0      0      0      0  14801   2790  15436     13      0 
 13:01:15       0    203     53      -     98     60      0      0      0      0  14801   2790  15436     13      0 
 13:01:20       0    203     53      -     98     60      0      0      0      0  14801   2790  15436     13      0 
 13:01:25       0    203     53      -     98     60      0      0      0      0  14801   2790  15436     13      0 
 13:01:30       0    203     53      -     98     60      0      0      0      0  14801   2790  15436     13      0 
 13:01:35       0    203     53      -     98     60      0      0      0      0  14801   2790  15436     13      0 
 13:01:40       0    204     53      -     98     60      0      0      0      0  14801   2790  15436     13      0 
 13:01:45       0    204     53      -     98     60      0      0      0      0  14801   2790  15436     13      0 
 13:01:50       0    204     53      -     98     60      0      0      0      0  14801   2790  15436     13      0 
 13:01:55       0    204     53      -     98     60      0      0      0      0  14801   2790  15436     13      0 
 13:02:00       0    204     53      -     98     60      0      0      0      0  14801   2790  15436     13      0 
 13:02:05       0    204     53      -     98     60      0      0      0      0  14801   2790  15436     13      0 
 13:02:10       0    204     53      -     98     60      0      0      0      0  14801   2790  15436     13      0 
 13:02:15       0    204     53      -     98     60      0      0      0      0  14801   2790  15436     13      0 
 13:02:20       0    204     53      -     98     60      0      0      0      0  14801   2790  15436     13      0 
 13:02:25       0    204     53      -     98     60      0      0      0      0  14801   2790  15436     13      0 
 13:02:30       0    204     54      -     98     60      0      0      0      0  14801   2790  15436     13      0 
 13:02:35       0    204     54      -     98     60      0      0      0      0  14801   2790  15436     13      0 
 13:02:40       0    204     54      -     98     60      0      0      0      0  14801   2790  15436     13      0 
 13:02:45       0    205     54      -     98     60      0      0      0      0  14801   2790  15436     13      0 
 13:02:50       0    205     54      -     98     60      0      0      0      0  14801   2790  15436     13      0 
 13:02:55       0    204     54      -     98     60      0      0      0      0  14801   2790  15436     13      0 
 13:03:00       0    205     54      -     98     60      0      0      0      0  14801   2790  15436     13      0 
 13:03:05       0    205     54      -     98     60      0      0      0      0  14801   2790  15436     13      0 
 13:03:10       0    205     54      -     98     60      0      0      0      0  14801   2790  15436     13      0 
 13:03:15       0    205     54      -     98     60      0      0      0      0  14801   2790  15436     13      0 
 13:03:20       0    205     54      -     98     60      0      0      0      0  14801   2790  15436     13      0 
 13:03:25       0    205     54      -     98     60      0      0      0      0  14801   2790  15436     13      0 
 13:03:30       0    205     54      -     98     60      0      0      0      0  14801   2790  15436     13      0 
 13:03:35       0    205     54      -     98     60      0      0      0      0  14801   2790  15436     13      0 
 13:03:40       0    205     54      -     98     60      0      0      0      0  14801   2790  15436     13      0 
 13:03:45       0    205     54      -     98     60      0      0      0      0  14801   2790  15436     13      0 
 13:03:50       0    205     54      -     98     60      0      0      0      0  14801   2790  15436     13      0 
 13:03:55       0    206     54      -     98     60      0      0      0      0  14801   2790  15436     13      0 
 13:04:00       0    206     54      -     98     60      0      0      0      0  14801   2790  15436     13      0 
 13:04:05       0    206     54      -     98     60      0      0      0      0  14801   2790  15436     13      0 
 13:04:10       0    206     54      -     98     60      0      0      0      0  14801   2790  15436     13      0 
 13:04:15       0    206     54      -     98     60      0      0      0      0  14801   2790  15436     13      0 
 13:04:20       0    206     54      -     98     60      0      0      0      0  14801   2790  15436     13      0 
 13:04:25       0    279     60      -    100     17      0      0      0      0  14801   2812  15690     13      0 
 13:04:30       0    278     64      -    100     25      0      0      0      0  14801   2805  15690     13      0 
 13:04:35       0    278     61      -    100     16      0      0      0      0  14801   2805  15690     13      0 
#Time         gpu    pwr  gtemp  mtemp     sm    mem    enc    dec    jpg    ofa   mclk   pclk     fb   bar1   ccpm 
#HH:MM:SS     Idx      W      C      C      %      %      %      %      %      %    MHz    MHz     MB     MB     MB 
 13:04:40       0    273     63      -    100     16      0      0      0      0  14801   2805  15416     13      0 
 13:04:45       0    279     63      -    100     19      0      0      0      0  14801   2805  15690     13      0 
 13:04:50       0    275     59      -    100     24      0      0      0      0  14801   2805  15650     13      0 
 13:04:55       0    277     63      -    100     26      0      0      0      0  14801   2797  15690     13      0 
 13:05:00       0    213     54      -     98     44      0      0      0      0  14801   2790  15416     13      0 
 13:05:05       0    187     53      -     98     53      0      0      0      0  14801   2790  15416     13      0 
 13:05:10       0    183     52      -     98     51      0      0      0      0  14801   2790  15416     13      0 
 13:05:15       0    201     53      -     97     59      0      0      0      0  14801   2790  15416     13      0 
 13:05:20       0    201     52      -     97     59      0      0      0      0  14801   2790  15416     13      0 
 13:05:25       0    201     52      -     97     59      0      0      0      0  14801   2790  15416     13      0 
 13:05:30       0    201     52      -     97     59      0      0      0      0  14801   2790  15416     13      0 
 13:05:35       0    201     52      -     98     59      0      0      0      0  14801   2790  15416     13      0 
 13:05:40       0    201     52      -     97     59      0      0      0      0  14801   2790  15416     13      0 
 13:05:45       0    201     52      -     97     59      0      0      0      0  14801   2790  15416     13      0 
 13:05:50       0    201     52      -     97     59      0      0      0      0  14801   2790  15416     13      0 
 13:05:55       0    201     52      -     98     59      0      0      0      0  14801   2790  15416     13      0 
 13:06:00       0    201     52      -     98     59      0      0      0      0  14801   2790  15416     13      0 
 13:06:05       0    201     52      -     97     59      0      0      0      0  14801   2790  15416     13      0 
 13:06:10       0    201     52      -     98     59      0      0      0      0  14801   2790  15416     13      0 
 13:06:15       0    201     52      -     97     59      0      0      0      0  14801   2790  15416     13      0 
 13:06:20       0    201     52      -     97     59      0      0      0      0  14801   2790  15416     13      0 
 13:06:25       0    201     52      -     97     59      0      0      0      0  14801   2790  15416     13      0 
 13:06:30       0    201     52      -     97     59      0      0      0      0  14801   2790  15416     13      0 
 13:06:35       0    201     52      -     97     59      0      0      0      0  14801   2790  15416     13      0 
 13:06:40       0    201     52      -     97     59      0      0      0      0  14801   2790  15416     13      0 
 13:06:45       0    200     52      -     90     55      0      0      0      0  14801   2790  15436     13      0 
 13:06:50       0    201     52      -     97     59      0      0      0      0  14801   2790  15436     13      0 
 13:06:55       0    201     52      -     97     59      0      0      0      0  14801   2790  15436     13      0 
 13:07:00       0    201     52      -     98     59      0      0      0      0  14801   2790  15436     13      0 
 13:07:05       0    202     52      -     97     59      0      0      0      0  14801   2790  15436     13      0 
 13:07:10       0    202     52      -     98     59      0      0      0      0  14801   2790  15436     13      0 
 13:07:15       0    202     53      -     98     59      0      0      0      0  14801   2790  15436     13      0 
 13:07:20       0    202     53      -     97     59      0      0      0      0  14801   2790  15436     13      0 
 13:07:25       0    202     53      -     97     59      0      0      0      0  14801   2790  15436     13      0 
 13:07:30       0    202     53      -     97     59      0      0      0      0  14801   2790  15436     13      0 
 13:07:35       0    202     53      -     97     59      0      0      0      0  14801   2790  15436     13      0 
 13:07:40       0    202     53      -     97     59      0      0      0      0  14801   2790  15436     13      0 
 13:07:45       0    202     53      -     97     59      0      0      0      0  14801   2790  15436     13      0 
 13:07:50       0    203     53      -     97     59      0      0      0      0  14801   2790  15436     13      0 
 13:07:55       0    203     53      -     97     59      0      0      0      0  14801   2790  15436     13      0 
 13:08:00       0    202     53      -     98     59      0      0      0      0  14801   2790  15436     13      0 
 13:08:05       0    203     53      -     97     59      0      0      0      0  14801   2790  15436     13      0 
 13:08:10       0    203     53      -     97     59      0      0      0      0  14801   2790  15436     13      0 
 13:08:15       0    203     54      -     98     59      0      0      0      0  14801   2790  15436     13      0 
#Time         gpu    pwr  gtemp  mtemp     sm    mem    enc    dec    jpg    ofa   mclk   pclk     fb   bar1   ccpm 
#HH:MM:SS     Idx      W      C      C      %      %      %      %      %      %    MHz    MHz     MB     MB     MB 
 13:08:20       0    203     54      -     98     59      0      0      0      0  14801   2790  15436     13      0 
 13:08:25       0    203     54      -     98     59      0      0      0      0  14801   2790  15436     13      0 
 13:08:30       0    203     54      -     98     60      0      0      0      0  14801   2790  15436     13      0 
 13:08:35       0    203     54      -     97     60      0      0      0      0  14801   2790  15436     13      0 
 13:08:40       0    203     54      -     97     59      0      0      0      0  14801   2790  15436     13      0 
 13:08:45       0    203     54      -     98     60      0      0      0      0  14801   2790  15436     13      0 
 13:08:50       0    204     54      -     97     59      0      0      0      0  14801   2790  15436     13      0 
 13:08:55       0    203     54      -     97     60      0      0      0      0  14801   2790  15436     13      0 
 13:09:00       0    203     54      -     98     60      0      0      0      0  14801   2790  15436     13      0 
 13:09:05       0    203     54      -     98     60      0      0      0      0  14801   2790  15436     13      0 
 13:09:10       0    204     54      -     97     59      0      0      0      0  14801   2790  15436     13      0 
 13:09:15       0    204     54      -     98     60      0      0      0      0  14801   2790  15436     13      0 
 13:09:20       0    204     54      -     97     60      0      0      0      0  14801   2790  15436     13      0 
 13:09:25       0    204     55      -     97     60      0      0      0      0  14801   2790  15436     13      0 
 13:09:30       0    204     55      -     98     60      0      0      0      0  14801   2790  15436     13      0 
 13:09:35       0    204     55      -     98     60      0      0      0      0  14801   2790  15436     13      0 
 13:09:40       0    204     55      -     97     60      0      0      0      0  14801   2790  15436     13      0 
 13:09:45       0    204     55      -     98     60      0      0      0      0  14801   2790  15436     13      0 
 13:09:50       0    204     55      -     98     60      0      0      0      0  14801   2790  15436     13      0 
 13:09:55       0    204     55      -     98     60      0      0      0      0  14801   2790  15436     13      0 
 13:10:00       0    204     55      -     97     60      0      0      0      0  14801   2790  15436     13      0 
 13:10:05       0    204     55      -     97     60      0      0      0      0  14801   2790  15436     13      0 
 13:10:10       0    204     55      -     98     60      0      0      0      0  14801   2790  15436     13      0 
 13:10:15       0    204     55      -     98     60      0      0      0      0  14801   2790  15436     13      0 
 13:10:21       0    205     55      -     98     60      0      0      0      0  14801   2790  15436     13      0 
 13:10:26       0    205     55      -     98     60      0      0      0      0  14801   2790  15436     13      0 
 13:10:31       0    205     55      -     98     60      0      0      0      0  14801   2790  15436     13      0 
 13:10:36       0    205     55      -     98     60      0      0      0      0  14801   2790  15436     13      0 
 13:10:41       0    205     55      -     97     60      0      0      0      0  14801   2790  15436     13      0 
 13:10:46       0    205     55      -     98     60      0      0      0      0  14801   2790  15436     13      0 
 13:10:51       0    205     55      -     98     60      0      0      0      0  14801   2790  15436     13      0 
 13:10:56       0    205     55      -     98     60      0      0      0      0  14801   2790  15436     13      0 
 13:11:01       0    205     55      -     98     60      0      0      0      0  14801   2790  15436     13      0 
 13:11:06       0    205     55      -     98     60      0      0      0      0  14801   2790  15436     13      0 
 13:11:11       0    164     61      -    100     25      0      0      0      0  14801   2812  15692     13      0 
 13:11:16       0    279     64      -    100      8      0      0      0      0  14801   2797  15692     13      0 
 13:11:21       0    278     64      -    100      7      0      0      0      0  14801   2805  15690     13      0 
 13:11:26       0    277     64      -    100      1      0      0      0      0  14801   2805  15690     13      0 
 13:11:31       0    213     59      -    100     24      0      0      0      0  14801   2805  15690     13      0 
 13:11:36       0    279     57      -    100     23      0      0      0      0  14801   2805  15690     13      0 
 13:11:41       0    277     61      -    100     22      0      0      0      0  14801   2805  15690     13      0 
 13:11:46       0    278     62      -    100     22      0      0      0      0  14801   2797  15690     13      0 
 13:11:51       0    184     53      -     98     50      0      0      0      0  14801   2790  15416     13      0 
 13:11:56       0    182     53      -     98     49      0      0      0      0  14801   2790  15416     13      0 
#Time         gpu    pwr  gtemp  mtemp     sm    mem    enc    dec    jpg    ofa   mclk   pclk     fb   bar1   ccpm 
#HH:MM:SS     Idx      W      C      C      %      %      %      %      %      %    MHz    MHz     MB     MB     MB 
 13:12:01       0    180     52      -     98     50      0      0      0      0  14801   2790  15416     13      0 
 13:12:06       0    182     52      -     98     53      0      0      0      0  14801   2790  15202     13      0 
 13:12:11       0    278     60      -    100     25      0      0      0      0  14801   2812  15690     13      0 
 13:12:16       0    275     62      -    100      7      0      0      0      0  14801   2805  15690     13      0 
 13:12:21       0    277     62      -    100     12      0      0      0      0  14801   2797  15690     13      0 
 13:12:26       0    282     60      -    100     20      0      0      0      0  14801   2812  15690     13      0 
 13:12:31       0    279     61      -    100      9      0      0      0      0  14801   2805  15690     13      0 
 13:12:36       0    275     60      -    100     19      0      0      0      0  14801   2805  15690     13      0 
 13:12:41       0    276     63      -    100      0      0      0      0      0  14801   2805  15690     13      0 
 13:12:46       0     75     57      -    100     22      0      0      0      0  14801   2827  15690     13      0 
 13:12:51       0    278     61      -    100     24      0      0      0      0  14801   2805  15690     13      0 
 13:12:56       0    276     63      -    100      0      0      0      0      0  14801   2805  15690     13      0 
 13:13:01       0    275     61      -    100     19      0      0      0      0  14801   2790  15690     13      0 
 13:13:06       0    267     60      -    100     12      0      0      0      0  14801   2797  15690     13      0 
 13:13:11       0    265     62      -    100      8      0      0      0      0  14801   2805  15668     13      0 
 13:13:16       0    262     61      -    100      2      0      0      0      0  14801   2805  15668     13      0 
 13:13:21       0    261     62      -    100      5      0      0      0      0  14801   2805  15668     13      0 
 13:13:26       0    263     60      -    100     24      0      0      0      0  14801   2805  15668     13      0 
 13:13:31       0    261     62      -    100      2      0      0      0      0  14801   2805  15672     13      0 
 13:13:36       0    260     58      -    100     11      0      0      0      0  14801   2797  15672     13      0 
 13:13:41       0     53     47      -      0      0      0      0      0      0  14801   2835  15070     13      0 
 13:13:46       0     50     46      -      0      0      0      0      0      0  15001   2692     10     10      0 
