#Time         gpu    pwr  gtemp  mtemp     sm    mem    enc    dec    jpg    ofa   mclk   pclk     fb   bar1   ccpm 
#HH:MM:SS     Idx      W      C      C      %      %      %      %      %      %    MHz    MHz     MB     MB     MB 
 13:14:07       0     16     42      -      0      6      0      0      0      0    405    195     10     10      0 
 13:14:12       0     16     41      -      0      6      0      0      0      0    405    195     10     10      0 
 13:14:17       0     16     41      -      0      6      0      0      0      0  15001    195    348     13      0 
 13:14:22       0     47     42      -      0      0      0      0      0      0  14801   2692  15004     13      0 
 13:14:27       0     48     42      -      9      6      0      0      0      0  14801   2700  11566     13      0 
 13:14:32       0     49     42      -      0      0      0      0      0      0  14801   2692  11600     13      0 
 13:14:37       0     49     42      -      0      0      0      0      0      0  14801   2692  11600     13      0 
 13:14:42       0     49     42      -     52      3      0      0      0      0  14801   2730  11626     13      0 
 13:14:47       0     49     42      -      0      0      0      0      0      0  14801   2692  12262     13      0 
 13:14:52       0     53     43      -      0      0      0      0      0      0  14801   2835  12262     13      0 
 13:14:57       0     47     43      -      0      0      0      0      0      0  14801   2692  15052     13      0 
 13:15:02       0     50     43      -      0      0      0      0      0      0  14801   2835  15442     13      0 
 13:15:07       0     47     43      -      0      0      0      0      0      0  14801   2692  15442     13      0 
 13:15:12       0     47     43      -      0      0      0      0      0      0  14801   2692  15442     13      0 
 13:15:17       0     47     43      -      0      0      0      0      0      0  14801   2692  15442     13      0 
 13:15:22       0    129     48      -     96     47      0      0      0      0  14801   2805  15442     13      0 
 13:15:27       0    276     58      -    100     19      0      0      0      0  14801   2812  15678     13      0 
 13:15:32       0    269     61      -    100      9      0      0      0      0  14801   2812  15678     13      0 
 13:15:37       0    193     58      -    100     26      0      0      0      0  14801   2812  15678     13      0 
 13:15:42       0    273     59      -    100     14      0      0      0      0  14801   2805  15678     13      0 
 13:15:47       0    272     62      -    100     15      0      0      0      0  14801   2805  15678     13      0 
 13:15:52       0    165     53      -     97     40      0      0      0      0  14801   2782  15442     13      0 
 13:15:57       0    187     53      -     96     54      0      0      0      0  14801   2775  15442     13      0 
 13:16:02       0    188     52      -     96     54      0      0      0      0  14801   2775  15442     13      0 
 13:16:07       0    188     52      -     96     54      0      0      0      0  14801   2775  15442     13      0 
 13:16:12       0    187     52      -     96     54      0      0      0      0  14801   2782  15442     13      0 
 13:16:17       0    188     52      -     96     54      0      0      0      0  14801   2782  15442     13      0 
 13:16:22       0    188     52      -     96     54      0      0      0      0  14801   2782  15442     13      0 
 13:16:27       0    188     51      -     96     54      0      0      0      0  14801   2790  15442     13      0 
 13:16:32       0    188     51      -     96     54      0      0      0      0  14801   2790  15442     13      0 
 13:16:37       0    188     51      -     96     54      0      0      0      0  14801   2790  15442     13      0 
 13:16:42       0    187     51      -     96     54      0      0      0      0  14801   2790  15442     13      0 
 13:16:47       0    187     51      -     96     54      0      0      0      0  14801   2790  15442     13      0 
 13:16:52       0    187     51      -     96     54      0      0      0      0  14801   2790  15442     13      0 
 13:16:57       0    187     51      -     95     54      0      0      0      0  14801   2790  15442     13      0 
 13:17:02       0    187     51      -     95     54      0      0      0      0  14801   2790  15442     13      0 
 13:17:07       0    187     51      -     96     54      0      0      0      0  14801   2790  15442     13      0 
 13:17:12       0    187     51      -     96     54      0      0      0      0  14801   2790  15442     13      0 
 13:17:17       0    188     51      -     96     54      0      0      0      0  14801   2790  15442     13      0 
 13:17:22       0    188     51      -     96     54      0      0      0      0  14801   2790  15442     13      0 
 13:17:27       0    188     51      -     96     55      0      0      0      0  14801   2790  15442     13      0 
 13:17:32       0    188     51      -     96     54      0      0      0      0  14801   2790  15442     13      0 
 13:17:37       0    188     51      -     96     55      0      0      0      0  14801   2790  15442     13      0 
 13:17:42       0    188     52      -     96     55      0      0      0      0  14801   2790  15442     13      0 
#Time         gpu    pwr  gtemp  mtemp     sm    mem    enc    dec    jpg    ofa   mclk   pclk     fb   bar1   ccpm 
#HH:MM:SS     Idx      W      C      C      %      %      %      %      %      %    MHz    MHz     MB     MB     MB 
 13:17:47       0    188     52      -     96     55      0      0      0      0  14801   2790  15442     13      0 
 13:17:52       0    188     52      -     96     55      0      0      0      0  14801   2790  15442     13      0 
 13:17:57       0    188     52      -     96     55      0      0      0      0  14801   2790  15442     13      0 
 13:18:02       0    188     52      -     96     55      0      0      0      0  14801   2790  15442     13      0 
 13:18:07       0    188     52      -     96     55      0      0      0      0  14801   2790  15442     13      0 
 13:18:12       0    188     52      -     95     54      0      0      0      0  14801   2790  15442     13      0 
 13:18:17       0    188     52      -     96     54      0      0      0      0  14801   2790  15442     13      0 
 13:18:22       0    188     52      -     96     54      0      0      0      0  14801   2790  15442     13      0 
 13:18:27       0    188     52      -     96     55      0      0      0      0  14801   2790  15442     13      0 
 13:18:32       0    188     52      -     96     54      0      0      0      0  14801   2790  15442     13      0 
 13:18:37       0    188     52      -     96     55      0      0      0      0  14801   2782  15442     13      0 
 13:18:42       0    189     52      -     96     55      0      0      0      0  14801   2775  15442     13      0 
 13:18:47       0    189     53      -     96     55      0      0      0      0  14801   2782  15442     13      0 
 13:18:52       0    189     53      -     96     55      0      0      0      0  14801   2782  15442     13      0 
 13:18:57       0    189     53      -     96     55      0      0      0      0  14801   2782  15442     13      0 
 13:19:02       0    189     53      -     96     55      0      0      0      0  14801   2782  15442     13      0 
 13:19:07       0    189     53      -     96     55      0      0      0      0  14801   2782  15442     13      0 
 13:19:12       0    189     53      -     96     55      0      0      0      0  14801   2782  15442     13      0 
 13:19:17       0    189     53      -     96     55      0      0      0      0  14801   2782  15442     13      0 
 13:19:22       0    189     53      -     96     55      0      0      0      0  14801   2782  15442     13      0 
 13:19:27       0    190     53      -     96     55      0      0      0      0  14801   2782  15442     13      0 
 13:19:32       0    189     53      -     96     55      0      0      0      0  14801   2775  15442     13      0 
 13:19:37       0    189     53      -     96     55      0      0      0      0  14801   2775  15442     13      0 
 13:19:42       0    189     54      -     96     55      0      0      0      0  14801   2782  15442     13      0 
 13:19:47       0    189     54      -     96     55      0      0      0      0  14801   2775  15442     13      0 
 13:19:52       0    190     54      -     96     55      0      0      0      0  14801   2775  15442     13      0 
 13:19:57       0    190     54      -     96     55      0      0      0      0  14801   2775  15442     13      0 
 13:20:02       0    190     54      -     96     55      0      0      0      0  14801   2782  15442     13      0 
 13:20:07       0    190     54      -     96     55      0      0      0      0  14801   2782  15442     13      0 
 13:20:12       0    191     54      -     96     55      0      0      0      0  14801   2782  15442     13      0 
 13:20:17       0    191     54      -     96     55      0      0      0      0  14801   2782  15442     13      0 
 13:20:22       0    191     54      -     96     55      0      0      0      0  14801   2782  15442     13      0 
 13:20:27       0    191     54      -     96     55      0      0      0      0  14801   2782  15442     13      0 
 13:20:32       0    191     54      -     96     55      0      0      0      0  14801   2775  15442     13      0 
 13:20:37       0    191     54      -     96     55      0      0      0      0  14801   2775  15442     13      0 
 13:20:42       0    191     54      -     96     55      0      0      0      0  14801   2775  15442     13      0 
 13:20:47       0    191     54      -     96     55      0      0      0      0  14801   2775  15442     13      0 
 13:20:52       0    191     54      -     96     55      0      0      0      0  14801   2775  15442     13      0 
 13:20:57       0    191     54      -     96     55      0      0      0      0  14801   2782  15442     13      0 
 13:21:02       0    191     54      -     96     55      0      0      0      0  14801   2775  15442     13      0 
 13:21:07       0    191     54      -     96     55      0      0      0      0  14801   2775  15442     13      0 
 13:21:12       0    191     54      -     96     55      0      0      0      0  14801   2775  15442     13      0 
 13:21:17       0    191     54      -     96     55      0      0      0      0  14801   2782  15442     13      0 
 13:21:22       0    191     54      -     96     55      0      0      0      0  14801   2782  15442     13      0 
#Time         gpu    pwr  gtemp  mtemp     sm    mem    enc    dec    jpg    ofa   mclk   pclk     fb   bar1   ccpm 
#HH:MM:SS     Idx      W      C      C      %      %      %      %      %      %    MHz    MHz     MB     MB     MB 
 13:21:27       0    192     54      -     96     55      0      0      0      0  14801   2782  15442     13      0 
 13:21:32       0    192     55      -     96     55      0      0      0      0  14801   2782  15442     13      0 
 13:21:37       0    192     55      -     96     55      0      0      0      0  14801   2782  15442     13      0 
 13:21:42       0    192     55      -     96     55      0      0      0      0  14801   2782  15442     13      0 
 13:21:47       0    192     55      -     96     55      0      0      0      0  14801   2782  15442     13      0 
 13:21:52       0    192     55      -     96     55      0      0      0      0  14801   2782  15228     13      0 
 13:21:57       0    165     53      -     96     43      0      0      0      0  14801   2782  15442     13      0 
 13:22:02       0    149     52      -     96     28      0      0      0      0  14801   2835  15442     13      0 
 13:22:07       0    275     61      -    100     17      0      0      0      0  14801   2797  15678     13      0 
 13:22:12       0    276     61      -    100     26      0      0      0      0  14801   2805  15678     13      0 
 13:22:17       0    275     60      -    100     23      0      0      0      0  14801   2805  15678     13      0 
 13:22:22       0    272     64      -    100      1      0      0      0      0  14801   2797  15678     13      0 
 13:22:27       0    276     61      -    100     26      0      0      0      0  14801   2805  15678     13      0 
 13:22:32       0    274     61      -     93     26      0      0      0      0  14801   2805  15638     13      0 
 13:22:37       0    274     61      -    100     25      0      0      0      0  14801   2805  15678     13      0 
 13:22:42       0    209     50      -      0      0      0      0      0      0  14801   2827  15638     13      0 
 13:22:47       0    276     63      -    100      7      0      0      0      0  14801   2812  15678     13      0 
 13:22:52       0    275     63      -    100      7      0      0      0      0  14801   2805  15678     13      0 
 13:22:57       0    274     61      -    100     10      0      0      0      0  14801   2805  15678     13      0 
 13:23:02       0    179     54      -     96     53      0      0      0      0  14801   2782  15444     13      0 
 13:23:07       0    193     53      -     96     55      0      0      0      0  14801   2782  15444     13      0 
 13:23:12       0    193     53      -     96     56      0      0      0      0  14801   2782  15444     13      0 
 13:23:17       0    192     53      -     96     56      0      0      0      0  14801   2782  15444     13      0 
 13:23:22       0    192     52      -     96     55      0      0      0      0  14801   2782  15444     13      0 
 13:23:28       0    192     52      -     96     56      0      0      0      0  14801   2782  15444     13      0 
 13:23:33       0    192     52      -     96     56      0      0      0      0  14801   2782  15444     13      0 
 13:23:38       0    192     52      -     96     56      0      0      0      0  14801   2782  15444     13      0 
 13:23:43       0    192     52      -     96     56      0      0      0      0  14801   2790  15444     13      0 
 13:23:48       0    191     51      -     96     56      0      0      0      0  14801   2790  15444     13      0 
 13:23:53       0    191     51      -     96     56      0      0      0      0  14801   2790  15444     13      0 
 13:23:58       0    191     51      -     96     56      0      0      0      0  14801   2790  15444     13      0 
 13:24:03       0    191     51      -     96     56      0      0      0      0  14801   2790  15444     13      0 
 13:24:08       0    191     51      -     96     56      0      0      0      0  14801   2790  15444     13      0 
 13:24:13       0    192     51      -     96     56      0      0      0      0  14801   2790  15444     13      0 
 13:24:18       0    191     51      -     96     56      0      0      0      0  14801   2790  15444     13      0 
 13:24:23       0    192     51      -     96     56      0      0      0      0  14801   2790  15444     13      0 
 13:24:28       0    192     51      -     96     56      0      0      0      0  14801   2790  15444     13      0 
 13:24:33       0    192     51      -     96     56      0      0      0      0  14801   2790  15444     13      0 
 13:24:38       0    192     51      -     96     56      0      0      0      0  14801   2790  15444     13      0 
 13:24:43       0    192     51      -     96     56      0      0      0      0  14801   2790  15444     13      0 
 13:24:48       0    192     51      -     96     56      0      0      0      0  14801   2790  15444     13      0 
 13:24:53       0    192     51      -     96     56      0      0      0      0  14801   2790  15424     13      0 
 13:24:58       0    192     51      -     96     56      0      0      0      0  14801   2790  15424     13      0 
 13:25:03       0    192     52      -     96     56      0      0      0      0  14801   2790  15424     13      0 
#Time         gpu    pwr  gtemp  mtemp     sm    mem    enc    dec    jpg    ofa   mclk   pclk     fb   bar1   ccpm 
#HH:MM:SS     Idx      W      C      C      %      %      %      %      %      %    MHz    MHz     MB     MB     MB 
 13:25:08       0    192     52      -     96     56      0      0      0      0  14801   2790  15424     13      0 
 13:25:13       0    192     52      -     96     56      0      0      0      0  14801   2790  15424     13      0 
 13:25:18       0    192     52      -     96     56      0      0      0      0  14801   2790  15424     13      0 
 13:25:23       0    192     52      -     96     56      0      0      0      0  14801   2790  15424     13      0 
 13:25:28       0    192     52      -     96     56      0      0      0      0  14801   2790  15424     13      0 
 13:25:33       0    192     52      -     96     56      0      0      0      0  14801   2782  15424     13      0 
 13:25:38       0    192     52      -     96     56      0      0      0      0  14801   2782  15424     13      0 
 13:25:43       0    192     52      -     96     56      0      0      0      0  14801   2782  15424     13      0 
 13:25:48       0    193     52      -     96     56      0      0      0      0  14801   2782  15424     13      0 
 13:25:53       0    193     52      -     96     56      0      0      0      0  14801   2782  15424     13      0 
 13:25:58       0    193     52      -     96     56      0      0      0      0  14801   2782  15424     13      0 
 13:26:03       0    193     53      -     96     56      0      0      0      0  14801   2782  15424     13      0 
 13:26:08       0    193     53      -     96     56      0      0      0      0  14801   2782  15424     13      0 
 13:26:13       0    193     53      -     96     56      0      0      0      0  14801   2782  15424     13      0 
 13:26:18       0    193     53      -     96     56      0      0      0      0  14801   2782  15424     13      0 
 13:26:23       0    193     53      -     96     56      0      0      0      0  14801   2782  15424     13      0 
 13:26:28       0    193     53      -     96     56      0      0      0      0  14801   2782  15424     13      0 
 13:26:33       0    193     53      -     96     56      0      0      0      0  14801   2782  15424     13      0 
 13:26:38       0    193     53      -     96     56      0      0      0      0  14801   2782  15424     13      0 
 13:26:43       0    193     53      -     96     56      0      0      0      0  14801   2782  15424     13      0 
 13:26:48       0    193     53      -     96     56      0      0      0      0  14801   2782  15424     13      0 
 13:26:53       0    193     53      -     96     56      0      0      0      0  14801   2782  15424     13      0 
 13:26:58       0    193     53      -     96     56      0      0      0      0  14801   2782  15424     13      0 
 13:27:03       0    193     53      -     96     56      0      0      0      0  14801   2782  15424     13      0 
 13:27:08       0    194     54      -     96     56      0      0      0      0  14801   2782  15424     13      0 
 13:27:13       0    194     54      -     96     56      0      0      0      0  14801   2782  15424     13      0 
 13:27:18       0    194     54      -     96     56      0      0      0      0  14801   2782  15424     13      0 
 13:27:23       0    194     54      -     96     56      0      0      0      0  14801   2782  15424     13      0 
 13:27:28       0    194     54      -     96     56      0      0      0      0  14801   2782  15424     13      0 
 13:27:33       0    194     54      -     96     56      0      0      0      0  14801   2782  15424     13      0 
 13:27:38       0    194     54      -     96     56      0      0      0      0  14801   2782  15424     13      0 
 13:27:43       0    194     54      -     96     57      0      0      0      0  14801   2782  15424     13      0 
 13:27:48       0    195     54      -     96     56      0      0      0      0  14801   2782  15424     13      0 
 13:27:53       0    195     54      -     96     57      0      0      0      0  14801   2782  15424     13      0 
 13:27:58       0    195     54      -     96     56      0      0      0      0  14801   2782  15424     13      0 
 13:28:03       0    195     54      -     96     56      0      0      0      0  14801   2782  15424     13      0 
 13:28:08       0    194     54      -     96     56      0      0      0      0  14801   2782  15424     13      0 
 13:28:13       0    195     54      -     96     56      0      0      0      0  14801   2782  15424     13      0 
 13:28:18       0    194     54      -     96     56      0      0      0      0  14801   2782  15424     13      0 
 13:28:23       0    194     54      -     96     56      0      0      0      0  14801   2782  15424     13      0 
 13:28:28       0    195     54      -     96     56      0      0      0      0  14801   2782  15424     13      0 
 13:28:33       0    195     54      -     96     56      0      0      0      0  14801   2782  15424     13      0 
 13:28:38       0    195     54      -     96     57      0      0      0      0  14801   2782  15424     13      0 
 13:28:43       0    195     54      -     96     57      0      0      0      0  14801   2782  15424     13      0 
#Time         gpu    pwr  gtemp  mtemp     sm    mem    enc    dec    jpg    ofa   mclk   pclk     fb   bar1   ccpm 
#HH:MM:SS     Idx      W      C      C      %      %      %      %      %      %    MHz    MHz     MB     MB     MB 
 13:28:48       0    195     55      -     96     57      0      0      0      0  14801   2782  15424     13      0 
 13:28:53       0    195     55      -     96     57      0      0      0      0  14801   2782  15424     13      0 
 13:28:58       0    196     55      -     96     57      0      0      0      0  14801   2782  15424     13      0 
 13:29:03       0    196     55      -     96     57      0      0      0      0  14801   2782  15424     13      0 
 13:29:08       0    196     55      -     96     57      0      0      0      0  14801   2782  15424     13      0 
 13:29:13       0    196     55      -     96     57      0      0      0      0  14801   2782  15424     13      0 
 13:29:18       0    196     55      -     96     57      0      0      0      0  14801   2782  15424     13      0 
 13:29:23       0    196     55      -     96     57      0      0      0      0  14801   2782  15424     13      0 
 13:29:28       0    196     55      -     96     57      0      0      0      0  14801   2782  15424     13      0 
 13:29:33       0    142     60      -     22     13      0      0      0      0  14801   2827  15678     13      0 
 13:29:38       0    275     64      -    100     18      0      0      0      0  14801   2805  15678     13      0 
 13:29:43       0    276     64      -    100      1      0      0      0      0  14801   2797  15678     13      0 
 13:29:48       0    276     64      -    100     26      0      0      0      0  14801   2805  15678     13      0 
 13:29:53       0    149     61      -      0      0      0      0      0      0  14801   2820  15678     13      0 
 13:29:58       0    276     63      -     99     28      0      0      0      0  14801   2805  15678     13      0 
 13:30:03       0    274     61      -    100     28      0      0      0      0  14801   2805  15678     13      0 
 13:30:08       0    275     63      -    100      1      0      0      0      0  14801   2805  15678     13      0 
 13:30:13       0    173     53      -     97     44      0      0      0      0  14801   2782  15444     13      0 
 13:30:18       0    170     53      -     97     39      0      0      0      0  14801   2782  15444     13      0 
 13:30:23       0    171     52      -     97     39      0      0      0      0  14801   2782  15444     13      0 
 13:30:28       0    192     52      -     96     55      0      0      0      0  14801   2790  15444     13      0 
 13:30:33       0    192     52      -     96     56      0      0      0      0  14801   2790  15444     13      0 
 13:30:38       0    192     52      -     96     56      0      0      0      0  14801   2790  15444     13      0 
 13:30:43       0    192     52      -     96     56      0      0      0      0  14801   2790  15444     13      0 
 13:30:48       0    192     52      -     96     56      0      0      0      0  14801   2790  15444     13      0 
 13:30:53       0    191     51      -     96     56      0      0      0      0  14801   2790  15444     13      0 
 13:30:58       0    192     51      -     96     56      0      0      0      0  14801   2790  15444     13      0 
 13:31:03       0    192     51      -     96     56      0      0      0      0  14801   2790  15444     13      0 
 13:31:08       0    191     51      -     96     56      0      0      0      0  14801   2790  15444     13      0 
 13:31:13       0    191     51      -     96     56      0      0      0      0  14801   2790  15444     13      0 
 13:31:18       0    191     51      -     96     56      0      0      0      0  14801   2790  15444     13      0 
 13:31:23       0    191     51      -     96     56      0      0      0      0  14801   2790  15444     13      0 
 13:31:28       0    191     51      -     96     56      0      0      0      0  14801   2790  15444     13      0 
 13:31:33       0    191     51      -     96     56      0      0      0      0  14801   2790  15444     13      0 
 13:31:38       0    191     51      -     96     56      0      0      0      0  14801   2790  15444     13      0 
 13:31:43       0    192     51      -     96     56      0      0      0      0  14801   2790  15444     13      0 
 13:31:48       0    192     51      -     96     56      0      0      0      0  14801   2790  15444     13      0 
 13:31:53       0    192     51      -     96     56      0      0      0      0  14801   2790  15444     13      0 
 13:31:58       0    192     51      -     96     56      0      0      0      0  14801   2790  15444     13      0 
 13:32:03       0    192     51      -     96     56      0      0      0      0  14801   2790  15424     13      0 
 13:32:08       0    192     52      -     96     56      0      0      0      0  14801   2790  15424     13      0 
 13:32:13       0    192     52      -     96     56      0      0      0      0  14801   2790  15424     13      0 
 13:32:18       0    192     52      -     96     56      0      0      0      0  14801   2790  15424     13      0 
 13:32:23       0    192     52      -     96     56      0      0      0      0  14801   2790  15424     13      0 
#Time         gpu    pwr  gtemp  mtemp     sm    mem    enc    dec    jpg    ofa   mclk   pclk     fb   bar1   ccpm 
#HH:MM:SS     Idx      W      C      C      %      %      %      %      %      %    MHz    MHz     MB     MB     MB 
 13:32:28       0    192     52      -     96     56      0      0      0      0  14801   2790  15424     13      0 
 13:32:33       0    192     52      -     96     56      0      0      0      0  14801   2790  15424     13      0 
 13:32:38       0    192     52      -     96     56      0      0      0      0  14801   2790  15424     13      0 
 13:32:43       0    192     52      -     96     56      0      0      0      0  14801   2782  15424     13      0 
 13:32:48       0    192     52      -     96     56      0      0      0      0  14801   2782  15424     13      0 
 13:32:53       0    192     52      -     96     56      0      0      0      0  14801   2782  15424     13      0 
 13:32:58       0    192     52      -     96     56      0      0      0      0  14801   2782  15424     13      0 
 13:33:03       0    192     52      -     96     56      0      0      0      0  14801   2782  15424     13      0 
 13:33:08       0    193     52      -     96     56      0      0      0      0  14801   2782  15424     13      0 
 13:33:13       0    193     53      -     96     56      0      0      0      0  14801   2782  15424     13      0 
 13:33:18       0    193     53      -     96     56      0      0      0      0  14801   2782  15424     13      0 
 13:33:23       0    193     53      -     96     56      0      0      0      0  14801   2782  15424     13      0 
 13:33:28       0    193     53      -     96     56      0      0      0      0  14801   2782  15424     13      0 
 13:33:33       0    193     53      -     96     56      0      0      0      0  14801   2782  15424     13      0 
 13:33:38       0    193     53      -     96     56      0      0      0      0  14801   2782  15424     13      0 
 13:33:43       0    193     53      -     96     56      0      0      0      0  14801   2782  15424     13      0 
 13:33:48       0    193     53      -     96     56      0      0      0      0  14801   2782  15424     13      0 
 13:33:53       0    193     53      -     96     56      0      0      0      0  14801   2782  15424     13      0 
 13:33:58       0    193     53      -     96     56      0      0      0      0  14801   2782  15424     13      0 
 13:34:03       0    194     53      -     96     56      0      0      0      0  14801   2782  15424     13      0 
 13:34:08       0    193     53      -     96     56      0      0      0      0  14801   2782  15424     13      0 
 13:34:13       0    193     54      -     96     56      0      0      0      0  14801   2782  15424     13      0 
 13:34:18       0    193     54      -     96     56      0      0      0      0  14801   2782  15424     13      0 
 13:34:23       0    193     54      -     96     56      0      0      0      0  14801   2782  15424     13      0 
 13:34:28       0    194     54      -     96     56      0      0      0      0  14801   2782  15424     13      0 
 13:34:33       0    194     54      -     96     56      0      0      0      0  14801   2782  15424     13      0 
 13:34:38       0    194     54      -     96     56      0      0      0      0  14801   2782  15424     13      0 
 13:34:43       0    194     54      -     96     56      0      0      0      0  14801   2782  15424     13      0 
 13:34:48       0    194     54      -     96     56      0      0      0      0  14801   2782  15424     13      0 
 13:34:53       0    194     54      -     96     56      0      0      0      0  14801   2782  15424     13      0 
 13:34:58       0    194     54      -     96     56      0      0      0      0  14801   2782  15424     13      0 
 13:35:03       0    195     54      -     96     56      0      0      0      0  14801   2782  15424     13      0 
 13:35:08       0    194     54      -     96     56      0      0      0      0  14801   2782  15424     13      0 
 13:35:13       0    194     54      -     96     56      0      0      0      0  14801   2782  15424     13      0 
 13:35:18       0    195     54      -     96     56      0      0      0      0  14801   2782  15424     13      0 
 13:35:23       0    194     54      -     96     56      0      0      0      0  14801   2782  15424     13      0 
 13:35:28       0    194     54      -     96     56      0      0      0      0  14801   2782  15424     13      0 
 13:35:33       0    194     54      -     96     56      0      0      0      0  14801   2782  15424     13      0 
 13:35:38       0    194     54      -     96     56      0      0      0      0  14801   2782  15424     13      0 
 13:35:43       0    195     54      -     96     56      0      0      0      0  14801   2782  15424     13      0 
 13:35:48       0    195     54      -     96     56      0      0      0      0  14801   2782  15424     13      0 
 13:35:53       0    195     55      -     96     56      0      0      0      0  14801   2782  15424     13      0 
 13:35:58       0    195     55      -     96     56      0      0      0      0  14801   2782  15424     13      0 
 13:36:03       0    195     55      -     96     57      0      0      0      0  14801   2782  15424     13      0 
#Time         gpu    pwr  gtemp  mtemp     sm    mem    enc    dec    jpg    ofa   mclk   pclk     fb   bar1   ccpm 
#HH:MM:SS     Idx      W      C      C      %      %      %      %      %      %    MHz    MHz     MB     MB     MB 
 13:36:08       0    195     55      -     96     57      0      0      0      0  14801   2782  15424     13      0 
 13:36:13       0    195     55      -     96     57      0      0      0      0  14801   2782  15424     13      0 
 13:36:18       0    195     55      -     96     57      0      0      0      0  14801   2782  15424     13      0 
 13:36:23       0    195     55      -     96     57      0      0      0      0  14801   2782  15424     13      0 
 13:36:28       0    195     55      -     96     57      0      0      0      0  14801   2782  15424     13      0 
 13:36:33       0    196     55      -     96     57      0      0      0      0  14801   2782  15424     13      0 
 13:36:38       0    196     55      -     96     57      0      0      0      0  14801   2782  15424     13      0 
 13:36:43       0    196     55      -     96     57      0      0      0      0  14801   2782  15424     13      0 
 13:36:48       0    276     63      -    100     16      0      0      0      0  14801   2797  15680     13      0 
 13:36:53       0    275     63      -    100     18      0      0      0      0  14801   2805  15680     13      0 
 13:36:59       0    275     61      -     99     28      0      0      0      0  14801   2805  15678     13      0 
 13:37:04       0    260     56      -     94     35      0      0      0      0  14801   2797  15444     13      0 
 13:37:09       0    276     61      -    100     14      0      0      0      0  14801   2805  15678     13      0 
 13:37:14       0    275     61      -    100     10      0      0      0      0  14801   2805  15678     13      0 
 13:37:19       0    275     64      -    100      1      0      0      0      0  14801   2805  15678     13      0 
 13:37:24       0    267     63      -    100      2      0      0      0      0  14801   2797  15444     13      0 
 13:37:29       0    171     53      -     97     44      0      0      0      0  14801   2782  15444     13      0 
 13:37:34       0    172     52      -     97     43      0      0      0      0  14801   2782  15444     13      0 
 13:37:39       0    167     51      -     97     45      0      0      0      0  14801   2797  15444     13      0 
 13:37:44       0    166     51      -     97     43      0      0      0      0  14801   2797  15444     13      0 
 13:37:49       0    274     59      -    100     18      0      0      0      0  14801   2820  15678     13      0 
 13:37:54       0    272     62      -    100      1      0      0      0      0  14801   2812  15678     13      0 
 13:37:59       0    273     62      -    100      0      0      0      0      0  14801   2790  15678     13      0 
 13:38:04       0    232     59      -    100     26      0      0      0      0  14801   2812  15678     13      0 
 13:38:09       0    275     60      -    100     24      0      0      0      0  14801   2812  15678     13      0 
 13:38:14       0    273     62      -    100      4      0      0      0      0  14801   2805  15678     13      0 
 13:38:19       0    274     62      -    100     12      0      0      0      0  14801   2805  15678     13      0 
 13:38:24       0    268     62      -    100      3      0      0      0      0  14801   2805  15230     13      0 
 13:38:29       0    275     61      -    100     25      0      0      0      0  14801   2812  15678     13      0 
 13:38:34       0    273     61      -    100     19      0      0      0      0  14801   2805  15678     13      0 
 13:38:39       0    274     62      -    100     16      0      0      0      0  14801   2790  15678     13      0 
 13:38:44       0    269     62      -    100      2      0      0      0      0  14801   2812  15678     13      0 
 13:38:49       0    261     62      -    100      2      0      0      0      0  14801   2805  15700     13      0 
 13:38:54       0    261     62      -    100      9      0      0      0      0  14801   2805  15700     13      0 
 13:38:59       0    260     60      -    100     15      0      0      0      0  14801   2797  15700     13      0 
 13:39:04       0    260     62      -    100      2      0      0      0      0  14801   2797  15700     13      0 
 13:39:09       0    260     60      -     92     25      0      0      0      0  14801   2805  15660     13      0 
 13:39:14       0    259     60      -    100     21      0      0      0      0  14801   2797  15700     13      0 
 13:39:19       0    257     60      -    100     12      0      0      0      0  14801   2805  15700     13      0 
 13:39:24       0     49     46      -      0      0      0      0      0      0  14801   2692  15058     13      0 
