#Time         gpu    pwr  gtemp  mtemp     sm    mem    enc    dec    jpg    ofa   mclk   pclk     fb   bar1   ccpm 
#HH:MM:SS     Idx      W      C      C      %      %      %      %      %      %    MHz    MHz     MB     MB     MB 
 04:31:46       0     11     43      -      0      0      0      0      0      0    405    180      2      1      0 
 04:31:51       0     11     43      -      0      0      0      0      0      0    405    180      2      1      0 
 04:31:56       0     11     42      -      0      0      0      0      0      0    405    180      2      1      0 
 04:32:01       0     45     43      -      8      0      0      0      0      0  14801   2662   2214      4      0 
 04:32:06       0     44     43      -      0      0      0      0      0      0  14801   2610   2678      4      0 
 04:32:11       0     43     43      -      0      0      0      0      0      0  14801   2610   2694      4      0 
 04:32:16       0    250     62      -    100     30      0      0      0      0  14801   2835   5632      4      0 
 04:32:21       0     45     44      -      0      0      0      0      0      0  14801   2610  15112      4      0 
 04:32:26       0    170     46      -      0      0      0      0      0      0  14801   2857  15756      4      0 
 04:32:31       0     45     43      -      0      0      0      0      0      0  14801   2610  15756      4      0 
 04:32:36       0     44     43      -      0      0      0      0      0      0  14801   2610  15756      4      0 
 04:32:41       0     44     42      -      0      0      0      0      0      0  14801   2610  15756      4      0 
 04:32:46       0     17     42      -     88      8      0      0      0      0  14801   1657  15758      4      0 
 04:32:51       0    296     62      -    100     39      0      0      0      0  14801   2827  15780      4      0 
 04:32:56       0    303     66      -    100     33      0      0      0      0  14801   2820  15780      4      0 
 04:33:01       0    305     69      -    100     30      0      0      0      0  14801   2812  15698      4      0 
 04:33:06       0    248     58      -     96     68      0      0      0      0  14801   2805  15736      4      0 
 04:33:11       0    164     66      -    100     38      0      0      0      0  14801   2842  15736      4      0 
 04:33:16       0    303     68      -    100     23      0      0      0      0  14801   2805  15736      4      0 
 04:33:21       0    299     72      -    100      3      0      0      0      0  14801   2805  15738      4      0 
 04:33:26       0     46     49      -      0      0      0      0      0      0  14801   2610  15736      4      0 
 04:33:31       0     45     47      -      0      0      0      0      0      0  14801   2610      4      2      0 
