#Time         gpu    pwr  gtemp  mtemp     sm    mem    enc    dec    jpg    ofa   mclk   pclk     fb   bar1   ccpm 
#HH:MM:SS     Idx      W      C      C      %      %      %      %      %      %    MHz    MHz     MB     MB     MB 
 04:14:51       0     11     44      -      0      0      0      0      0      0    405    180      2      1      0 
 04:14:56       0     12     43      -      0      0      0      0      0      0    405    180      2      1      0 
 04:15:01       0     11     42      -      0      0      0      0      0      0    405    180      2      1      0 
 04:15:06       0     46     44      -     10      0      0      0      0      0  14801   2670   2152      4      0 
 04:15:11       0     45     43      -      0      0      0      0      0      0  14801   2617  15060      4      0 
 04:15:16       0     51     44      -      0      0      0      0      0      0  14801   2857  15060      4      0 
 04:15:21       0     44     43      -      0      0      0      0      0      0  14801   2610  11610      4      0 
 04:15:26       0     46     43      -      0      0      0      0      0      0  14801   2610  11644      4      0 
 04:15:31       0     45     43      -      0      0      0      0      0      0  14801   2610  11644      4      0 
 04:15:36       0     47     43      -      0      0      0      0      0      0  14801   2857  11644      4      0 
 04:15:41       0     51     44      -    100      5      0      0      0      0  14801   2647  11670      4      0 
 04:15:46       0    230     49      -      0      0      0      0      0      0  14801   2827  12306      4      0 
 04:15:51       0     46     44      -      0      0      0      0      0      0  14801   2662  12306      4      0 
 04:15:56       0     44     43      -      0      0      0      0      0      0  14801   2610  15100      4      0 
 04:16:01       0    156     47      -     17      7      0      0      0      0  14801   2835  15744      4      0 
 04:16:06       0     44     44      -      0      0      0      0      0      0  14801   2610  15744      4      0 
 04:16:11       0     44     44      -      0      0      0      0      0      0  14801   2610  15744      4      0 
 04:16:16       0     44     43      -      0      0      0      0      0      0  14801   2610  15744      4      0 
 04:16:21       0     12     41      -      0      0      0      0      0      0    405    180  15746      4      0 
 04:16:26       0    288     64      -    100     24      0      0      0      0  14801   2827  15766      4      0 
 04:16:31       0    291     63      -     99     35      0      0      0      0  14801   2812  15766      4      0 
 04:16:36       0    194     55      -     97     37      0      0      0      0  14801   2812  15728      4      0 
 04:16:41       0    111     62      -    100     36      0      0      0      0  14801   2692  15724      4      0 
 04:16:46       0    292     68      -    100     29      0      0      0      0  14801   2820  15724      4      0 
 04:16:51       0    293     63      -     99     36      0      0      0      0  14801   2812  15726      4      0 
 04:16:56       0    294     66      -     99     35      0      0      0      0  14801   2805  15726      4      0 
 04:17:01       0    291     71      -    100      1      0      0      0      0  14801   2797  15728      4      0 
 04:17:06       0    286     69      -    100     31      0      0      0      0  14801   2805  15746      4      0 
 04:17:11       0    287     72      -    100     10      0      0      0      0  14801   2790  15748      4      0 
 04:17:16       0    288     72      -    100      2      0      0      0      0  14801   2805  15748      4      0 
 04:17:21       0    289     72      -    100      2      0      0      0      0  14801   2790  15748      4      0 
 04:17:26       0    265     69      -    100     35      0      0      0      0  14801   2797  15748      4      0 
 04:17:31       0    288     73      -    100      2      0      0      0      0  14801   2805  15748      4      0 
 04:17:36       0    289     73      -    100      2      0      0      0      0  14801   2797  15748      4      0 
 04:17:41       0    288     73      -    100      2      0      0      0      0  14801   2805  15748      4      0 
 04:17:46       0    287     70      -    100     21      0      0      0      0  14801   2790  15748      4      0 
 04:17:51       0    288     73      -    100      9      0      0      0      0  14801   2790  15748      4      0 
 04:17:56       0    287     69      -    100     20      0      0      0      0  14801   2790  15724      4      0 
 04:18:01       0    289     73      -    100      2      0      0      0      0  14801   2820  15724      4      0 
 04:18:06       0    291     73      -    100      2      0      0      0      0  14801   2790  15724      4      0 
 04:18:11       0    287     71      -    100     35      0      0      0      0  14801   2790  15724      4      0 
 04:18:16       0    288     70      -    100     33      0      0      0      0  14801   2790  15724      4      0 
 04:18:21       0    287     71      -    100      3      0      0      0      0  14801   2790  15724      4      0 
 04:18:26       0    290     74      -    100      2      0      0      0      0  14801   2805  15724      4      0 
#Time         gpu    pwr  gtemp  mtemp     sm    mem    enc    dec    jpg    ofa   mclk   pclk     fb   bar1   ccpm 
#HH:MM:SS     Idx      W      C      C      %      %      %      %      %      %    MHz    MHz     MB     MB     MB 
 04:18:31       0    287     70      -    100     18      0      0      0      0  14801   2790  15728      4      0 
 04:18:36       0    287     73      -    100      6      0      0      0      0  14801   2805  15728      4      0 
 04:18:41       0    287     73      -    100      1      0      0      0      0  14801   2790  15728      4      0 
 04:18:46       0    288     73      -    100      1      0      0      0      0  14801   2812  15728      4      0 
 04:18:51       0    288     74      -    100      2      0      0      0      0  14801   2812  15728      4      0 
 04:18:56       0    288     73      -    100      2      0      0      0      0  14801   2820  15728      4      0 
 04:19:01       0    288     72      -    100     23      0      0      0      0  14801   2797  15728      4      0 
 04:19:06       0    289     74      -    100      1      0      0      0      0  14801   2790  15708      4      0 
 04:19:11       0    290     74      -    100      2      0      0      0      0  14801   2805  15748      4      0 
 04:19:16       0    286     71      -    100      1      0      0      0      0  14801   2790  15748      4      0 
 04:19:21       0    290     73      -    100      1      0      0      0      0  14801   2805  15748      4      0 
 04:19:26       0    289     74      -    100      1      0      0      0      0  14801   2790  15748      4      0 
 04:19:31       0    290     73      -    100      1      0      0      0      0  14801   2790  15748      4      0 
 04:19:36       0    285     73      -    100      3      0      0      0      0  14801   2790  15748      4      0 
 04:19:41       0    287     69      -    100     24      0      0      0      0  14801   2790  15748      4      0 
 04:19:46       0    287     66      -     99     34      0      0      0      0  14801   2790  15748      4      0 
 04:19:51       0    291     70      -    100     28      0      0      0      0  14801   2790  15748      4      0 
 04:19:56       0    290     74      -    100      1      0      0      0      0  14801   2790  15748      4      0 
 04:20:01       0    290     74      -    100      1      0      0      0      0  14801   2790  15748      4      0 
 04:20:06       0    290     74      -    100      1      0      0      0      0  14801   2805  15748      4      0 
 04:20:11       0    287     73      -    100      8      0      0      0      0  14801   2805  15748      4      0 
 04:20:16       0    290     74      -    100      2      0      0      0      0  14801   2790  15748      4      0 
 04:20:21       0    290     74      -    100      1      0      0      0      0  14801   2797  15748      4      0 
 04:20:26       0    289     68      -    100     13      0      0      0      0  14801   2790  15748      4      0 
 04:20:31       0    286     74      -    100      1      0      0      0      0  14801   2797  15748      4      0 
 04:20:36       0    289     69      -    100     26      0      0      0      0  14801   2790  15748      4      0 
 04:20:41       0    288     73      -    100      1      0      0      0      0  14801   2805  15748      4      0 
 04:20:46       0    289     73      -    100      1      0      0      0      0  14801   2790  15728      4      0 
 04:20:51       0    287     71      -     99     32      0      0      0      0  14801   2790  15728      4      0 
 04:20:56       0    290     73      -    100      1      0      0      0      0  14801   2805  15728      4      0 
 04:21:01       0    288     73      -    100      1      0      0      0      0  14801   2790  15728      4      0 
 04:21:06       0    287     73      -    100      1      0      0      0      0  14801   2790  15728      4      0 
 04:21:11       0    288     70      -    100      4      0      0      0      0  14801   2790  15728      4      0 
 04:21:16       0    289     67      -    100     35      0      0      0      0  14801   2790  15728      4      0 
 04:21:21       0    288     72      -    100     21      0      0      0      0  14801   2790  15728      4      0 
 04:21:26       0    288     73      -    100      1      0      0      0      0  14801   2805  15728      4      0 
 04:21:31       0    289     73      -    100      1      0      0      0      0  14801   2797  15728      4      0 
 04:21:36       0    288     73      -    100      2      0      0      0      0  14801   2790  15728      4      0 
 04:21:41       0    288     73      -    100      1      0      0      0      0  14801   2790  15728      4      0 
 04:21:46       0    288     73      -    100      1      0      0      0      0  14801   2805  15728      4      0 
 04:21:51       0    287     73      -    100      1      0      0      0      0  14801   2812  15728      4      0 
 04:21:56       0    288     73      -    100      1      0      0      0      0  14801   2797  15728      4      0 
 04:22:01       0    293     73      -    100      1      0      0      0      0  14801   2790  15728      4      0 
 04:22:06       0    286     73      -    100      1      0      0      0      0  14801   2790  15728      4      0 
#Time         gpu    pwr  gtemp  mtemp     sm    mem    enc    dec    jpg    ofa   mclk   pclk     fb   bar1   ccpm 
#HH:MM:SS     Idx      W      C      C      %      %      %      %      %      %    MHz    MHz     MB     MB     MB 
 04:22:11       0    287     73      -    100      1      0      0      0      0  14801   2790  15728      4      0 
 04:22:16       0    287     73      -    100      1      0      0      0      0  14801   2805  15728      4      0 
 04:22:21       0    289     73      -    100      1      0      0      0      0  14801   2790  15728      4      0 
 04:22:26       0    286     73      -    100      1      0      0      0      0  14801   2790  15728      4      0 
 04:22:31       0    287     73      -    100      1      0      0      0      0  14801   2805  15728      4      0 
 04:22:36       0    293     73      -    100      1      0      0      0      0  14801   2790  15728      4      0 
 04:22:41       0    288     73      -    100      1      0      0      0      0  14801   2790  15728      4      0 
 04:22:46       0    280     71      -     64     25      0      0      0      0  14801   2790  15708      4      0 
 04:22:51       0    287     73      -    100      1      0      0      0      0  14801   2790  15748      4      0 
 04:22:56       0    286     71      -    100     23      0      0      0      0  14801   2790  15748      4      0 
 04:23:01       0    287     73      -    100      1      0      0      0      0  14801   2790  15748      4      0 
 04:23:06       0    286     72      -    100     22      0      0      0      0  14801   2790  15748      4      0 
 04:23:11       0    286     73      -    100      1      0      0      0      0  14801   2790  15748      4      0 
 04:23:16       0    286     67      -    100      8      0      0      0      0  14801   2790  15748      4      0 
 04:23:21       0    284     73      -    100      1      0      0      0      0  14801   2805  15748      4      0 
 04:23:26       0    292     73      -    100      1      0      0      0      0  14801   2790  15748      4      0 
 04:23:31       0    286     73      -    100      1      0      0      0      0  14801   2797  15748      4      0 
 04:23:36       0    287     73      -    100      1      0      0      0      0  14801   2790  15748      4      0 
 04:23:41       0    292     73      -    100      1      0      0      0      0  14801   2790  15748      4      0 
 04:23:46       0    286     73      -    100      1      0      0      0      0  14801   2812  15748      4      0 
 04:23:51       0    212     68      -    100     35      0      0      0      0  14801   2827  15744      4      0 
 04:23:56       0    294     69      -    100     32      0      0      0      0  14801   2805  15744      4      0 
 04:24:01       0    296     69      -    100     35      0      0      0      0  14801   2805  15744      4      0 
 04:24:06       0     56     53      -      0      0      0      0      0      0  14801   2850  15724      4      0 
 04:24:11       0    293     70      -    100     23      0      0      0      0  14801   2820  15724      4      0 
 04:24:16       0    294     70      -    100     38      0      0      0      0  14801   2805  15724      4      0 
 04:24:21       0    296     71      -    100     18      0      0      0      0  14801   2805  15726      4      0 
 04:24:26       0    296     71      -     99     37      0      0      0      0  14801   2805  15726      4      0 
 04:24:31       0    292     73      -    100      1      0      0      0      0  14801   2805  15726      4      0 
 04:24:36       0    289     73      -    100      3      0      0      0      0  14801   2805  15748      4      0 
 04:24:41       0    289     73      -    100      2      0      0      0      0  14801   2805  15748      4      0 
 04:24:46       0    290     73      -    100      2      0      0      0      0  14801   2805  15748      4      0 
 04:24:51       0    291     73      -    100     18      0      0      0      0  14801   2790  15748      4      0 
 04:24:56       0    290     73      -    100     15      0      0      0      0  14801   2790  15748      4      0 
 04:25:01       0    290     74      -    100      2      0      0      0      0  14801   2805  15748      4      0 
 04:25:06       0    289     74      -    100      2      0      0      0      0  14801   2805  15748      4      0 
 04:25:11       0    289     70      -    100     29      0      0      0      0  14801   2790  15748      4      0 
 04:25:16       0    289     74      -    100      2      0      0      0      0  14801   2805  15748      4      0 
 04:25:21       0    286     73      -    100      2      0      0      0      0  14801   2812  15684      4      0 
 04:25:26       0    289     73      -    100     13      0      0      0      0  14801   2790  15724      4      0 
 04:25:31       0    290     73      -    100      2      0      0      0      0  14801   2797  15724      4      0 
 04:25:36       0    288     70      -    100     37      0      0      0      0  14801   2790  15724      4      0 
 04:25:41       0    287     68      -     99     34      0      0      0      0  14801   2790  15724      4      0 
 04:25:46       0    287     71      -    100      7      0      0      0      0  14801   2790  15724      4      0 
#Time         gpu    pwr  gtemp  mtemp     sm    mem    enc    dec    jpg    ofa   mclk   pclk     fb   bar1   ccpm 
#HH:MM:SS     Idx      W      C      C      %      %      %      %      %      %    MHz    MHz     MB     MB     MB 
 04:25:51       0    291     74      -    100      2      0      0      0      0  14801   2790  15724      4      0 
 04:25:56       0    288     73      -    100      2      0      0      0      0  14801   2797  15728      4      0 
 04:26:01       0    291     74      -    100      2      0      0      0      0  14801   2790  15728      4      0 
 04:26:06       0    286     71      -    100     34      0      0      0      0  14801   2790  15728      4      0 
 04:26:12       0    290     73      -    100      2      0      0      0      0  14801   2797  15728      4      0 
 04:26:17       0    290     73      -    100      1      0      0      0      0  14801   2797  15728      4      0 
 04:26:22       0    287     73      -    100      2      0      0      0      0  14801   2797  15728      4      0 
 04:26:27       0    287     69      -    100     33      0      0      0      0  14801   2790  15728      4      0 
 04:26:32       0    290     74      -    100      2      0      0      0      0  14801   2790  15728      4      0 
 04:26:37       0    290     73      -    100      1      0      0      0      0  14801   2790  15748      4      0 
 04:26:42       0    290     73      -    100      2      0      0      0      0  14801   2790  15748      4      0 
 04:26:47       0    290     73      -    100      1      0      0      0      0  14801   2797  15748      4      0 
 04:26:52       0    289     73      -    100      1      0      0      0      0  14801   2790  15748      4      0 
 04:26:57       0    287     70      -    100     37      0      0      0      0  14801   2805  15748      4      0 
 04:27:02       0    289     73      -    100      1      0      0      0      0  14801   2797  15748      4      0 
 04:27:07       0    290     73      -    100      1      0      0      0      0  14801   2790  15748      4      0 
 04:27:12       0    290     73      -    100      1      0      0      0      0  14801   2790  15748      4      0 
 04:27:17       0    289     73      -    100      1      0      0      0      0  14801   2790  15748      4      0 
 04:27:22       0    289     73      -    100      1      0      0      0      0  14801   2797  15748      4      0 
 04:27:27       0    287     71      -    100     24      0      0      0      0  14801   2812  15748      4      0 
 04:27:32       0    285     70      -    100     22      0      0      0      0  14801   2805  15748      4      0 
 04:27:37       0    288     73      -    100      1      0      0      0      0  14801   2790  15748      4      0 
 04:27:42       0    288     73      -    100      1      0      0      0      0  14801   2790  15748      4      0 
 04:27:47       0    288     68      -    100      9      0      0      0      0  14801   2797  15748      4      0 
 04:27:52       0    288     73      -    100      1      0      0      0      0  14801   2790  15748      4      0 
 04:27:57       0    288     73      -    100      2      0      0      0      0  14801   2805  15748      4      0 
 04:28:02       0    289     73      -    100      1      0      0      0      0  14801   2790  15748      4      0 
 04:28:07       0    288     70      -    100     21      0      0      0      0  14801   2805  15748      4      0 
 04:28:12       0    288     73      -    100      1      0      0      0      0  14801   2790  15748      4      0 
 04:28:17       0    288     73      -    100      1      0      0      0      0  14801   2790  15728      4      0 
 04:28:22       0    288     69      -    100     33      0      0      0      0  14801   2812  15728      4      0 
 04:28:27       0    285     73      -    100      1      0      0      0      0  14801   2790  15728      4      0 
 04:28:32       0    289     73      -    100      1      0      0      0      0  14801   2790  15728      4      0 
 04:28:37       0    289     73      -    100      1      0      0      0      0  14801   2790  15728      4      0 
 04:28:42       0    291     73      -    100      1      0      0      0      0  14801   2790  15728      4      0 
 04:28:47       0    287     69      -    100     31      0      0      0      0  14801   2805  15728      4      0 
 04:28:52       0    287     70      -    100     34      0      0      0      0  14801   2812  15728      4      0 
 04:28:57       0    286     69      -    100     36      0      0      0      0  14801   2812  15728      4      0 
 04:29:02       0    286     72      -    100     11      0      0      0      0  14801   2812  15728      4      0 
 04:29:07       0    287     69      -    100     35      0      0      0      0  14801   2812  15728      4      0 
 04:29:12       0    292     73      -    100      1      0      0      0      0  14801   2790  15728      4      0 
 04:29:17       0    293     73      -    100      1      0      0      0      0  14801   2790  15728      4      0 
 04:29:22       0    287     73      -    100      1      0      0      0      0  14801   2790  15728      4      0 
 04:29:27       0    285     73      -    100      1      0      0      0      0  14801   2790  15728      4      0 
#Time         gpu    pwr  gtemp  mtemp     sm    mem    enc    dec    jpg    ofa   mclk   pclk     fb   bar1   ccpm 
#HH:MM:SS     Idx      W      C      C      %      %      %      %      %      %    MHz    MHz     MB     MB     MB 
 04:29:32       0    287     73      -    100      1      0      0      0      0  14801   2790  15728      4      0 
 04:29:37       0    286     73      -    100      7      0      0      0      0  14801   2812  15728      4      0 
 04:29:42       0    292     73      -    100      1      0      0      0      0  14801   2790  15728      4      0 
 04:29:47       0    286     73      -    100      1      0      0      0      0  14801   2790  15728      4      0 
 04:29:52       0    287     73      -    100      1      0      0      0      0  14801   2790  15728      4      0 
 04:29:57       0    286     69      -    100     16      0      0      0      0  14801   2805  15728      4      0 
 04:30:02       0    287     73      -    100      1      0      0      0      0  14801   2790  15728      4      0 
 04:30:07       0    285     73      -    100      1      0      0      0      0  14801   2805  15728      4      0 
 04:30:12       0    286     73      -    100      1      0      0      0      0  14801   2797  15728      4      0 
 04:30:17       0    287     73      -    100      1      0      0      0      0  14801   2790  15748      4      0 
 04:30:22       0    287     73      -    100      1      0      0      0      0  14801   2790  15748      4      0 
 04:30:27       0    289     73      -    100      1      0      0      0      0  14801   2790  15748      4      0 
 04:30:32       0    284     73      -    100      1      0      0      0      0  14801   2797  15748      4      0 
 04:30:37       0    287     73      -    100      1      0      0      0      0  14801   2790  15748      4      0 
 04:30:42       0    285     73      -    100      1      0      0      0      0  14801   2812  15748      4      0 
 04:30:47       0    287     73      -    100      1      0      0      0      0  14801   2790  15748      4      0 
 04:30:52       0    285     70      -    100      3      0      0      0      0  14801   2805  15748      4      0 
 04:30:57       0    287     73      -    100      1      0      0      0      0  14801   2790  15748      4      0 
 04:31:02       0    292     73      -    100      1      0      0      0      0  14801   2790  15748      4      0 
 04:31:07       0    283     72      -    100     33      0      0      0      0  14801   2827  15748      4      0 
 04:31:12       0    286     73      -    100      1      0      0      0      0  14801   2790  15748      4      0 
 04:31:17       0    182     60      -     97     63      0      0      0      0  14801   2820  15748      4      0 
 04:31:22       0     47     50      -      0      0      0      0      0      0  14801   2610  15744      4      0 
