#Time         gpu    pwr  gtemp  mtemp     sm    mem    enc    dec    jpg    ofa   mclk   pclk     fb   bar1   ccpm 
#HH:MM:SS     Idx      W      C      C      %      %      %      %      %      %    MHz    MHz     MB     MB     MB 
 03:22:22       0     11     43      -      0      0      0      0      0      0    405    180      2      1      0 
 03:22:27       0     11     43      -      0      0      0      0      0      0    405    180      2      1      0 
 03:22:32       0     11     42      -      0      0      0      0      0      0    405    180      2      1      0 
 03:22:37       0     46     43      -     10      1      0      0      0      0  14801   2670   2214      4      0 
 03:22:42       0     44     43      -      0      0      0      0      0      0  14801   2617  15060      4      0 
 03:22:47       0     51     44      -      0      0      0      0      0      0  14801   2857  15060      4      0 
 03:22:52       0     53     45      -    100      5      0      0      0      0  14801   2782  11610      4      0 
 03:22:57       0     46     43      -      0      0      0      0      0      0  14801   2610  11644      4      0 
 03:23:02       0     45     43      -      0      0      0      0      0      0  14801   2617  11644      4      0 
 03:23:07       0     46     43      -      0      0      0      0      0      0  14801   2610  11648      4      0 
 03:23:12       0     55     44      -      0      0      0      0      0      0  14801   2857  11670      4      0 
 03:23:17       0     49     45      -      0      0      0      0      0      0  14801   2857  12306      4      0 
 03:23:22       0     44     44      -      0      0      0      0      0      0  14801   2610  15100      4      0 
 03:23:27       0    195     50      -     97     28      0      0      0      0  14801   2835  15744      4      0 
 03:23:32       0     44     44      -      0      0      0      0      0      0  14801   2610  15744      4      0 
 03:23:37       0     44     44      -      0      0      0      0      0      0  14801   2610  15744      4      0 
 03:23:42       0     44     44      -      0      0      0      0      0      0  14801   2610  15744      4      0 
 03:23:47       0     12     42      -      0      0      0      0      0      0    405    180  15746      4      0 
 03:23:52       0     46     44      -      0      0      0      0      0      0  14801   2610  15746      4      0 
 03:23:57       0    270     64      -    100     28      0      0      0      0  14801   2827  15766      4      0 
 03:24:02       0    291     66      -     99     33      0      0      0      0  14801   2812  15766      4      0 
 03:24:07       0    291     68      -    100     15      0      0      0      0  14801   2812  15724      4      0 
 03:24:12       0    294     71      -    100      1      0      0      0      0  14801   2797  15724      4      0 
 03:24:17       0    290     71      -    100      5      0      0      0      0  14801   2812  15724      4      0 
 03:24:22       0    286     71      -    100      2      0      0      0      0  14801   2827  15746      4      0 
 03:24:27       0    286     71      -    100      2      0      0      0      0  14801   2820  15746      4      0 
 03:24:32       0    286     66      -     99     33      0      0      0      0  14801   2797  15746      4      0 
 03:24:37       0    286     72      -    100      5      0      0      0      0  14801   2797  15746      4      0 
 03:24:42       0    288     72      -    100      2      0      0      0      0  14801   2805  15746      4      0 
 03:24:47       0    286     71      -     99     32      0      0      0      0  14801   2790  15746      4      0 
 03:24:52       0    288     72      -    100     12      0      0      0      0  14801   2790  15746      4      0 
 03:24:57       0    288     70      -    100     23      0      0      0      0  14801   2790  15746      4      0 
 03:25:02       0    288     73      -    100      2      0      0      0      0  14801   2797  15746      4      0 
 03:25:07       0    288     73      -    100      2      0      0      0      0  14801   2805  15746      4      0 
 03:25:12       0    290     71      -     99     37      0      0      0      0  14801   2790  15722      4      0 
 03:25:17       0    289     73      -    100      2      0      0      0      0  14801   2805  15722      4      0 
 03:25:22       0    288     70      -    100      8      0      0      0      0  14801   2790  15722      4      0 
 03:25:27       0    288     73      -    100     17      0      0      0      0  14801   2790  15722      4      0 
 03:25:32       0    288     71      -    100     24      0      0      0      0  14801   2790  15722      4      0 
 03:25:37       0    288     74      -    100      3      0      0      0      0  14801   2790  15722      4      0 
 03:25:42       0    276     73      -    100      2      0      0      0      0  14801   2827  15686      4      0 
 03:25:47       0    287     74      -    100      2      0      0      0      0  14801   2805  15726      4      0 
 03:25:52       0    288     73      -    100     14      0      0      0      0  14801   2790  15726      4      0 
 03:25:57       0    289     74      -    100      2      0      0      0      0  14801   2805  15726      4      0 
#Time         gpu    pwr  gtemp  mtemp     sm    mem    enc    dec    jpg    ofa   mclk   pclk     fb   bar1   ccpm 
#HH:MM:SS     Idx      W      C      C      %      %      %      %      %      %    MHz    MHz     MB     MB     MB 
 03:26:02       0    290     74      -    100      2      0      0      0      0  14801   2812  15726      4      0 
 03:26:07       0    291     74      -    100      2      0      0      0      0  14801   2805  15726      4      0 
 03:26:12       0    287     74      -    100      2      0      0      0      0  14801   2805  15726      4      0 
 03:26:17       0    284     70      -    100     15      0      0      0      0  14801   2790  15726      4      0 
 03:26:22       0    284     74      -    100      2      0      0      0      0  14801   2790  15746      4      0 
 03:26:27       0    287     73      -    100      6      0      0      0      0  14801   2805  15746      4      0 
 03:26:32       0    290     74      -    100      2      0      0      0      0  14801   2790  15746      4      0 
 03:26:37       0    290     73      -    100     16      0      0      0      0  14801   2797  15746      4      0 
 03:26:42       0    290     74      -    100      1      0      0      0      0  14801   2805  15746      4      0 
 03:26:47       0    290     74      -    100      2      0      0      0      0  14801   2790  15746      4      0 
 03:26:52       0    289     74      -    100      2      0      0      0      0  14801   2790  15746      4      0 
 03:26:57       0    290     74      -    100      2      0      0      0      0  14801   2790  15746      4      0 
 03:27:02       0    287     74      -    100      2      0      0      0      0  14801   2790  15746      4      0 
 03:27:07       0    290     74      -    100      2      0      0      0      0  14801   2790  15706      4      0 
 03:27:12       0    289     74      -    100      2      0      0      0      0  14801   2790  15746      4      0 
 03:27:17       0    289     74      -    100      2      0      0      0      0  14801   2797  15746      4      0 
 03:27:22       0    289     73      -    100      2      0      0      0      0  14801   2805  15746      4      0 
 03:27:27       0    291     74      -    100      1      0      0      0      0  14801   2790  15746      4      0 
 03:27:32       0    290     74      -    100      1      0      0      0      0  14801   2790  15746      4      0 
 03:27:37       0    289     73      -    100      1      0      0      0      0  14801   2805  15746      4      0 
 03:27:42       0    289     74      -    100      2      0      0      0      0  14801   2790  15746      4      0 
 03:27:47       0    288     73      -    100      2      0      0      0      0  14801   2805  15746      4      0 
 03:27:52       0    285     68      -     99     33      0      0      0      0  14801   2797  15746      4      0 
 03:27:57       0    289     74      -    100      1      0      0      0      0  14801   2790  15746      4      0 
 03:28:02       0    289     74      -    100      1      0      0      0      0  14801   2790  15726      4      0 
 03:28:07       0    289     73      -    100     10      0      0      0      0  14801   2797  15726      4      0 
 03:28:12       0    289     74      -    100      1      0      0      0      0  14801   2790  15726      4      0 
 03:28:17       0    289     74      -    100      2      0      0      0      0  14801   2790  15726      4      0 
 03:28:22       0    289     74      -    100      2      0      0      0      0  14801   2790  15726      4      0 
 03:28:27       0    289     69      -    100     35      0      0      0      0  14801   2790  15726      4      0 
 03:28:32       0    289     73      -    100      2      0      0      0      0  14801   2797  15726      4      0 
 03:28:37       0    288     73      -    100      2      0      0      0      0  14801   2805  15726      4      0 
 03:28:42       0    285     73      -    100      2      0      0      0      0  14801   2820  15726      4      0 
 03:28:47       0    289     73      -    100      1      0      0      0      0  14801   2812  15726      4      0 
 03:28:52       0    288     73      -    100      1      0      0      0      0  14801   2805  15726      4      0 
 03:28:57       0    277     68      -    100     27      0      0      0      0  14801   2805  15686      4      0 
 03:29:02       0    287     68      -    100     34      0      0      0      0  14801   2790  15726      4      0 
 03:29:07       0    293     74      -    100      2      0      0      0      0  14801   2790  15726      4      0 
 03:29:12       0    288     73      -    100      1      0      0      0      0  14801   2790  15726      4      0 
 03:29:17       0    288     74      -    100      1      0      0      0      0  14801   2790  15726      4      0 
 03:29:22       0    287     73      -    100      1      0      0      0      0  14801   2805  15726      4      0 
 03:29:27       0    287     73      -    100      6      0      0      0      0  14801   2805  15726      4      0 
 03:29:32       0    293     73      -    100      1      0      0      0      0  14801   2790  15726      4      0 
 03:29:37       0    284     73      -    100      1      0      0      0      0  14801   2790  15726      4      0 
#Time         gpu    pwr  gtemp  mtemp     sm    mem    enc    dec    jpg    ofa   mclk   pclk     fb   bar1   ccpm 
#HH:MM:SS     Idx      W      C      C      %      %      %      %      %      %    MHz    MHz     MB     MB     MB 
 03:29:42       0    288     73      -    100      1      0      0      0      0  14801   2812  15726      4      0 
 03:29:47       0    293     73      -    100      1      0      0      0      0  14801   2790  15726      4      0 
 03:29:52       0    288     73      -    100      1      0      0      0      0  14801   2790  15726      4      0 
 03:29:57       0    287     68      -    100     29      0      0      0      0  14801   2790  15726      4      0 
 03:30:02       0    277     73      -    100      1      0      0      0      0  14801   2790  15706      4      0 
 03:30:07       0    286     73      -    100      1      0      0      0      0  14801   2812  15746      4      0 
 03:30:12       0    287     73      -    100      1      0      0      0      0  14801   2790  15746      4      0 
 03:30:17       0    288     73      -    100      1      0      0      0      0  14801   2812  15746      4      0 
 03:30:22       0    288     73      -    100      1      0      0      0      0  14801   2790  15746      4      0 
 03:30:27       0    284     67      -    100     27      0      0      0      0  14801   2805  15746      4      0 
 03:30:32       0    287     73      -    100      1      0      0      0      0  14801   2790  15746      4      0 
 03:30:37       0    292     73      -    100      1      0      0      0      0  14801   2790  15746      4      0 
 03:30:42       0    286     73      -    100      1      0      0      0      0  14801   2790  15746      4      0 
 03:30:47       0    289     73      -    100      1      0      0      0      0  14801   2790  15746      4      0 
 03:30:52       0    286     73      -    100      6      0      0      0      0  14801   2805  15746      4      0 
 03:30:57       0    287     73      -    100      1      0      0      0      0  14801   2790  15746      4      0 
 03:31:02       0    293     73      -    100      1      0      0      0      0  14801   2790  15746      4      0 
 03:31:07       0    286     68      -    100     25      0      0      0      0  14801   2790  15746      4      0 
 03:31:12       0    278     73      -    100      1      0      0      0      0  14801   2812  15706      4      0 
 03:31:17       0    286     73      -    100      1      0      0      0      0  14801   2790  15746      4      0 
 03:31:22       0    291     73      -    100      1      0      0      0      0  14801   2790  15746      4      0 
 03:31:27       0    286     69      -    100     18      0      0      0      0  14801   2790  15746      4      0 
 03:31:32       0    286     73      -    100      1      0      0      0      0  14801   2812  15746      4      0 
 03:31:37       0    287     73      -    100      1      0      0      0      0  14801   2790  15746      4      0 
 03:31:42       0    286     73      -    100      1      0      0      0      0  14801   2790  15746      4      0 
 03:31:47       0    293     73      -    100      1      0      0      0      0  14801   2790  15746      4      0 
 03:31:52       0    293     73      -    100      1      0      0      0      0  14801   2790  15746      4      0 
 03:31:57       0    286     67      -    100      7      0      0      0      0  14801   2790  15746      4      0 
 03:32:02       0    284     67      -    100     34      0      0      0      0  14801   2790  15746      4      0 
 03:32:07       0    285     73      -    100      2      0      0      0      0  14801   2812  15746      4      0 
 03:32:12       0    286     73      -    100      1      0      0      0      0  14801   2812  15746      4      0 
 03:32:17       0    286     73      -    100      1      0      0      0      0  14801   2797  15746      4      0 
 03:32:22       0    285     73      -    100      1      0      0      0      0  14801   2797  15746      4      0 
 03:32:27       0    285     73      -    100      1      0      0      0      0  14801   2790  15746      4      0 
 03:32:32       0    284     73      -    100      1      0      0      0      0  14801   2790  15724      4      0 
 03:32:37       0    285     73      -    100      1      0      0      0      0  14801   2790  15724      4      0 
 03:32:42       0    284     73      -    100      1      0      0      0      0  14801   2797  15724      4      0 
 03:32:47       0    286     73      -    100      1      0      0      0      0  14801   2797  15724      4      0 
 03:32:52       0    285     73      -    100      1      0      0      0      0  14801   2820  15724      4      0 
 03:32:57       0    284     73      -    100      1      0      0      0      0  14801   2820  15724      4      0 
 03:33:02       0    284     71      -    100     23      0      0      0      0  14801   2790  15724      4      0 
 03:33:07       0    285     69      -    100     27      0      0      0      0  14801   2790  15724      4      0 
 03:33:12       0    292     73      -    100      1      0      0      0      0  14801   2790  15724      4      0 
 03:33:17       0    292     73      -    100      1      0      0      0      0  14801   2790  15724      4      0 
#Time         gpu    pwr  gtemp  mtemp     sm    mem    enc    dec    jpg    ofa   mclk   pclk     fb   bar1   ccpm 
#HH:MM:SS     Idx      W      C      C      %      %      %      %      %      %    MHz    MHz     MB     MB     MB 
 03:33:22       0    292     73      -    100      1      0      0      0      0  14801   2790  15724      4      0 
 03:33:27       0    286     73      -    100      1      0      0      0      0  14801   2790  15724      4      0 
 03:33:32       0    285     73      -    100      1      0      0      0      0  14801   2790  15724      4      0 
 03:33:37       0    285     73      -    100      1      0      0      0      0  14801   2805  15724      4      0 
 03:33:42       0    284     68      -    100     14      0      0      0      0  14801   2790  15724      4      0 
 03:33:47       0    292     73      -    100      1      0      0      0      0  14801   2790  15724      4      0 
 03:33:52       0    273     73      -    100      1      0      0      0      0  14801   2790  15684      4      0 
 03:33:57       0    285     73      -    100      1      0      0      0      0  14801   2790  15724      4      0 
 03:34:02       0    282     73      -    100      1      0      0      0      0  14801   2820  15724      4      0 
 03:34:07       0    292     66      -    100      1      0      0      0      0  14801   2790  15724      4      0 
 03:34:12       0    293     73      -    100      1      0      0      0      0  14801   2790  15724      4      0 
 03:34:17       0    284     73      -    100      1      0      0      0      0  14801   2790  15724      4      0 
 03:34:22       0    286     73      -    100      1      0      0      0      0  14801   2812  15724      4      0 
 03:34:27       0    292     73      -    100      1      0      0      0      0  14801   2790  15724      4      0 
 03:34:32       0    293     73      -    100      1      0      0      0      0  14801   2790  15724      4      0 
 03:34:37       0    284     73      -    100      1      0      0      0      0  14801   2790  15724      4      0 
 03:34:42       0    283     72      -    100     24      0      0      0      0  14801   2790  15724      4      0 
 03:34:47       0    291     73      -    100      1      0      0      0      0  14801   2790  15724      4      0 
 03:34:52       0    284     73      -    100      1      0      0      0      0  14801   2790  15724      4      0 
 03:34:57       0    285     67      -    100     36      0      0      0      0  14801   2790  15724      4      0 
 03:35:02       0    292     73      -    100      1      0      0      0      0  14801   2790  15724      4      0 
 03:35:07       0    285     73      -    100      1      0      0      0      0  14801   2790  15724      4      0 
 03:35:12       0    291     68      -    100      1      0      0      0      0  14801   2790  15724      4      0 
 03:35:17       0    293     73      -    100      1      0      0      0      0  14801   2790  15724      4      0 
 03:35:22       0    283     73      -    100      1      0      0      0      0  14801   2805  15748      4      0 
 03:35:27       0    293     73      -    100      1      0      0      0      0  14801   2790  15748      4      0 
 03:35:32       0    281     73      -    100      1      0      0      0      0  14801   2790  15748      4      0 
 03:35:37       0    292     73      -    100      1      0      0      0      0  14801   2790  15748      4      0 
 03:35:42       0    284     73      -    100      1      0      0      0      0  14801   2790  15748      4      0 
 03:35:47       0    282     73      -    100     36      0      0      0      0  14801   2790  15748      4      0 
 03:35:52       0    293     73      -    100      1      0      0      0      0  14801   2790  15748      4      0 
 03:35:57       0    283     73      -    100      1      0      0      0      0  14801   2812  15748      4      0 
 03:36:02       0    292     73      -    100      1      0      0      0      0  14801   2790  15748      4      0 
 03:36:07       0    281     73      -    100      1      0      0      0      0  14801   2812  15748      4      0 
 03:36:12       0    292     73      -    100      1      0      0      0      0  14801   2790  15748      4      0 
 03:36:17       0    283     73      -    100      1      0      0      0      0  14801   2790  15748      4      0 
 03:36:22       0    291     73      -    100      1      0      0      0      0  14801   2790  15748      4      0 
 03:36:27       0    284     73      -    100      1      0      0      0      0  14801   2790  15748      4      0 
 03:36:32       0    292     73      -    100      1      0      0      0      0  14801   2790  15748      4      0 
 03:36:37       0    284     73      -    100      1      0      0      0      0  14801   2805  15748      4      0 
 03:36:42       0    293     73      -    100      1      0      0      0      0  14801   2790  15748      4      0 
 03:36:47       0    284     73      -    100      1      0      0      0      0  14801   2812  15748      4      0 
 03:36:52       0    293     73      -    100      1      0      0      0      0  14801   2790  15748      4      0 
 03:36:57       0    282     70      -    100      6      0      0      0      0  14801   2790  15752      4      0 
#Time         gpu    pwr  gtemp  mtemp     sm    mem    enc    dec    jpg    ofa   mclk   pclk     fb   bar1   ccpm 
#HH:MM:SS     Idx      W      C      C      %      %      %      %      %      %    MHz    MHz     MB     MB     MB 
 03:37:02       0    284     73      -    100      1      0      0      0      0  14801   2790  15752      4      0 
 03:37:07       0    292     68      -    100      1      0      0      0      0  14801   2790  15752      4      0 
 03:37:12       0    283     73      -    100      1      0      0      0      0  14801   2790  15752      4      0 
 03:37:17       0    293     73      -    100      1      0      0      0      0  14801   2790  15752      4      0 
 03:37:22       0    210     70      -    100      9      0      0      0      0  14801   2805  15754      4      0 
 03:37:27       0    182     54      -      0      0      0      0      0      0  14801   2805  15764      4      0 
 03:37:32       0     46     49      -      0      0      0      0      0      0  14801   2610  15764      4      0 
 03:37:37       0    294     69      -    100     30      0      0      0      0  14801   2812  15764      4      0 
 03:37:42       0    294     73      -    100     27      0      0      0      0  14801   2797  15726      4      0 
 03:37:48       0    298     73      -     99     36      0      0      0      0  14801   2797  15726      4      0 
 03:37:53       0    296     70      -    100      1      0      0      0      0  14801   2805  15726      4      0 
 03:37:58       0    290     73      -    100      2      0      0      0      0  14801   2812  15746      4      0 
 03:38:03       0    292     73      -    100     12      0      0      0      0  14801   2790  15748      4      0 
 03:38:08       0    290     72      -    100     15      0      0      0      0  14801   2797  15748      4      0 
 03:38:13       0    291     70      -    100     33      0      0      0      0  14801   2790  15748      4      0 
 03:38:18       0    289     73      -    100      2      0      0      0      0  14801   2797  15748      4      0 
 03:38:23       0    288     69      -    100      7      0      0      0      0  14801   2790  15748      4      0 
 03:38:28       0    288     74      -    100      2      0      0      0      0  14801   2797  15748      4      0 
 03:38:33       0    289     73      -    100      2      0      0      0      0  14801   2790  15748      4      0 
 03:38:38       0    289     70      -    100      5      0      0      0      0  14801   2797  15748      4      0 
 03:38:43       0    289     70      -    100      2      0      0      0      0  14801   2790  15748      4      0 
 03:38:48       0    286     69      -    100      2      0      0      0      0  14801   2790  15724      4      0 
 03:38:53       0    288     74      -    100      2      0      0      0      0  14801   2805  15724      4      0 
 03:38:58       0    292     74      -    100      2      0      0      0      0  14801   2805  15724      4      0 
 03:39:03       0    287     71      -    100     15      0      0      0      0  14801   2790  15724      4      0 
 03:39:08       0    287     69      -    100     31      0      0      0      0  14801   2790  15724      4      0 
 03:39:13       0    287     74      -    100      2      0      0      0      0  14801   2790  15724      4      0 
 03:39:18       0    290     74      -    100      2      0      0      0      0  14801   2790  15724      4      0 
 03:39:23       0    288     73      -    100     21      0      0      0      0  14801   2805  15728      4      0 
 03:39:28       0    291     74      -    100      2      0      0      0      0  14801   2790  15728      4      0 
 03:39:33       0    290     74      -    100      2      0      0      0      0  14801   2790  15728      4      0 
 03:39:38       0    290     74      -    100      2      0      0      0      0  14801   2790  15728      4      0 
 03:39:43       0    290     74      -    100      2      0      0      0      0  14801   2790  15728      4      0 
 03:39:48       0    289     74      -    100      2      0      0      0      0  14801   2790  15728      4      0 
 03:39:53       0    289     74      -    100      2      0      0      0      0  14801   2790  15728      4      0 
 03:39:58       0    290     74      -    100      2      0      0      0      0  14801   2805  15728      4      0 
 03:40:03       0    290     74      -    100      2      0      0      0      0  14801   2790  15748      4      0 
 03:40:08       0    290     74      -    100      2      0      0      0      0  14801   2797  15748      4      0 
 03:40:13       0    289     74      -    100      2      0      0      0      0  14801   2790  15748      4      0 
 03:40:18       0    286     70      -    100     26      0      0      0      0  14801   2797  15748      4      0 
 03:40:23       0    290     74      -    100      2      0      0      0      0  14801   2805  15748      4      0 
 03:40:28       0    290     74      -    100      2      0      0      0      0  14801   2790  15748      4      0 
 03:40:33       0    289     74      -    100      2      0      0      0      0  14801   2790  15748      4      0 
 03:40:38       0    289     74      -    100      2      0      0      0      0  14801   2790  15748      4      0 
#Time         gpu    pwr  gtemp  mtemp     sm    mem    enc    dec    jpg    ofa   mclk   pclk     fb   bar1   ccpm 
#HH:MM:SS     Idx      W      C      C      %      %      %      %      %      %    MHz    MHz     MB     MB     MB 
 03:40:43       0    289     74      -    100      2      0      0      0      0  14801   2790  15748      4      0 
 03:40:48       0    289     74      -    100      2      0      0      0      0  14801   2790  15748      4      0 
 03:40:53       0    288     74      -    100      2      0      0      0      0  14801   2797  15748      4      0 
 03:40:58       0    289     69      -    100     26      0      0      0      0  14801   2797  15748      4      0 
 03:41:03       0    288     73      -    100      1      0      0      0      0  14801   2790  15748      4      0 
 03:41:08       0    289     74      -    100      2      0      0      0      0  14801   2790  15748      4      0 
 03:41:13       0    289     72      -    100     23      0      0      0      0  14801   2805  15748      4      0 
 03:41:18       0    289     74      -    100      1      0      0      0      0  14801   2790  15748      4      0 
 03:41:23       0    289     73      -    100     16      0      0      0      0  14801   2820  15748      4      0 
 03:41:28       0    288     73      -    100      1      0      0      0      0  14801   2790  15748      4      0 
 03:41:33       0    288     69      -    100     32      0      0      0      0  14801   2797  15748      4      0 
 03:41:38       0    288     73      -    100      1      0      0      0      0  14801   2790  15728      4      0 
 03:41:43       0    288     73      -    100      2      0      0      0      0  14801   2790  15728      4      0 
 03:41:48       0    288     70      -    100     35      0      0      0      0  14801   2805  15728      4      0 
 03:41:53       0    288     73      -    100      1      0      0      0      0  14801   2797  15728      4      0 
 03:41:58       0    289     73      -    100      1      0      0      0      0  14801   2790  15728      4      0 
 03:42:03       0    288     73      -    100      1      0      0      0      0  14801   2790  15728      4      0 
 03:42:08       0    288     73      -    100      1      0      0      0      0  14801   2790  15728      4      0 
 03:42:13       0    293     73      -    100      2      0      0      0      0  14801   2790  15728      4      0 
 03:42:18       0    288     69      -    100      1      0      0      0      0  14801   2790  15728      4      0 
 03:42:23       0    293     73      -    100      1      0      0      0      0  14801   2790  15728      4      0 
 03:42:28       0    292     73      -    100      2      0      0      0      0  14801   2790  15728      4      0 
 03:42:33       0    292     73      -    100      1      0      0      0      0  14801   2790  15728      4      0 
 03:42:38       0    287     73      -    100      2      0      0      0      0  14801   2790  15728      4      0 
 03:42:43       0    288     73      -    100      1      0      0      0      0  14801   2790  15728      4      0 
 03:42:48       0    287     73      -    100      1      0      0      0      0  14801   2790  15728      4      0 
 03:42:53       0    287     73      -    100      1      0      0      0      0  14801   2790  15728      4      0 
 03:42:58       0    287     73      -    100      3      0      0      0      0  14801   2820  15728      4      0 
 03:43:03       0    290     73      -    100      1      0      0      0      0  14801   2790  15728      4      0 
 03:43:08       0    286     73      -    100      1      0      0      0      0  14801   2790  15728      4      0 
 03:43:13       0    287     73      -    100      1      0      0      0      0  14801   2790  15728      4      0 
 03:43:18       0    286     72      -    100     23      0      0      0      0  14801   2805  15728      4      0 
 03:43:23       0    292     73      -    100      1      0      0      0      0  14801   2790  15728      4      0 
 03:43:28       0    287     73      -    100      1      0      0      0      0  14801   2790  15728      4      0 
 03:43:33       0    289     73      -    100      1      0      0      0      0  14801   2790  15728      4      0 
 03:43:38       0    286     73      -    100      1      0      0      0      0  14801   2790  15728      4      0 
 03:43:43       0    286     73      -    100     10      0      0      0      0  14801   2812  15748      4      0 
 03:43:48       0    287     73      -    100      1      0      0      0      0  14801   2790  15748      4      0 
 03:43:53       0    286     73      -    100      1      0      0      0      0  14801   2812  15748      4      0 
 03:43:58       0    286     73      -    100      1      0      0      0      0  14801   2790  15748      4      0 
 03:44:03       0    286     73      -    100      2      0      0      0      0  14801   2812  15748      4      0 
 03:44:08       0    286     73      -    100      1      0      0      0      0  14801   2790  15748      4      0 
 03:44:13       0    285     67      -    100     18      0      0      0      0  14801   2797  15748      4      0 
 03:44:18       0    286     73      -    100      1      0      0      0      0  14801   2790  15748      4      0 
#Time         gpu    pwr  gtemp  mtemp     sm    mem    enc    dec    jpg    ofa   mclk   pclk     fb   bar1   ccpm 
#HH:MM:SS     Idx      W      C      C      %      %      %      %      %      %    MHz    MHz     MB     MB     MB 
 03:44:23       0    291     73      -    100      1      0      0      0      0  14801   2790  15748      4      0 
 03:44:28       0    285     73      -    100      2      0      0      0      0  14801   2812  15748      4      0 
 03:44:33       0    285     73      -    100      1      0      0      0      0  14801   2790  15748      4      0 
 03:44:38       0    292     73      -    100      1      0      0      0      0  14801   2790  15748      4      0 
 03:44:43       0    284     71      -    100     27      0      0      0      0  14801   2812  15748      4      0 
 03:44:48       0    286     73      -    100      1      0      0      0      0  14801   2790  15748      4      0 
 03:44:53       0    286     73      -    100      1      0      0      0      0  14801   2790  15748      4      0 
 03:44:58       0    292     73      -    100      1      0      0      0      0  14801   2790  15748      4      0 
 03:45:03       0    285     70      -    100     34      0      0      0      0  14801   2805  15748      4      0 
 03:45:08       0    285     73      -    100      1      0      0      0      0  14801   2790  15748      4      0 
 03:45:13       0    285     73      -    100      1      0      0      0      0  14801   2790  15748      4      0 
 03:45:18       0    287     73      -    100      1      0      0      0      0  14801   2790  15748      4      0 
 03:45:23       0    292     73      -    100      1      0      0      0      0  14801   2790  15748      4      0 
 03:45:28       0    291     73      -    100      1      0      0      0      0  14801   2790  15748      4      0 
 03:45:33       0    284     71      -    100     29      0      0      0      0  14801   2812  15748      4      0 
 03:45:38       0    285     73      -    100      1      0      0      0      0  14801   2812  15748      4      0 
 03:45:43       0    285     73      -    100      1      0      0      0      0  14801   2790  15748      4      0 
 03:45:48       0    285     73      -    100      1      0      0      0      0  14801   2790  15748      4      0 
 03:45:53       0    286     73      -    100      1      0      0      0      0  14801   2790  15748      4      0 
 03:45:58       0    285     73      -    100      1      0      0      0      0  14801   2790  15748      4      0 
 03:46:03       0    285     73      -    100      1      0      0      0      0  14801   2790  15748      4      0 
 03:46:08       0    285     73      -    100      1      0      0      0      0  14801   2790  15726      4      0 
 03:46:13       0    285     73      -    100      1      0      0      0      0  14801   2790  15726      4      0 
 03:46:18       0    285     73      -    100      1      0      0      0      0  14801   2790  15726      4      0 
 03:46:23       0    286     73      -    100      1      0      0      0      0  14801   2790  15726      4      0 
 03:46:28       0    285     73      -    100      1      0      0      0      0  14801   2790  15726      4      0 
 03:46:33       0    285     73      -    100      1      0      0      0      0  14801   2790  15726      4      0 
 03:46:38       0    284     73      -    100      1      0      0      0      0  14801   2797  15726      4      0 
 03:46:43       0    284     73      -    100      1      0      0      0      0  14801   2797  15726      4      0 
 03:46:48       0    283     68      -    100     29      0      0      0      0  14801   2805  15726      4      0 
 03:46:53       0    287     69      -    100      1      0      0      0      0  14801   2790  15726      4      0 
 03:46:58       0    291     73      -    100      1      0      0      0      0  14801   2790  15726      4      0 
 03:47:03       0    292     73      -    100      1      0      0      0      0  14801   2790  15726      4      0 
 03:47:08       0    289     73      -    100      1      0      0      0      0  14801   2790  15726      4      0 
 03:47:13       0    284     73      -    100      1      0      0      0      0  14801   2790  15726      4      0 
 03:47:18       0    284     73      -    100      1      0      0      0      0  14801   2790  15726      4      0 
 03:47:23       0    283     71      -    100     28      0      0      0      0  14801   2812  15726      4      0 
 03:47:28       0    292     73      -    100      1      0      0      0      0  14801   2790  15686      4      0 
 03:47:33       0    291     73      -    100      1      0      0      0      0  14801   2790  15726      4      0 
 03:47:38       0    285     73      -    100      1      0      0      0      0  14801   2790  15726      4      0 
 03:47:43       0    291     73      -    100      1      0      0      0      0  14801   2790  15726      4      0 
 03:47:48       0    291     73      -    100      1      0      0      0      0  14801   2790  15726      4      0 
 03:47:53       0    291     73      -    100      1      0      0      0      0  14801   2790  15726      4      0 
 03:47:58       0    284     73      -    100      1      0      0      0      0  14801   2790  15726      4      0 
#Time         gpu    pwr  gtemp  mtemp     sm    mem    enc    dec    jpg    ofa   mclk   pclk     fb   bar1   ccpm 
#HH:MM:SS     Idx      W      C      C      %      %      %      %      %      %    MHz    MHz     MB     MB     MB 
 03:48:03       0    282     73      -    100      2      0      0      0      0  14801   2812  15726      4      0 
 03:48:08       0    291     73      -    100      1      0      0      0      0  14801   2790  15726      4      0 
 03:48:13       0    291     73      -    100      1      0      0      0      0  14801   2790  15726      4      0 
 03:48:18       0    283     73      -    100      1      0      0      0      0  14801   2790  15726      4      0 
 03:48:23       0    285     67      -    100      1      0      0      0      0  14801   2790  15726      4      0 
 03:48:28       0    292     73      -    100      1      0      0      0      0  14801   2790  15726      4      0 
 03:48:33       0    283     73      -    100      1      0      0      0      0  14801   2790  15726      4      0 
 03:48:38       0    290     73      -    100      1      0      0      0      0  14801   2790  15726      4      0 
 03:48:43       0    293     73      -    100      1      0      0      0      0  14801   2790  15726      4      0 
 03:48:48       0    283     73      -    100      1      0      0      0      0  14801   2790  15726      4      0 
 03:48:53       0    291     73      -    100      1      0      0      0      0  14801   2790  15726      4      0 
 03:48:58       0    268     73      -    100      1      0      0      0      0  14801   2790  15710      4      0 
 03:49:03       0    282     70      -    100     35      0      0      0      0  14801   2805  15750      4      0 
 03:49:08       0    291     73      -    100      1      0      0      0      0  14801   2790  15750      4      0 
 03:49:13       0    283     73      -    100      1      0      0      0      0  14801   2790  15750      4      0 
 03:49:18       0    283     72      -    100     12      0      0      0      0  14801   2820  15750      4      0 
 03:49:23       0    291     73      -    100      1      0      0      0      0  14801   2790  15750      4      0 
 03:49:28       0    283     73      -    100      1      0      0      0      0  14801   2790  15750      4      0 
 03:49:33       0    291     73      -    100      1      0      0      0      0  14801   2790  15750      4      0 
 03:49:38       0    283     73      -    100      1      0      0      0      0  14801   2790  15750      4      0 
 03:49:43       0    292     73      -    100      1      0      0      0      0  14801   2790  15750      4      0 
 03:49:48       0    283     73      -    100      1      0      0      0      0  14801   2790  15750      4      0 
 03:49:53       0    292     73      -    100      1      0      0      0      0  14801   2790  15750      4      0 
 03:49:58       0    283     73      -    100      1      0      0      0      0  14801   2790  15750      4      0 
 03:50:03       0    292     73      -    100      1      0      0      0      0  14801   2790  15750      4      0 
 03:50:08       0    282     73      -    100      1      0      0      0      0  14801   2790  15750      4      0 
 03:50:13       0    291     73      -    100      1      0      0      0      0  14801   2790  15750      4      0 
 03:50:18       0    285     73      -    100      1      0      0      0      0  14801   2790  15750      4      0 
 03:50:23       0    291     73      -    100      1      0      0      0      0  14801   2790  15750      4      0 
 03:50:28       0    284     73      -    100      1      0      0      0      0  14801   2790  15750      4      0 
 03:50:33       0    291     73      -    100      1      0      0      0      0  14801   2790  15714      4      0 
 03:50:38       0    282     73      -    100      1      0      0      0      0  14801   2820  15754      4      0 
 03:50:43       0    292     73      -    100      1      0      0      0      0  14801   2790  15754      4      0 
 03:50:48       0    291     73      -    100      1      0      0      0      0  14801   2790  15754      4      0 
 03:50:53       0    284     73      -    100      1      0      0      0      0  14801   2790  15754      4      0 
 03:50:58       0     66     55      -     42      5      0      0      0      0  14801   2850  15754      4      0 
 03:51:03       0    290     69      -    100     36      0      0      0      0  14801   2827  15764      4      0 
 03:51:08       0    189     60      -     94     67      0      0      0      0  14801   2805  15768      4      0 
 03:51:13       0    210     61      -     93     72      0      0      0      0  14801   2797  15768      4      0 
 03:51:18       0    211     61      -     94     72      0      0      0      0  14801   2797  15768      4      0 
 03:51:23       0    211     60      -     94     72      0      0      0      0  14801   2797  15768      4      0 
 03:51:28       0    211     60      -     93     72      0      0      0      0  14801   2797  15768      4      0 
 03:51:33       0    211     60      -     94     73      0      0      0      0  14801   2797  15768      4      0 
 03:51:38       0    211     60      -     94     72      0      0      0      0  14801   2797  15768      4      0 
#Time         gpu    pwr  gtemp  mtemp     sm    mem    enc    dec    jpg    ofa   mclk   pclk     fb   bar1   ccpm 
#HH:MM:SS     Idx      W      C      C      %      %      %      %      %      %    MHz    MHz     MB     MB     MB 
 03:51:43       0    212     60      -     94     73      0      0      0      0  14801   2797  15768      4      0 
 03:51:48       0    212     60      -     94     73      0      0      0      0  14801   2797  15768      4      0 
 03:51:53       0    212     60      -     94     73      0      0      0      0  14801   2797  15768      4      0 
 03:51:58       0    212     60      -     94     73      0      0      0      0  14801   2797  15768      4      0 
 03:52:03       0    212     61      -     94     73      0      0      0      0  14801   2797  15768      4      0 
 03:52:08       0    212     60      -     94     73      0      0      0      0  14801   2797  15768      4      0 
 03:52:13       0    211     60      -     94     73      0      0      0      0  14801   2797  15768      4      0 
 03:52:18       0    211     60      -     94     72      0      0      0      0  14801   2797  15768      4      0 
 03:52:23       0    211     60      -     94     73      0      0      0      0  14801   2797  15768      4      0 
 03:52:28       0    211     61      -     94     73      0      0      0      0  14801   2797  15768      4      0 
 03:52:33       0    211     61      -     94     73      0      0      0      0  14801   2797  15768      4      0 
 03:52:38       0    211     61      -     94     72      0      0      0      0  14801   2797  15768      4      0 
 03:52:43       0    211     61      -     94     73      0      0      0      0  14801   2797  15768      4      0 
 03:52:48       0    212     61      -     94     73      0      0      0      0  14801   2797  15768      4      0 
 03:52:53       0    212     61      -     94     73      0      0      0      0  14801   2797  15768      4      0 
 03:52:58       0    212     61      -     94     73      0      0      0      0  14801   2797  15768      4      0 
 03:53:03       0    212     61      -     94     73      0      0      0      0  14801   2797  15768      4      0 
 03:53:08       0    212     61      -     94     73      0      0      0      0  14801   2797  15768      4      0 
 03:53:13       0    212     61      -     94     73      0      0      0      0  14801   2797  15768      4      0 
 03:53:18       0    212     61      -     94     73      0      0      0      0  14801   2797  15768      4      0 
 03:53:23       0    212     61      -     94     73      0      0      0      0  14801   2797  15768      4      0 
 03:53:28       0    212     61      -     94     73      0      0      0      0  14801   2797  15768      4      0 
 03:53:33       0    212     61      -     94     73      0      0      0      0  14801   2797  15768      4      0 
 03:53:38       0    212     61      -     94     73      0      0      0      0  14801   2797  15768      4      0 
 03:53:43       0    212     61      -     94     73      0      0      0      0  14801   2797  15768      4      0 
 03:53:48       0    212     61      -     94     73      0      0      0      0  14801   2797  15768      4      0 
 03:53:53       0    212     61      -     94     73      0      0      0      0  14801   2797  15768      4      0 
 03:53:58       0    212     61      -     94     73      0      0      0      0  14801   2797  15768      4      0 
 03:54:03       0    212     61      -     94     73      0      0      0      0  14801   2797  15768      4      0 
 03:54:08       0    213     61      -     94     73      0      0      0      0  14801   2797  15768      4      0 
 03:54:13       0    213     61      -     94     73      0      0      0      0  14801   2797  15768      4      0 
 03:54:18       0    213     61      -     94     73      0      0      0      0  14801   2797  15768      4      0 
 03:54:23       0    213     61      -     94     73      0      0      0      0  14801   2797  15768      4      0 
 03:54:29       0    213     61      -     94     73      0      0      0      0  14801   2797  15768      4      0 
 03:54:34       0    213     61      -     94     73      0      0      0      0  14801   2797  15768      4      0 
 03:54:39       0    214     61      -     94     73      0      0      0      0  14801   2797  15768      4      0 
 03:54:44       0    213     61      -     94     73      0      0      0      0  14801   2797  15768      4      0 
 03:54:49       0    213     61      -     94     73      0      0      0      0  14801   2797  15768      4      0 
 03:54:54       0    213     61      -     94     73      0      0      0      0  14801   2797  15768      4      0 
 03:54:59       0    212     61      -     94     73      0      0      0      0  14801   2797  15768      4      0 
 03:55:04       0    213     61      -     94     73      0      0      0      0  14801   2797  15768      4      0 
 03:55:09       0    213     61      -     94     73      0      0      0      0  14801   2782  15062      4      0 
 03:55:14       0    213     62      -     94     73      0      0      0      0  14801   2782  15062      4      0 
 03:55:19       0    213     61      -     94     73      0      0      0      0  14801   2782  15062      4      0 
#Time         gpu    pwr  gtemp  mtemp     sm    mem    enc    dec    jpg    ofa   mclk   pclk     fb   bar1   ccpm 
#HH:MM:SS     Idx      W      C      C      %      %      %      %      %      %    MHz    MHz     MB     MB     MB 
 03:55:24       0    214     62      -     94     73      0      0      0      0  14801   2782  15062      4      0 
 03:55:29       0    214     62      -     94     73      0      0      0      0  14801   2782  15062      4      0 
 03:55:34       0    214     62      -     94     73      0      0      0      0  14801   2790  15062      4      0 
 03:55:39       0    214     62      -     95     74      0      0      0      0  14801   2790  15062      4      0 
 03:55:44       0    215     62      -     95     74      0      0      0      0  14801   2790  15062      4      0 
 03:55:49       0    214     62      -     95     74      0      0      0      0  14801   2790  15062      4      0 
 03:55:54       0    214     62      -     94     74      0      0      0      0  14801   2782  15062      4      0 
 03:55:59       0    214     62      -     94     73      0      0      0      0  14801   2782  15062      4      0 
 03:56:04       0    214     62      -     94     74      0      0      0      0  14801   2782  15062      4      0 
 03:56:09       0    214     62      -     94     73      0      0      0      0  14801   2782  15062      4      0 
 03:56:14       0    214     62      -     94     73      0      0      0      0  14801   2782  15062      4      0 
 03:56:19       0    214     62      -     94     73      0      0      0      0  14801   2782  15062      4      0 
 03:56:24       0    214     62      -     94     73      0      0      0      0  14801   2782  15062      4      0 
 03:56:29       0    214     62      -     94     74      0      0      0      0  14801   2782  15062      4      0 
 03:56:34       0    214     62      -     94     73      0      0      0      0  14801   2782  15062      4      0 
 03:56:39       0    215     62      -     94     74      0      0      0      0  14801   2790  15062      4      0 
 03:56:44       0    215     62      -     94     74      0      0      0      0  14801   2790  15062      4      0 
 03:56:49       0    215     62      -     94     74      0      0      0      0  14801   2790  15062      4      0 
 03:56:54       0    161     57      -     99     20      0      0      0      0  14801   2850  15066      4      0 
 03:56:59       0    135     57      -     96     45      0      0      0      0  14801   2812  15066      4      0 
 03:57:04       0    163     56      -     97     30      0      0      0      0  14801   2820  15066      4      0 
 03:57:09       0    148     56      -     96     42      0      0      0      0  14801   2820  15066      4      0 
 03:57:14       0    293     70      -    100     22      0      0      0      0  14801   2827  15726      4      0 
 03:57:19       0    295     69      -    100     16      0      0      0      0  14801   2805  15726      4      0 
 03:57:24       0    295     74      -    100     34      0      0      0      0  14801   2805  15726      4      0 
 03:57:29       0    296     73      -     98     34      0      0      0      0  14801   2805  15726      4      0 
 03:57:34       0    295     70      -    100     27      0      0      0      0  14801   2820  15726      4      0 
 03:57:39       0    297     73      -    100     22      0      0      0      0  14801   2790  15726      4      0 
 03:57:44       0    298     72      -    100      3      0      0      0      0  14801   2797  15726      4      0 
 03:57:49       0    294     70      -    100      1      0      0      0      0  14801   2797  15726      4      0 
 03:57:54       0    295     73      -    100     23      0      0      0      0  14801   2805  15724      4      0 
 03:57:59       0    296     69      -    100      9      0      0      0      0  14801   2797  15724      4      0 
 03:58:04       0    297     72      -    100     26      0      0      0      0  14801   2797  15726      4      0 
 03:58:09       0    291     75      -    100     16      0      0      0      0  14801   2797  15726      4      0 
 03:58:14       0    217     62      -     94     74      0      0      0      0  14801   2790  15726      4      0 
 03:58:19       0    217     62      -     94     74      0      0      0      0  14801   2790  15726      4      0 
 03:58:24       0    217     61      -     94     74      0      0      0      0  14801   2790  15726      4      0 
 03:58:29       0    217     61      -     94     74      0      0      0      0  14801   2790  15726      4      0 
 03:58:34       0    216     61      -     94     74      0      0      0      0  14801   2790  15726      4      0 
 03:58:39       0    216     61      -     94     74      0      0      0      0  14801   2790  15726      4      0 
 03:58:44       0    217     61      -     94     74      0      0      0      0  14801   2790  15726      4      0 
 03:58:49       0    216     61      -     94     74      0      0      0      0  14801   2790  15726      4      0 
 03:58:54       0    216     61      -     94     74      0      0      0      0  14801   2790  15726      4      0 
 03:58:59       0    216     61      -     94     74      0      0      0      0  14801   2790  15726      4      0 
#Time         gpu    pwr  gtemp  mtemp     sm    mem    enc    dec    jpg    ofa   mclk   pclk     fb   bar1   ccpm 
#HH:MM:SS     Idx      W      C      C      %      %      %      %      %      %    MHz    MHz     MB     MB     MB 
 03:59:04       0    215     60      -     94     74      0      0      0      0  14801   2790  15726      4      0 
 03:59:09       0    215     60      -     94     74      0      0      0      0  14801   2790  15726      4      0 
 03:59:14       0    215     60      -     94     74      0      0      0      0  14801   2790  15726      4      0 
 03:59:19       0    215     60      -     94     74      0      0      0      0  14801   2790  15726      4      0 
 03:59:24       0    215     60      -     94     74      0      0      0      0  14801   2790  15726      4      0 
 03:59:29       0    215     60      -     94     75      0      0      0      0  14801   2790  15726      4      0 
 03:59:34       0    215     60      -     94     75      0      0      0      0  14801   2790  15726      4      0 
 03:59:39       0    215     60      -     94     74      0      0      0      0  14801   2790  15726      4      0 
 03:59:44       0    215     60      -     94     74      0      0      0      0  14801   2790  15726      4      0 
 03:59:49       0    216     60      -     94     75      0      0      0      0  14801   2790  15726      4      0 
 03:59:54       0    215     61      -     94     75      0      0      0      0  14801   2790  15726      4      0 
 03:59:59       0    216     61      -     94     74      0      0      0      0  14801   2797  15084      4      0 
 04:00:04       0    216     61      -     95     75      0      0      0      0  14801   2805  15084      4      0 
 04:00:09       0    216     61      -     94     75      0      0      0      0  14801   2805  15084      4      0 
 04:00:14       0    217     61      -     94     75      0      0      0      0  14801   2805  15084      4      0 
 04:00:19       0    217     61      -     94     75      0      0      0      0  14801   2797  15084      4      0 
 04:00:24       0    216     61      -     94     75      0      0      0      0  14801   2797  15084      4      0 
 04:00:29       0    216     61      -     94     74      0      0      0      0  14801   2797  15084      4      0 
 04:00:34       0    216     61      -     94     74      0      0      0      0  14801   2797  15084      4      0 
 04:00:39       0    216     61      -     94     74      0      0      0      0  14801   2790  15084      4      0 
 04:00:44       0    216     61      -     94     74      0      0      0      0  14801   2790  15084      4      0 
 04:00:49       0    216     61      -     94     75      0      0      0      0  14801   2790  15084      4      0 
 04:00:54       0    216     61      -     94     74      0      0      0      0  14801   2790  15084      4      0 
 04:00:59       0    216     61      -     94     74      0      0      0      0  14801   2790  15084      4      0 
 04:01:04       0    216     61      -     94     75      0      0      0      0  14801   2790  15084      4      0 
 04:01:09       0    217     61      -     94     75      0      0      0      0  14801   2790  15084      4      0 
 04:01:14       0    216     61      -     95     75      0      0      0      0  14801   2790  15084      4      0 
 04:01:19       0    217     61      -     94     75      0      0      0      0  14801   2790  15084      4      0 
 04:01:24       0    217     61      -     95     75      0      0      0      0  14801   2790  15084      4      0 
 04:01:29       0    217     61      -     95     75      0      0      0      0  14801   2790  15084      4      0 
 04:01:34       0    217     61      -     94     75      0      0      0      0  14801   2790  15084      4      0 
 04:01:39       0    218     61      -     94     75      0      0      0      0  14801   2790  15084      4      0 
 04:01:44       0    217     61      -     94     75      0      0      0      0  14801   2790  15084      4      0 
 04:01:49       0    217     61      -     94     75      0      0      0      0  14801   2790  15084      4      0 
 04:01:54       0    217     61      -     94     75      0      0      0      0  14801   2790  15084      4      0 
 04:01:59       0    217     61      -     94     75      0      0      0      0  14801   2790  15084      4      0 
 04:02:04       0    217     61      -     94     75      0      0      0      0  14801   2790  15084      4      0 
 04:02:09       0    216     61      -     94     75      0      0      0      0  14801   2790  15084      4      0 
 04:02:14       0    216     61      -     94     75      0      0      0      0  14801   2790  15084      4      0 
 04:02:19       0    217     61      -     94     75      0      0      0      0  14801   2790  15084      4      0 
 04:02:24       0    217     62      -     94     75      0      0      0      0  14801   2790  15084      4      0 
 04:02:29       0    217     62      -     94     75      0      0      0      0  14801   2790  15084      4      0 
 04:02:34       0    217     62      -     94     75      0      0      0      0  14801   2790  15084      4      0 
 04:02:39       0    218     62      -     94     75      0      0      0      0  14801   2790  15084      4      0 
#Time         gpu    pwr  gtemp  mtemp     sm    mem    enc    dec    jpg    ofa   mclk   pclk     fb   bar1   ccpm 
#HH:MM:SS     Idx      W      C      C      %      %      %      %      %      %    MHz    MHz     MB     MB     MB 
 04:02:44       0    217     62      -     95     75      0      0      0      0  14801   2790  15084      4      0 
 04:02:49       0    218     62      -     95     75      0      0      0      0  14801   2790  15084      4      0 
 04:02:54       0    218     62      -     95     75      0      0      0      0  14801   2790  15084      4      0 
 04:02:59       0    218     62      -     94     75      0      0      0      0  14801   2790  15084      4      0 
 04:03:04       0    219     62      -     95     75      0      0      0      0  14801   2790  15084      4      0 
 04:03:09       0    218     62      -     95     75      0      0      0      0  14801   2790  15084      4      0 
 04:03:14       0    218     62      -     95     75      0      0      0      0  14801   2790  15084      4      0 
 04:03:19       0    218     62      -     95     75      0      0      0      0  14801   2790  15084      4      0 
 04:03:24       0    218     62      -     95     75      0      0      0      0  14801   2790  15084      4      0 
 04:03:29       0    218     62      -     94     75      0      0      0      0  14801   2790  15084      4      0 
 04:03:34       0    218     62      -     94     75      0      0      0      0  14801   2790  15084      4      0 
 04:03:39       0    218     62      -     94     75      0      0      0      0  14801   2790  15084      4      0 
 04:03:44       0    218     62      -     94     75      0      0      0      0  14801   2790  15084      4      0 
 04:03:49       0    218     62      -     94     75      0      0      0      0  14801   2790  15084      4      0 
 04:03:54       0    218     62      -     94     75      0      0      0      0  14801   2790  15084      4      0 
 04:03:59       0    218     62      -     94     75      0      0      0      0  14801   2790  15084      4      0 
 04:04:04       0    218     62      -     95     75      0      0      0      0  14801   2790  15084      4      0 
 04:04:09       0    219     62      -     95     75      0      0      0      0  14801   2790  15084      4      0 
 04:04:14       0    219     62      -     95     75      0      0      0      0  14801   2790  15084      4      0 
 04:04:19       0    219     62      -     95     75      0      0      0      0  14801   2790  15084      4      0 
 04:04:24       0    219     62      -     95     75      0      0      0      0  14801   2790  15084      4      0 
 04:04:29       0    294     69      -    100     29      0      0      0      0  14801   2820  15726      4      0 
 04:04:34       0    294     74      -    100      8      0      0      0      0  14801   2812  15726      4      0 
 04:04:39       0    296     75      -    100      0      0      0      0      0  14801   2797  15726      4      0 
 04:04:44       0    297     72      -    100     15      0      0      0      0  14801   2797  15726      4      0 
 04:04:49       0     93     56      -     31     11      0      0      0      0  14801   2850  15726      4      0 
 04:04:54       0    296     73      -    100     16      0      0      0      0  14801   2805  15726      4      0 
 04:04:59       0    297     72      -    100     13      0      0      0      0  14801   2797  15726      4      0 
 04:05:04       0    299     72      -    100     10      0      0      0      0  14801   2797  15726      4      0 
 04:05:09       0    138     58      -     97     36      0      0      0      0  14801   2827  15726      4      0 
 04:05:14       0    155     59      -     96     52      0      0      0      0  14801   2820  15726      4      0 
 04:05:19       0    173     59      -     96     53      0      0      0      0  14801   2812  15726      4      0 
 04:05:24       0    146     57      -     97     44      0      0      0      0  14801   2820  15726      4      0 
 04:05:29       0    188     59      -     94     74      0      0      0      0  14801   2805  15726      4      0 
 04:05:34       0    215     60      -     94     74      0      0      0      0  14801   2797  15726      4      0 
 04:05:39       0    215     60      -     94     74      0      0      0      0  14801   2797  15726      4      0 
 04:05:44       0    215     61      -     94     74      0      0      0      0  14801   2797  15726      4      0 
 04:05:49       0    215     61      -     94     74      0      0      0      0  14801   2797  15726      4      0 
 04:05:54       0    215     61      -     94     74      0      0      0      0  14801   2797  15726      4      0 
 04:05:59       0    215     61      -     94     74      0      0      0      0  14801   2797  15726      4      0 
 04:06:04       0    216     61      -     94     74      0      0      0      0  14801   2797  15726      4      0 
 04:06:09       0    215     61      -     94     74      0      0      0      0  14801   2797  15726      4      0 
 04:06:14       0    215     61      -     94     74      0      0      0      0  14801   2797  15726      4      0 
 04:06:19       0    215     61      -     94     74      0      0      0      0  14801   2797  15726      4      0 
#Time         gpu    pwr  gtemp  mtemp     sm    mem    enc    dec    jpg    ofa   mclk   pclk     fb   bar1   ccpm 
#HH:MM:SS     Idx      W      C      C      %      %      %      %      %      %    MHz    MHz     MB     MB     MB 
 04:06:24       0    215     61      -     94     74      0      0      0      0  14801   2797  15726      4      0 
 04:06:29       0    215     61      -     94     74      0      0      0      0  14801   2797  15726      4      0 
 04:06:34       0    215     61      -     94     74      0      0      0      0  14801   2797  15726      4      0 
 04:06:39       0    215     61      -     94     74      0      0      0      0  14801   2797  15726      4      0 
 04:06:44       0    215     61      -     94     74      0      0      0      0  14801   2797  15726      4      0 
 04:06:49       0    216     61      -     94     75      0      0      0      0  14801   2797  15726      4      0 
 04:06:54       0    216     61      -     94     74      0      0      0      0  14801   2797  15726      4      0 
 04:06:59       0    216     61      -     94     74      0      0      0      0  14801   2797  15726      4      0 
 04:07:04       0    216     61      -     94     75      0      0      0      0  14801   2790  15084      4      0 
 04:07:09       0    216     61      -     94     74      0      0      0      0  14801   2790  15084      4      0 
 04:07:14       0    216     62      -     95     75      0      0      0      0  14801   2790  15084      4      0 
 04:07:19       0    216     62      -     94     75      0      0      0      0  14801   2790  15084      4      0 
 04:07:24       0    217     62      -     94     75      0      0      0      0  14801   2790  15084      4      0 
 04:07:29       0    216     62      -     94     75      0      0      0      0  14801   2790  15084      4      0 
 04:07:34       0    216     62      -     94     74      0      0      0      0  14801   2790  15084      4      0 
 04:07:39       0    217     62      -     94     74      0      0      0      0  14801   2790  15084      4      0 
 04:07:44       0    216     62      -     94     74      0      0      0      0  14801   2790  15084      4      0 
 04:07:49       0    217     62      -     94     74      0      0      0      0  14801   2790  15084      4      0 
 04:07:54       0    217     62      -     94     74      0      0      0      0  14801   2790  15084      4      0 
 04:07:59       0    216     62      -     94     74      0      0      0      0  14801   2790  15084      4      0 
 04:08:04       0    216     62      -     94     74      0      0      0      0  14801   2790  15084      4      0 
 04:08:09       0    216     62      -     94     75      0      0      0      0  14801   2790  15084      4      0 
 04:08:14       0    217     62      -     94     75      0      0      0      0  14801   2790  15084      4      0 
 04:08:19       0    217     62      -     94     75      0      0      0      0  14801   2790  15084      4      0 
 04:08:24       0    216     62      -     95     75      0      0      0      0  14801   2790  15084      4      0 
 04:08:29       0    217     62      -     94     75      0      0      0      0  14801   2790  15084      4      0 
 04:08:34       0    217     62      -     94     75      0      0      0      0  14801   2790  15084      4      0 
 04:08:39       0    217     62      -     94     75      0      0      0      0  14801   2790  15084      4      0 
 04:08:44       0    217     62      -     94     75      0      0      0      0  14801   2790  15084      4      0 
 04:08:49       0    218     62      -     95     75      0      0      0      0  14801   2790  15084      4      0 
 04:08:54       0    218     62      -     95     75      0      0      0      0  14801   2790  15084      4      0 
 04:08:59       0    218     62      -     94     75      0      0      0      0  14801   2790  15084      4      0 
 04:09:04       0    217     62      -     94     75      0      0      0      0  14801   2790  15084      4      0 
 04:09:09       0    217     62      -     94     75      0      0      0      0  14801   2790  15084      4      0 
 04:09:14       0    217     62      -     94     75      0      0      0      0  14801   2790  15084      4      0 
 04:09:19       0    218     62      -     94     75      0      0      0      0  14801   2790  15084      4      0 
 04:09:24       0    218     62      -     94     75      0      0      0      0  14801   2790  15084      4      0 
 04:09:29       0    218     62      -     94     75      0      0      0      0  14801   2790  15084      4      0 
 04:09:34       0    218     62      -     94     75      0      0      0      0  14801   2790  15084      4      0 
 04:09:39       0    218     62      -     94     75      0      0      0      0  14801   2790  15084      4      0 
 04:09:45       0    218     62      -     94     75      0      0      0      0  14801   2790  15084      4      0 
 04:09:50       0    218     62      -     94     75      0      0      0      0  14801   2790  15084      4      0 
 04:09:55       0    218     62      -     94     75      0      0      0      0  14801   2790  15084      4      0 
 04:10:00       0    218     62      -     95     75      0      0      0      0  14801   2790  15084      4      0 
#Time         gpu    pwr  gtemp  mtemp     sm    mem    enc    dec    jpg    ofa   mclk   pclk     fb   bar1   ccpm 
#HH:MM:SS     Idx      W      C      C      %      %      %      %      %      %    MHz    MHz     MB     MB     MB 
 04:10:05       0    218     62      -     94     75      0      0      0      0  14801   2790  15084      4      0 
 04:10:10       0    218     62      -     95     75      0      0      0      0  14801   2790  15084      4      0 
 04:10:15       0    218     62      -     94     75      0      0      0      0  14801   2790  15084      4      0 
 04:10:20       0    218     62      -     95     75      0      0      0      0  14801   2790  15084      4      0 
 04:10:25       0    218     62      -     95     75      0      0      0      0  14801   2790  15084      4      0 
 04:10:30       0    218     62      -     95     75      0      0      0      0  14801   2790  15084      4      0 
 04:10:35       0    218     62      -     94     75      0      0      0      0  14801   2790  15084      4      0 
 04:10:40       0    218     62      -     94     75      0      0      0      0  14801   2790  15084      4      0 
 04:10:45       0    218     62      -     94     75      0      0      0      0  14801   2790  15084      4      0 
 04:10:50       0    218     62      -     94     75      0      0      0      0  14801   2790  15084      4      0 
 04:10:55       0    218     62      -     94     75      0      0      0      0  14801   2790  15084      4      0 
 04:11:00       0    218     62      -     94     75      0      0      0      0  14801   2790  15084      4      0 
 04:11:05       0    218     62      -     94     75      0      0      0      0  14801   2790  15084      4      0 
 04:11:10       0    218     62      -     94     75      0      0      0      0  14801   2790  15084      4      0 
 04:11:15       0    218     62      -     94     75      0      0      0      0  14801   2790  15084      4      0 
 04:11:20       0    218     62      -     95     75      0      0      0      0  14801   2790  15084      4      0 
 04:11:25       0    219     62      -     95     75      0      0      0      0  14801   2790  15084      4      0 
 04:11:30       0    219     62      -     95     75      0      0      0      0  14801   2790  15084      4      0 
 04:11:35       0    240     69      -    100     38      0      0      0      0  14801   2820  15726      4      0 
 04:11:40       0    294     70      -    100      8      0      0      0      0  14801   2797  15726      4      0 
 04:11:45       0    298     75      -    100     16      0      0      0      0  14801   2805  15726      4      0 
 04:11:50       0    297     75      -    100     25      0      0      0      0  14801   2805  15726      4      0 
 04:11:55       0    154     59      -     96     44      0      0      0      0  14801   2812  15726      4      0 
 04:12:00       0    295     73      -    100     31      0      0      0      0  14801   2820  15724      4      0 
 04:12:05       0    294     74      -     90     33      0      0      0      0  14801   2805  15726      4      0 
 04:12:10       0    297     74      -    100     16      0      0      0      0  14801   2812  15726      4      0 
 04:12:15       0    266     61      -     96     51      0      0      0      0  14801   2805  15726      4      0 
 04:12:20       0    151     58      -     97     43      0      0      0      0  14801   2820  15726      4      0 
 04:12:25       0    157     57      -     96     50      0      0      0      0  14801   2820  15726      4      0 
 04:12:30       0    159     57      -     96     48      0      0      0      0  14801   2820  15726      4      0 
 04:12:35       0    143     55      -     98     28      0      0      0      0  14801   2820  15726      4      0 
 04:12:40       0    143     56      -     96     46      0      0      0      0  14801   2820  15726      4      0 
 04:12:45       0    110     50      -      0      0      0      0      0      0  14801   2857  15724      4      0 
 04:12:50       0    293     68      -    100     12      0      0      0      0  14801   2812  15724      4      0 
 04:12:55       0    293     69      -    100      5      0      0      0      0  14801   2797  15726      4      0 
 04:13:00       0    298     67      -    100      4      0      0      0      0  14801   2797  15726      4      0 
 04:13:05       0    220     67      -    100     34      0      0      0      0  14801   2820  15724      4      0 
 04:13:10       0    295     70      -    100     24      0      0      0      0  14801   2805  15724      4      0 
 04:13:15       0    296     72      -    100     23      0      0      0      0  14801   2805  15724      4      0 
 04:13:20       0    296     74      -    100     33      0      0      0      0  14801   2805  15726      4      0 
 04:13:25       0    295     74      -    100     18      0      0      0      0  14801   2805  15726      4      0 
 04:13:30       0    294     70      -    100     36      0      0      0      0  14801   2812  15724      4      0 
 04:13:35       0    296     70      -    100      4      0      0      0      0  14801   2805  15724      4      0 
 04:13:40       0    295     74      -    100     31      0      0      0      0  14801   2805  15726      4      0 
#Time         gpu    pwr  gtemp  mtemp     sm    mem    enc    dec    jpg    ofa   mclk   pclk     fb   bar1   ccpm 
#HH:MM:SS     Idx      W      C      C      %      %      %      %      %      %    MHz    MHz     MB     MB     MB 
 04:13:45       0    298     74      -     99     35      0      0      0      0  14801   2797  15726      4      0 
 04:13:50       0    292     71      -    100      1      0      0      0      0  14801   2805  15726      4      0 
 04:13:55       0    292     73      -    100      2      0      0      0      0  14801   2805  15748      4      0 
 04:14:00       0    291     74      -    100      2      0      0      0      0  14801   2805  15748      4      0 
 04:14:05       0    291     74      -    100      2      0      0      0      0  14801   2797  15748      4      0 
 04:14:10       0    290     71      -    100      2      0      0      0      0  14801   2797  15748      4      0 
 04:14:15       0    289     71      -    100      2      0      0      0      0  14801   2797  15748      4      0 
 04:14:20       0    290     73      -    100     25      0      0      0      0  14801   2790  15748      4      0 
 04:14:25       0     57     54      -      0      0      0      0      0      0  14801   2850  15726      4      0 
 04:14:30       0     47     50      -      0      0      0      0      0      0  14801   2610      4      2      0 
