#Time         gpu    pwr  gtemp  mtemp     sm    mem    enc    dec    jpg    ofa   mclk   pclk     fb   bar1   ccpm 
#HH:MM:SS     Idx      W      C      C      %      %      %      %      %      %    MHz    MHz     MB     MB     MB 
 02:57:33       0     61     42      -    100      0      0      0      0      0  15001   2872      2      1      0 
 02:57:38       0     61     42      -    100      0      0      0      0      0  15001   2872      2      1      0 
 02:57:43       0     61     42      -    100      0      0      0      0      0  15001   2872      2      1      0 
 02:57:48       0     47     40      -     14      1      0      0      0      0  14801   2685   2554      4      0 
 02:57:53       0     45     40      -      0      0      0      0      0      0  14801   2610   2678      4      0 
 02:57:58       0     45     40      -      0      0      0      0      0      0  14801   2610   2694      4      0 
 02:58:03       0     45     40      -      0      0      0      0      0      0  14801   2610   2694      4      0 
 02:58:08       0     12     38      -      0      0      0      0      0      0    405    180   2694      4      0 
 02:58:13       0     11     38      -      0      0      0      0      0      0    405    180   2694      4      0 
 02:58:18       0     44     40      -      0      0      0      0      0      0  14801   2610   4936      4      0 
 02:58:23       0     44     40      -      0      0      0      0      0      0  14801   2610   4946      4      0 
 02:58:28       0    190     59      -    100     36      0      0      0      0  14801   2842   5632      4      0 
 02:58:33       0     44     41      -      0      0      0      0      0      0  14801   2610  15112      4      0 
 02:58:38       0     75     54      -    100     35      0      0      0      0  14801   2850  15756      4      0 
 02:58:43       0     44     41      -      0      0      0      0      0      0  14801   2610  15756      4      0 
 02:58:48       0     44     41      -      0      0      0      0      0      0  14801   2610  15756      4      0 
 02:58:53       0     44     41      -      0      0      0      0      0      0  14801   2610  15756      4      0 
 02:58:58       0     14     40      -      0      0      0      0      0      0    810    210  15756      4      0 
 02:59:03       0    278     62      -    100     31      0      0      0      0  14801   2835  15778      4      0 
 02:59:08       0    225     55      -    100     40      0      0      0      0  14801   2827  15780      4      0 
 02:59:13       0    301     67      -    100     28      0      0      0      0  14801   2820  15780      4      0 
 02:59:18       0    295     66      -    100     12      0      0      0      0  14801   2812  15738      4      0 
 02:59:23       0    305     68      -    100     25      0      0      0      0  14801   2820  15736      4      0 
 02:59:28       0    307     69      -    100     32      0      0      0      0  14801   2812  15736      4      0 
 02:59:33       0    303     71      -    100     25      0      0      0      0  14801   2820  15736      4      0 
 02:59:38       0    184     67      -    100     40      0      0      0      0  14801   2835  15736      4      0 
 02:59:43       0     88     50      -      0      0      0      0      0      0  14801   2857  15738      4      0 
 02:59:48       0    217     59      -     96     75      0      0      0      0  14801   2805  15738      4      0 
 02:59:53       0    220     60      -     95     76      0      0      0      0  14801   2805  15738      4      0 
 02:59:58       0    221     60      -     95     77      0      0      0      0  14801   2805  15738      4      0 
 03:00:03       0    222     61      -     96     77      0      0      0      0  14801   2805  15738      4      0 
 03:00:08       0    222     61      -     96     77      0      0      0      0  14801   2805  15738      4      0 
 03:00:13       0    222     61      -     95     77      0      0      0      0  14801   2790  15738      4      0 
 03:00:18       0    222     62      -     95     77      0      0      0      0  14801   2790  15738      4      0 
 03:00:23       0    222     62      -     96     77      0      0      0      0  14801   2790  15738      4      0 
 03:00:28       0    223     62      -     96     77      0      0      0      0  14801   2790  15738      4      0 
 03:00:33       0    223     62      -     96     77      0      0      0      0  14801   2790  15738      4      0 
 03:00:38       0    223     62      -     95     77      0      0      0      0  14801   2790  15738      4      0 
 03:00:43       0    223     63      -     95     77      0      0      0      0  14801   2790  15738      4      0 
 03:00:48       0    223     63      -     95     77      0      0      0      0  14801   2790  15738      4      0 
 03:00:53       0    224     63      -     96     77      0      0      0      0  14801   2790  15738      4      0 
 03:00:58       0    224     63      -     96     77      0      0      0      0  14801   2790  15738      4      0 
 03:01:03       0    224     63      -     95     77      0      0      0      0  14801   2790  15738      4      0 
 03:01:08       0    224     63      -     95     77      0      0      0      0  14801   2790  15738      4      0 
#Time         gpu    pwr  gtemp  mtemp     sm    mem    enc    dec    jpg    ofa   mclk   pclk     fb   bar1   ccpm 
#HH:MM:SS     Idx      W      C      C      %      %      %      %      %      %    MHz    MHz     MB     MB     MB 
 03:01:13       0    224     63      -     96     77      0      0      0      0  14801   2790  15738      4      0 
 03:01:18       0    224     63      -     96     77      0      0      0      0  14801   2790  15738      4      0 
 03:01:23       0    224     63      -     96     77      0      0      0      0  14801   2790  15738      4      0 
 03:01:28       0    225     63      -     96     77      0      0      0      0  14801   2790  15738      4      0 
 03:01:33       0    224     63      -     96     77      0      0      0      0  14801   2790  15738      4      0 
 03:01:38       0    224     63      -     96     77      0      0      0      0  14801   2790  15738      4      0 
 03:01:43       0    225     64      -     96     77      0      0      0      0  14801   2790  15738      4      0 
 03:01:48       0    225     64      -     96     77      0      0      0      0  14801   2790  15738      4      0 
 03:01:53       0    225     64      -     96     77      0      0      0      0  14801   2790  15738      4      0 
 03:01:58       0    225     64      -     96     77      0      0      0      0  14801   2790  15738      4      0 
 03:02:03       0    225     64      -     96     77      0      0      0      0  14801   2790  15738      4      0 
 03:02:08       0    225     64      -     95     77      0      0      0      0  14801   2790  15738      4      0 
 03:02:13       0    225     64      -     96     77      0      0      0      0  14801   2790  15738      4      0 
 03:02:18       0    225     64      -     96     77      0      0      0      0  14801   2790  15738      4      0 
 03:02:23       0    225     64      -     96     77      0      0      0      0  14801   2790  15738      4      0 
 03:02:28       0    225     64      -     95     77      0      0      0      0  14801   2790  15738      4      0 
 03:02:33       0    226     64      -     96     77      0      0      0      0  14801   2790  15738      4      0 
 03:02:38       0    226     64      -     96     77      0      0      0      0  14801   2790  15738      4      0 
 03:02:43       0    226     64      -     96     77      0      0      0      0  14801   2790  15738      4      0 
 03:02:48       0    226     64      -     96     78      0      0      0      0  14801   2790  15738      4      0 
 03:02:53       0    225     64      -     96     77      0      0      0      0  14801   2790  15738      4      0 
 03:02:58       0    226     64      -     96     77      0      0      0      0  14801   2790  15738      4      0 
 03:03:03       0    225     64      -     96     78      0      0      0      0  14801   2790  15738      4      0 
 03:03:08       0    226     64      -     96     78      0      0      0      0  14801   2790  15738      4      0 
 03:03:13       0    226     64      -     96     77      0      0      0      0  14801   2790  15738      4      0 
 03:03:18       0    226     64      -     96     77      0      0      0      0  14801   2790  15738      4      0 
 03:03:23       0    225     64      -     96     78      0      0      0      0  14801   2790  15738      4      0 
 03:03:28       0    225     64      -     96     78      0      0      0      0  14801   2790  15738      4      0 
 03:03:33       0    225     64      -     96     77      0      0      0      0  14801   2790  15074      4      0 
 03:03:38       0    226     64      -     96     77      0      0      0      0  14801   2790  15074      4      0 
 03:03:43       0    225     64      -     96     78      0      0      0      0  14801   2790  15074      4      0 
 03:03:48       0    226     64      -     96     78      0      0      0      0  14801   2790  15074      4      0 
 03:03:53       0    226     64      -     96     77      0      0      0      0  14801   2790  15074      4      0 
 03:03:58       0    226     64      -     96     78      0      0      0      0  14801   2790  15074      4      0 
 03:04:03       0    226     64      -     96     78      0      0      0      0  14801   2790  15074      4      0 
 03:04:08       0    226     64      -     96     78      0      0      0      0  14801   2790  15074      4      0 
 03:04:13       0    226     64      -     95     77      0      0      0      0  14801   2790  15074      4      0 
 03:04:18       0    226     64      -     96     78      0      0      0      0  14801   2790  15074      4      0 
 03:04:23       0    226     64      -     95     78      0      0      0      0  14801   2790  15074      4      0 
 03:04:28       0    226     64      -     96     78      0      0      0      0  14801   2790  15074      4      0 
 03:04:33       0    226     64      -     96     78      0      0      0      0  14801   2790  15074      4      0 
 03:04:38       0    226     64      -     96     78      0      0      0      0  14801   2790  15074      4      0 
 03:04:43       0    226     64      -     96     78      0      0      0      0  14801   2790  15074      4      0 
 03:04:48       0    226     64      -     96     78      0      0      0      0  14801   2790  15074      4      0 
#Time         gpu    pwr  gtemp  mtemp     sm    mem    enc    dec    jpg    ofa   mclk   pclk     fb   bar1   ccpm 
#HH:MM:SS     Idx      W      C      C      %      %      %      %      %      %    MHz    MHz     MB     MB     MB 
 03:04:53       0    226     64      -     96     78      0      0      0      0  14801   2790  15074      4      0 
 03:04:58       0    226     64      -     96     78      0      0      0      0  14801   2790  15074      4      0 
 03:05:03       0    226     64      -     96     78      0      0      0      0  14801   2790  15074      4      0 
 03:05:08       0    226     64      -     96     78      0      0      0      0  14801   2790  15074      4      0 
 03:05:13       0     56     54      -     37      3      0      0      0      0  14801   2850  15078      4      0 
 03:05:18       0    152     59      -     97     50      0      0      0      0  14801   2812  15078      4      0 
 03:05:23       0    135     53      -      0      0      0      0      0      0  14801   2850  15078      4      0 
 03:05:28       0    138     58      -     97     50      0      0      0      0  14801   2812  15078      4      0 
 03:05:33       0    309     69      -    100     36      0      0      0      0  14801   2820  15738      4      0 
 03:05:38       0    303     73      -    100     22      0      0      0      0  14801   2805  15738      4      0 
 03:05:43       0    306     71      -    100     13      0      0      0      0  14801   2805  15738      4      0 
 03:05:48       0    308     75      -    100      6      0      0      0      0  14801   2797  15738      4      0 
 03:05:53       0    309     71      -    100     37      0      0      0      0  14801   2805  15738      4      0 
 03:05:58       0    307     74      -    100      4      0      0      0      0  14801   2797  15738      4      0 
 03:06:03       0    302     72      -    100     15      0      0      0      0  14801   2790  15738      4      0 
 03:06:09       0    219     56      -      0      0      0      0      0      0  14801   2850  15738      4      0 
 03:06:14       0    306     73      -    100     26      0      0      0      0  14801   2805  15736      4      0 
 03:06:19       0    304     72      -    100     30      0      0      0      0  14801   2805  15736      4      0 
 03:06:24       0    304     75      -    100      0      0      0      0      0  14801   2790  15738      4      0 
 03:06:29       0    118     55      -     25      2      0      0      0      0  14801   2850  15738      4      0 
 03:06:34       0    227     63      -     96     78      0      0      0      0  14801   2790  15738      4      0 
 03:06:39       0    227     62      -     96     78      0      0      0      0  14801   2790  15738      4      0 
 03:06:44       0    227     62      -     96     78      0      0      0      0  14801   2790  15738      4      0 
 03:06:49       0    226     62      -     96     78      0      0      0      0  14801   2790  15738      4      0 
 03:06:54       0    226     62      -     96     78      0      0      0      0  14801   2797  15738      4      0 
 03:06:59       0    226     61      -     96     78      0      0      0      0  14801   2790  15738      4      0 
 03:07:04       0    226     61      -     96     78      0      0      0      0  14801   2790  15738      4      0 
 03:07:09       0    226     61      -     96     78      0      0      0      0  14801   2790  15738      4      0 
 03:07:14       0    226     61      -     96     78      0      0      0      0  14801   2790  15738      4      0 
 03:07:19       0    226     61      -     96     78      0      0      0      0  14801   2797  15738      4      0 
 03:07:24       0    226     61      -     96     79      0      0      0      0  14801   2797  15738      4      0 
 03:07:29       0    226     61      -     96     78      0      0      0      0  14801   2797  15738      4      0 
 03:07:34       0    226     61      -     96     78      0      0      0      0  14801   2797  15738      4      0 
 03:07:39       0    226     61      -     96     79      0      0      0      0  14801   2797  15738      4      0 
 03:07:44       0    226     61      -     96     79      0      0      0      0  14801   2797  15738      4      0 
 03:07:49       0    226     61      -     96     78      0      0      0      0  14801   2797  15738      4      0 
 03:07:54       0    226     61      -     96     79      0      0      0      0  14801   2797  15738      4      0 
 03:07:59       0    226     61      -     96     79      0      0      0      0  14801   2797  15738      4      0 
 03:08:04       0    226     61      -     96     78      0      0      0      0  14801   2797  15738      4      0 
 03:08:09       0    226     61      -     96     79      0      0      0      0  14801   2797  15738      4      0 
 03:08:14       0    226     61      -     96     79      0      0      0      0  14801   2797  15052      4      0 
 03:08:19       0    226     61      -     96     79      0      0      0      0  14801   2797  15052      4      0 
 03:08:24       0    226     61      -     96     79      0      0      0      0  14801   2797  15052      4      0 
 03:08:29       0    226     62      -     96     79      0      0      0      0  14801   2797  15052      4      0 
#Time         gpu    pwr  gtemp  mtemp     sm    mem    enc    dec    jpg    ofa   mclk   pclk     fb   bar1   ccpm 
#HH:MM:SS     Idx      W      C      C      %      %      %      %      %      %    MHz    MHz     MB     MB     MB 
 03:08:34       0    226     62      -     96     79      0      0      0      0  14801   2797  15052      4      0 
 03:08:39       0    226     62      -     96     79      0      0      0      0  14801   2797  15052      4      0 
 03:08:44       0    226     62      -     96     79      0      0      0      0  14801   2790  15052      4      0 
 03:08:49       0    226     62      -     96     79      0      0      0      0  14801   2797  15052      4      0 
 03:08:54       0    226     62      -     96     79      0      0      0      0  14801   2797  15052      4      0 
 03:08:59       0    227     62      -     96     79      0      0      0      0  14801   2797  15052      4      0 
 03:09:04       0    227     62      -     96     79      0      0      0      0  14801   2797  15052      4      0 
 03:09:09       0    227     62      -     96     79      0      0      0      0  14801   2797  15052      4      0 
 03:09:14       0    227     62      -     96     79      0      0      0      0  14801   2797  15052      4      0 
 03:09:19       0    227     62      -     96     79      0      0      0      0  14801   2797  15052      4      0 
 03:09:24       0    227     62      -     96     79      0      0      0      0  14801   2797  15052      4      0 
 03:09:29       0    227     62      -     96     79      0      0      0      0  14801   2797  15052      4      0 
 03:09:34       0    227     62      -     96     79      0      0      0      0  14801   2797  15052      4      0 
 03:09:39       0    227     62      -     96     79      0      0      0      0  14801   2797  15052      4      0 
 03:09:44       0    227     62      -     96     79      0      0      0      0  14801   2797  15052      4      0 
 03:09:49       0    227     62      -     96     79      0      0      0      0  14801   2797  15052      4      0 
 03:09:54       0    227     62      -     96     79      0      0      0      0  14801   2797  15052      4      0 
 03:09:59       0    228     62      -     96     79      0      0      0      0  14801   2797  15052      4      0 
 03:10:04       0    228     62      -     96     79      0      0      0      0  14801   2797  15052      4      0 
 03:10:09       0    228     62      -     96     79      0      0      0      0  14801   2797  15052      4      0 
 03:10:14       0    227     62      -     96     79      0      0      0      0  14801   2797  15052      4      0 
 03:10:19       0    228     62      -     96     79      0      0      0      0  14801   2797  15052      4      0 
 03:10:24       0    228     62      -     96     79      0      0      0      0  14801   2797  15052      4      0 
 03:10:29       0    228     62      -     96     79      0      0      0      0  14801   2797  15052      4      0 
 03:10:34       0    228     62      -     96     79      0      0      0      0  14801   2797  15052      4      0 
 03:10:39       0    228     62      -     96     79      0      0      0      0  14801   2797  15052      4      0 
 03:10:44       0    228     62      -     96     79      0      0      0      0  14801   2797  15052      4      0 
 03:10:49       0    228     63      -     96     79      0      0      0      0  14801   2797  15052      4      0 
 03:10:54       0    228     63      -     96     79      0      0      0      0  14801   2797  15052      4      0 
 03:10:59       0    228     63      -     96     79      0      0      0      0  14801   2797  15052      4      0 
 03:11:04       0    228     63      -     96     79      0      0      0      0  14801   2797  15052      4      0 
 03:11:09       0    228     63      -     96     79      0      0      0      0  14801   2797  15052      4      0 
 03:11:14       0    228     63      -     96     79      0      0      0      0  14801   2797  15052      4      0 
 03:11:19       0    229     63      -     96     79      0      0      0      0  14801   2797  15052      4      0 
 03:11:24       0    228     63      -     96     79      0      0      0      0  14801   2797  15052      4      0 
 03:11:29       0    228     63      -     96     79      0      0      0      0  14801   2797  15052      4      0 
 03:11:34       0    229     63      -     96     79      0      0      0      0  14801   2797  15052      4      0 
 03:11:39       0    228     63      -     96     79      0      0      0      0  14801   2797  15052      4      0 
 03:11:44       0    228     63      -     96     79      0      0      0      0  14801   2797  15052      4      0 
 03:11:49       0    228     63      -     96     79      0      0      0      0  14801   2797  15052      4      0 
 03:11:54       0    229     63      -     96     79      0      0      0      0  14801   2797  15052      4      0 
 03:11:59       0    229     63      -     96     79      0      0      0      0  14801   2797  15052      4      0 
 03:12:04       0    229     63      -     96     79      0      0      0      0  14801   2797  15052      4      0 
 03:12:09       0    229     63      -     96     79      0      0      0      0  14801   2797  15052      4      0 
#Time         gpu    pwr  gtemp  mtemp     sm    mem    enc    dec    jpg    ofa   mclk   pclk     fb   bar1   ccpm 
#HH:MM:SS     Idx      W      C      C      %      %      %      %      %      %    MHz    MHz     MB     MB     MB 
 03:12:14       0    229     63      -     96     79      0      0      0      0  14801   2797  15052      4      0 
 03:12:19       0    229     63      -     96     79      0      0      0      0  14801   2797  15052      4      0 
 03:12:24       0    229     63      -     96     79      0      0      0      0  14801   2797  15052      4      0 
 03:12:29       0    262     70      -    100     33      0      0      0      0  14801   2820  15698      4      0 
 03:12:34       0    303     74      -    100     23      0      0      0      0  14801   2812  15698      4      0 
 03:12:39       0    303     75      -    100     23      0      0      0      0  14801   2790  15738      4      0 
 03:12:44       0    308     72      -    100     37      0      0      0      0  14801   2797  15738      4      0 
 03:12:49       0    132     69      -    100     38      0      0      0      0  14801   2835  15736      4      0 
 03:12:54       0    304     74      -    100     12      0      0      0      0  14801   2797  15736      4      0 
 03:12:59       0    302     75      -    100      6      0      0      0      0  14801   2797  15738      4      0 
 03:13:04       0    303     75      -    100      1      0      0      0      0  14801   2797  15738      4      0 
 03:13:09       0    178     61      -     97     56      0      0      0      0  14801   2797  15738      4      0 
 03:13:14       0    190     61      -     97     64      0      0      0      0  14801   2812  15738      4      0 
 03:13:19       0    190     59      -     97     56      0      0      0      0  14801   2812  15738      4      0 
 03:13:24       0    224     61      -     96     78      0      0      0      0  14801   2797  15738      4      0 
 03:13:29       0    225     61      -     96     78      0      0      0      0  14801   2790  15738      4      0 
 03:13:34       0    225     61      -     96     78      0      0      0      0  14801   2790  15738      4      0 
 03:13:39       0    225     61      -     96     78      0      0      0      0  14801   2790  15738      4      0 
 03:13:44       0    225     61      -     96     78      0      0      0      0  14801   2790  15738      4      0 
 03:13:49       0    226     61      -     96     78      0      0      0      0  14801   2790  15738      4      0 
 03:13:54       0    225     61      -     96     79      0      0      0      0  14801   2790  15738      4      0 
 03:13:59       0    225     61      -     96     78      0      0      0      0  14801   2790  15738      4      0 
 03:14:04       0    226     61      -     96     79      0      0      0      0  14801   2790  15738      4      0 
 03:14:09       0    225     61      -     96     79      0      0      0      0  14801   2797  15738      4      0 
 03:14:14       0    226     62      -     96     78      0      0      0      0  14801   2790  15738      4      0 
 03:14:19       0    226     62      -     96     78      0      0      0      0  14801   2790  15738      4      0 
 03:14:24       0    226     62      -     96     78      0      0      0      0  14801   2797  15738      4      0 
 03:14:29       0    226     62      -     96     78      0      0      0      0  14801   2797  15738      4      0 
 03:14:34       0    226     62      -     96     79      0      0      0      0  14801   2790  15738      4      0 
 03:14:39       0    225     62      -     96     78      0      0      0      0  14801   2797  15738      4      0 
 03:14:44       0    225     62      -     96     78      0      0      0      0  14801   2797  15738      4      0 
 03:14:49       0    226     62      -     96     79      0      0      0      0  14801   2790  15738      4      0 
 03:14:54       0    226     62      -     96     78      0      0      0      0  14801   2797  15052      4      0 
 03:14:59       0    226     62      -     96     79      0      0      0      0  14801   2790  15052      4      0 
 03:15:04       0    226     62      -     96     79      0      0      0      0  14801   2797  15052      4      0 
 03:15:09       0    226     62      -     96     79      0      0      0      0  14801   2797  15052      4      0 
 03:15:14       0    226     62      -     96     78      0      0      0      0  14801   2797  15052      4      0 
 03:15:19       0    226     62      -     96     79      0      0      0      0  14801   2797  15052      4      0 
 03:15:24       0    226     62      -     96     79      0      0      0      0  14801   2797  15052      4      0 
 03:15:29       0    226     62      -     96     79      0      0      0      0  14801   2797  15052      4      0 
 03:15:34       0    226     62      -     96     79      0      0      0      0  14801   2797  15052      4      0 
 03:15:39       0    226     62      -     96     78      0      0      0      0  14801   2797  15052      4      0 
 03:15:44       0    227     62      -     96     79      0      0      0      0  14801   2790  15052      4      0 
 03:15:49       0    227     62      -     96     79      0      0      0      0  14801   2797  15052      4      0 
#Time         gpu    pwr  gtemp  mtemp     sm    mem    enc    dec    jpg    ofa   mclk   pclk     fb   bar1   ccpm 
#HH:MM:SS     Idx      W      C      C      %      %      %      %      %      %    MHz    MHz     MB     MB     MB 
 03:15:54       0    227     62      -     96     79      0      0      0      0  14801   2797  15052      4      0 
 03:15:59       0    227     62      -     96     79      0      0      0      0  14801   2797  15052      4      0 
 03:16:04       0    227     62      -     96     79      0      0      0      0  14801   2797  15052      4      0 
 03:16:09       0    227     62      -     96     79      0      0      0      0  14801   2790  15052      4      0 
 03:16:14       0    227     62      -     96     79      0      0      0      0  14801   2790  15052      4      0 
 03:16:19       0    227     62      -     96     79      0      0      0      0  14801   2790  15052      4      0 
 03:16:24       0    227     63      -     96     79      0      0      0      0  14801   2797  15052      4      0 
 03:16:29       0    227     63      -     96     79      0      0      0      0  14801   2797  15052      4      0 
 03:16:34       0    228     63      -     96     79      0      0      0      0  14801   2797  15052      4      0 
 03:16:39       0    228     63      -     96     79      0      0      0      0  14801   2797  15052      4      0 
 03:16:44       0    228     63      -     96     79      0      0      0      0  14801   2797  15052      4      0 
 03:16:49       0    228     63      -     96     79      0      0      0      0  14801   2797  15052      4      0 
 03:16:54       0    228     63      -     96     79      0      0      0      0  14801   2797  15052      4      0 
 03:16:59       0    228     63      -     96     79      0      0      0      0  14801   2797  15052      4      0 
 03:17:04       0    228     63      -     96     79      0      0      0      0  14801   2797  15052      4      0 
 03:17:09       0    228     63      -     96     79      0      0      0      0  14801   2797  15052      4      0 
 03:17:14       0    228     63      -     96     79      0      0      0      0  14801   2797  15052      4      0 
 03:17:19       0    228     63      -     96     79      0      0      0      0  14801   2797  15052      4      0 
 03:17:24       0    228     63      -     96     79      0      0      0      0  14801   2797  15052      4      0 
 03:17:29       0    228     63      -     96     79      0      0      0      0  14801   2797  15052      4      0 
 03:17:34       0    228     63      -     96     79      0      0      0      0  14801   2797  15052      4      0 
 03:17:39       0    228     63      -     96     79      0      0      0      0  14801   2797  15052      4      0 
 03:17:44       0    228     63      -     96     79      0      0      0      0  14801   2797  15052      4      0 
 03:17:49       0    228     63      -     96     79      0      0      0      0  14801   2797  15052      4      0 
 03:17:54       0    228     63      -     96     79      0      0      0      0  14801   2797  15052      4      0 
 03:17:59       0    228     63      -     96     79      0      0      0      0  14801   2797  15052      4      0 
 03:18:04       0    228     63      -     96     79      0      0      0      0  14801   2797  15052      4      0 
 03:18:09       0    228     63      -     96     79      0      0      0      0  14801   2790  15052      4      0 
 03:18:14       0    228     63      -     96     79      0      0      0      0  14801   2797  15052      4      0 
 03:18:19       0    228     63      -     96     79      0      0      0      0  14801   2797  15052      4      0 
 03:18:24       0    229     63      -     96     79      0      0      0      0  14801   2797  15052      4      0 
 03:18:29       0    228     63      -     96     79      0      0      0      0  14801   2797  15052      4      0 
 03:18:34       0    229     63      -     96     79      0      0      0      0  14801   2797  15052      4      0 
 03:18:39       0    228     63      -     96     79      0      0      0      0  14801   2797  15052      4      0 
 03:18:44       0    228     63      -     96     79      0      0      0      0  14801   2797  15052      4      0 
 03:18:49       0    228     63      -     96     79      0      0      0      0  14801   2797  15052      4      0 
 03:18:54       0    228     63      -     96     79      0      0      0      0  14801   2797  15052      4      0 
 03:19:00       0    229     63      -     96     79      0      0      0      0  14801   2797  15052      4      0 
 03:19:05       0    229     63      -     96     79      0      0      0      0  14801   2797  15052      4      0 
 03:19:10       0    118     62      -     87     26      0      0      0      0  14801   2850  15698      4      0 
 03:19:15       0    303     75      -    100     18      0      0      0      0  14801   2805  15698      4      0 
 03:19:20       0    307     75      -    100      0      0      0      0      0  14801   2790  15738      4      0 
 03:19:25       0    303     72      -    100     33      0      0      0      0  14801   2812  15738      4      0 
 03:19:30       0    181     62      -     97     62      0      0      0      0  14801   2797  15738      4      0 
#Time         gpu    pwr  gtemp  mtemp     sm    mem    enc    dec    jpg    ofa   mclk   pclk     fb   bar1   ccpm 
#HH:MM:SS     Idx      W      C      C      %      %      %      %      %      %    MHz    MHz     MB     MB     MB 
 03:19:35       0    302     72      -    100     19      0      0      0      0  14801   2805  15736      4      0 
 03:19:40       0    300     75      -    100     10      0      0      0      0  14801   2797  15738      4      0 
 03:19:45       0    304     75      -    100      0      0      0      0      0  14801   2790  15738      4      0 
 03:19:50       0    275     62      -     97     53      0      0      0      0  14801   2797  15738      4      0 
 03:19:55       0    182     60      -     97     57      0      0      0      0  14801   2812  15738      4      0 
 03:20:00       0    181     59      -     97     53      0      0      0      0  14801   2812  15738      4      0 
 03:20:05       0    175     59      -     97     59      0      0      0      0  14801   2812  15738      4      0 
 03:20:10       0    176     59      -     97     59      0      0      0      0  14801   2812  15738      4      0 
 03:20:15       0    305     72      -    100     20      0      0      0      0  14801   2805  15736      4      0 
 03:20:20       0    308     69      -    100     40      0      0      0      0  14801   2797  15698      4      0 
 03:20:25       0    302     72      -    100     31      0      0      0      0  14801   2812  15738      4      0 
 03:20:30       0    295     73      -    100      4      0      0      0      0  14801   2790  15738      4      0 
 03:20:35       0    147     69      -    100     39      0      0      0      0  14801   2835  15736      4      0 
 03:20:40       0    303     71      -    100     29      0      0      0      0  14801   2805  15736      4      0 
 03:20:45       0    302     72      -    100     37      0      0      0      0  14801   2797  15738      4      0 
 03:20:50       0    303     75      -    100      9      0      0      0      0  14801   2797  15738      4      0 
 03:20:55       0     74     62      -     96     30      0      0      0      0  14801   2850  15736      4      0 
 03:21:00       0    303     74      -    100      8      0      0      0      0  14801   2797  15736      4      0 
 03:21:05       0    301     71      -    100     22      0      0      0      0  14801   2812  15738      4      0 
 03:21:10       0    303     75      -    100     10      0      0      0      0  14801   2797  15738      4      0 
 03:21:15       0    303     74      -    100     14      0      0      0      0  14801   2797  15738      4      0 
 03:21:20       0    295     74      -    100      2      0      0      0      0  14801   2820  15716      4      0 
 03:21:25       0    294     72      -    100     30      0      0      0      0  14801   2797  15716      4      0 
 03:21:30       0    293     74      -    100      2      0      0      0      0  14801   2812  15716      4      0 
 03:21:35       0    296     74      -    100      2      0      0      0      0  14801   2797  15716      4      0 
 03:21:40       0    296     74      -    100      2      0      0      0      0  14801   2797  15716      4      0 
 03:21:45       0    292     72      -    100     36      0      0      0      0  14801   2790  15716      4      0 
 03:21:50       0    269     65      -     99     27      0      0      0      0  14801   2797  15698      4      0 
 03:21:55       0     46     50      -      0      0      0      0      0      0  14801   2610  15698      4      0 
 03:22:00       0     48     49      -      0      0      0      0      0      0  14801   2610      4      2      0 
