#Time         gpu    pwr  gtemp  mtemp     sm    mem    enc    dec    jpg    ofa   mclk   pclk  rxpci  txpci 
#HH:MM:SS     Idx      W      C      C      %      %      %      %      %      %    MHz    MHz   MB/s   MB/s 
 06:58:46       0     15     42      -      0      0      0      0      0      0    405    277      0      0 
 06:58:46       0     15     42      -      0      0      0      0      0      0    405    277      0      0 
 06:58:47       0     15     42      -      0      0      0      0      0      0    405    277      0      0 
 06:58:48       0     15     42      -      0      0      0      0      0      0    405    277      0      0 
 06:58:49       0     15     42      -      0      0      0      0      0      0    405    277      0      0 
 06:58:50       0     15     42      -      0      7      0      0      0      0    405    277      0      0 
 06:58:51       0     15     42      -      0      0      0      0      0      0    405    277     27      9 
 06:58:52       0     15     42      -      0      0      0      0      0      0    405    277      0      0 
 06:58:53       0     15     42      -      0      0      0      0      0      0    405    277      0      0 
 06:58:54       0     15     42      -      0      0      0      0      0      0    405    277      0      0 
 06:58:55       0     19     42      -      1      0      0      0      0      0  15216    277      0      0 
 06:58:56       0     43     43      -      1      0      0      0      0      0  15016   2610      3      1 
 06:58:57       0     44     43      -      0      0      0      0      0      0  15016   2610      0   3335 
 06:58:58       0     47     44      -      2      0      0      0      0      0  15016   2647   1345     72 
 06:58:59       0     45     44      -      3      0      0      0      0      0  15016   2610   1101     94 
 06:59:00       0     44     44      -      0      0      0      0      0      0  15016   2610      0      0 
 06:59:01       0     45     44      -      0      0      0      0      0      0  15016   2640      0      0 
 06:59:02       0     30     43      -      0      0      0      0      0      0   7001    862      0      1 
 06:59:03       0     21     43      -      0      0      0      0      0      0   7001    772      0      0 
 06:59:04       0     17     42      -      0      0      0      0      0      0    810    472      0      0 
 06:59:05       0     16     42      -      0      0      0      0      0      0    405    285      0      0 
 06:59:06       0     15     42      -      0      0      0      0      0      0    405    277      0      0 
 06:59:07       0     15     42      -      0      0      0      0      0      0    405    277      0      1 
 06:59:07       0     15     42      -      0      0      0      0      0      0    405    277      0      0 
 06:59:08       0     15     42      -      0      0      0      0      0      0    405    277      0      7 
 06:59:13       0     15     42      -      0      0      0      0      0      0    405    277      0      0 
 06:59:14       0     16     42      -      0      0      0      0      0      0    405    277      0      0 
 06:59:15       0     16     42      -      0      0      0      0      0      0    405    270      0      0 
 06:59:15       0     15     42      -      0      0      0      0      0      0    405    277      1      0 
 06:59:16       0     15     42      -      0      0      0      0      0      0    405    277      0      0 
 06:59:17       0     15     42      -      0      0      0      0      0      0    405    277      0      0 
 06:59:18       0     15     42      -      0      0      0      0      0      0    405    277      0      0 
 06:59:19       0     15     42      -      0      0      0      0      0      0    405    277      0      0 
 06:59:20       0     15     42      -      0      0      0      0      0      0    405    277      0      0 
 06:59:21       0     15     42      -      0      0      0      0      0      0    405    277      0      0 
 06:59:22       0     15     42      -      1      0      0      0      0      0    405    277      0      0 
 06:59:23       0     16     42      -      0      0      0      0      0      0    405    277      0      0 
 06:59:24       0     15     42      -      0      0      0      0      0      0    405    277      0      1 
 06:59:25       0     15     42      -      0      0      0      0      0      0    405    277      0      0 
 06:59:26       0     15     42      -      0      0      0      0      0      0    405    277      0      0 
 06:59:27       0     15     42      -      0      0      0      0      0      0    405    277      0      0 
 06:59:28       0     15     42      -      0      0      0      0      0      0    405    277      0      0 
 06:59:29       0     15     42      -      0      0      0      0      0      0    405    277     44      9 
 06:59:30       0     15     42      -      0      0      0      0      0      0    405    277      0      0 
#Time         gpu    pwr  gtemp  mtemp     sm    mem    enc    dec    jpg    ofa   mclk   pclk  rxpci  txpci 
#HH:MM:SS     Idx      W      C      C      %      %      %      %      %      %    MHz    MHz   MB/s   MB/s 
 06:59:31       0     15     42      -      0      0      0      0      0      0    405    277      0      0 
 06:59:32       0     15     42      -      1      0      0      0      0      0    405    277      0      0 
 06:59:33       0     16     42      -      0      0      0      0      0      0    405    277      0      0 
 06:59:34       0     15     42      -      0      0      0      0      0      0    405    277      0      0 
 06:59:35       0     15     42      -      0      0      0      0      0      0    405    277      0      0 
 06:59:36       0     15     42      -      0      0      0      0      0      0    405    277      0      0 
 06:59:37       0     15     42      -      0      0      0      0      0      0    405    277      0      0 
 06:59:37       0     15     42      -      0      5      0      0      0      0    405    277      0      0 
 06:59:38       0     15     42      -      0      0      0      0      0      0    405    277      0      0 
 06:59:39       0     15     42      -      0      0      0      0      0      0    405    277      0      0 
 06:59:40       0     15     42      -      0      0      0      0      0      0    405    277      1      0 
 06:59:41       0     15     42      -      0      0      0      0      0      0    405    277      0      0 
 06:59:42       0     15     42      -      0      0      0      0      0      0    405    277      0      0 
 06:59:43       0     15     42      -      0      0      0      0      0      0    405    277      0      0 
 06:59:44       0     15     42      -      0      7      0      0      0      0    405    277      0      0 
 06:59:48       0     15     42      -      0      0      0      0      0      0    405    277      0      0 
 06:59:49       0     15     42      -      0      0      0      0      0      0    405    277      0      8 
 06:59:50       0     14     42      -      0      0      0      0      0      0    405    277      0      0 
 06:59:51       0     15     42      -      0      0      0      0      0      0    405    277      0      0 
 06:59:52       0     15     42      -      0      0      0      0      0      0    405    277      0      0 
 06:59:53       0     15     42      -      0      0      0      0      0      0    405    277      0      0 
 06:59:54       0     15     42      -      0      0      0      0      0      0    405    277      0      0 
 06:59:55       0     15     42      -      0      0      0      0      0      0    405    270      0      0 
 06:59:56       0     15     42      -      0      0      0      0      0      0    405    277     38     11 
 06:59:57       0     16     42      -      0      0      0      0      0      0    405    277      0      0 
 06:59:58       0     15     42      -      0      0      0      0      0      0    405    277      0      0 
 06:59:59       0     15     42      -      0      0      0      0      0      0    405    277      0      0 
 07:00:00       0     15     42      -      0      0      0      0      0      0    405    277      0      0 
 07:00:01       0     15     42      -      0      0      0      0      0      0    405    277      0      0 
 07:00:02       0     15     42      -      0      0      0      0      0      0    405    277      0      0 
 07:00:03       0     15     42      -      0      0      0      0      0      0    405    277      0      0 
 07:00:04       0     15     42      -      0      0      0      0      0      0    405    277      0      0 
 07:00:05       0     15     42      -      0      0      0      0      0      0    405    277      0      1 
 07:00:06       0     15     42      -      0      0      0      0      0      0    405    277      0      0 
 07:00:07       0     15     42      -      0      0      0      0      0      0    405    277      0      0 
 07:00:08       0     15     42      -      0      0      0      0      0      0    405    270     46      0 
 07:00:09       0     15     42      -      0      0      0      0      0      0    405    277      0      0 
 07:00:10       0     15     42      -      0      0      0      0      0      0    405    277      0      0 
 07:00:11       0     15     42      -      0      0      0      0      0      0    405    277      0      0 
 07:00:12       0     15     42      -      0      0      0      0      0      0    405    277      0      0 
 07:00:12       0     15     42      -      0      0      0      0      0      0    405    277      0      0 
 07:00:13       0     14     42      -      0      0      0      0      0      0    405    277      0      1 
 07:00:14       0     14     42      -      0      0      0      0      0      0    405    277      0      0 
 07:00:15       0     14     42      -      0      0      0      0      0      0    405    277      0      0 
#Time         gpu    pwr  gtemp  mtemp     sm    mem    enc    dec    jpg    ofa   mclk   pclk  rxpci  txpci 
#HH:MM:SS     Idx      W      C      C      %      %      %      %      %      %    MHz    MHz   MB/s   MB/s 
 07:00:16       0     14     42      -      0      0      0      0      0      0    405    277      0      0 
 07:00:17       0     14     42      -      0      0      0      0      0      0    405    277      0      0 
 07:00:18       0     14     42      -      1      0      0      0      0      0    405    277      0      0 
 07:00:19       0     16     42      -      0      0      0      0      0      0    405    277      0      0 
 07:00:23       0     15     42      -      0      0      0      0      0      0    405    277      0      0 
 07:00:24       0     15     42      -      0      0      0      0      0      0    405    277      0      0 
 07:00:25       0     15     42      -      0      0      0      0      0      0    405    277      0      0 
 07:00:26       0     14     42      -      0      0      0      0      0      0    405    277      0      0 
 07:00:27       0     14     42      -      0      0      0      0      0      0    405    277      0      3 
 07:00:28       0     14     42      -      0      0      0      0      0      0    405    277     47      0 
 07:00:29       0     14     42      -      0      1      0      0      0      0    405    277      0      0 
 07:00:30       0     14     42      -      0      0      0      0      0      0    405    277      1      0 
 07:00:31       0     14     42      -      0      0      0      0      0      0    405    277      0      0 
 07:00:32       0     15     42      -      0      0      0      0      0      0    405    277      0      0 
 07:00:33       0     15     42      -      0      0      0      0      0      0    405    277      0      0 
 07:00:34       0     15     42      -      0      0      0      0      0      0    405    277      0      1 
 07:00:35       0     15     42      -      0      0      0      0      0      0    405    277      0      0 
 07:00:36       0     15     42      -      0      0      0      0      0      0    405    277      0      0 
 07:00:37       0     15     42      -      0      0      0      0      0      0    405    277      0      0 
 07:00:38       0     15     42      -      0      0      0      0      0      0    405    277      0      0 
 07:00:39       0     15     42      -      0      0      0      0      0      0    405    277      0      1 
 07:00:40       0     15     42      -      0      0      0      0      0      0    405    277      0      0 
 07:00:41       0     15     42      -      0      0      0      0      0      0    405    277      0      0 
 07:00:42       0     15     42      -      0      0      0      0      0      0    405    277      0      0 
 07:00:43       0     15     42      -      0      0      0      0      0      0    405    277      0      1 
 07:00:44       0     15     42      -      0      0      0      0      0      0    405    277      0      0 
 07:00:44       0     15     42      -      0      0      0      0      0      0    405    270      0      3 
 07:00:45       0     15     42      -      0      0      0      0      0      0    405    277     75      0 
 07:00:46       0     15     42      -      0      0      0      0      0      0    405    277      0      0 
 07:00:47       0     15     42      -      0      0      0      0      0      0    405    277      0      0 
 07:00:48       0     14     42      -      0     16      0      0      0      0    405    277      0      0 
 07:00:49       0     15     42      -      1      0      0      0      0      0    405    277      0      0 
 07:00:50       0     16     42      -      0      0      0      0      0      0    405    277      0      0 
 07:00:51       0     14     42      -      0      0      0      0      0      0    405    277      0      0 
 07:00:52       0     14     42      -      0      0      0      0      0      0    405    277      0      0 
 07:00:53       0     14     42      -      0      0      0      0      0      0    405    277      0      0 
 07:00:54       0     14     42      -      0      0      0      0      0      0    405    277      0      0 
 07:00:55       0     14     42      -      0      0      0      0      0      0    405    277      0      0 
 07:00:59       0     14     42      -      0      0      0      0      0      0    405    277      0      0 
 07:01:00       0     14     42      -      0      0      0      0      0      0    405    270      0      0 
 07:01:01       0     14     42      -      0      0      0      0      0      0    405    277      0      0 
 07:01:02       0     15     42      -      0      0      0      0      0      0    405    277      0      0 
 07:01:03       0     15     42      -      0      0      0      0      0      0    405    277      0      0 
 07:01:04       0     15     42      -      0      0      0      0      0      0    405    277      0      0 
#Time         gpu    pwr  gtemp  mtemp     sm    mem    enc    dec    jpg    ofa   mclk   pclk  rxpci  txpci 
#HH:MM:SS     Idx      W      C      C      %      %      %      %      %      %    MHz    MHz   MB/s   MB/s 
 07:01:05       0     16     42      -      0      0      0      0      0      0    405    277      0      0 
 07:01:06       0     15     42      -      0      0      0      0      0      0    405    277     74      3 
 07:01:07       0     14     42      -      0      0      0      0      0      0    405    277      0      0 
 07:01:08       0     14     42      -      0      0      0      0      0      0    405    277      0      0 
 07:01:09       0     14     42      -      0      0      0      0      0      0    405    277      0      0 
 07:01:10       0     14     42      -      0      0      0      0      0      0    405    277      0      0 
 07:01:11       0     14     42      -      0      0      0      0      0      0    405    277      0      0 
 07:01:12       0     15     42      -      0      0      0      0      0      0    405    277      0      0 
 07:01:13       0     15     42      -      0      0      0      0      0      0    405    277      0      0 
 07:01:14       0     15     42      -      0      0      0      0      0      0    405    277      0      0 
 07:01:15       0     15     42      -      0      0      0      0      0      0    405    277      0      0 
 07:01:16       0     15     42      -      0      0      0      0      0      0    405    277      0      0 
 07:01:16       0     16     42      -      0      0      0      0      0      0    405    277      1      0 
 07:01:17       0     14     42      -      0      0      0      0      0      0    405    277      0      0 
 07:01:18       0     15     42      -      0      0      0      0      0      0    405    277      0      0 
 07:01:19       0     14     42      -      0      0      0      0      0      0    405    277      0      0 
 07:01:20       0     14     42      -      0      0      0      0      0      0    405    277      0      0 
 07:01:21       0     14     42      -      0      0      0      0      0      0    405    277      0      0 
 07:01:22       0     14     42      -      0      0      0      0      0      0    405    277      0      0 
 07:01:23       0     14     42      -      0      0      0      0      0      0    405    277     27     11 
 07:01:24       0     14     42      -      0      0      0      0      0      0    405    277      0      0 
 07:01:25       0     15     42      -      1      0      0      0      0      0    405    277      0      0 
 07:01:26       0     16     42      -      0      0      0      0      0      0    405    277      0      0 
 07:01:27       0     14     42      -      0      0      0      0      0      0    405    277      0      0 
 07:01:28       0     14     42      -      0      0      0      0      0      0    405    277      0      0 
 07:01:29       0     14     42      -      0      0      0      0      0      0    405    277      0      0 
 07:01:30       0     15     42      -      0      0      0      0      0      0    405    270      0      1 
 07:01:31       0     14     42      -      0      0      0      0      0      0    405    277      0      0 
 07:01:35       0     14     42      -      0      0      0      0      0      0    405    277      0      0 
 07:01:36       0     14     42      -      0      0      0      0      0      0    405    277      0      0 
 07:01:37       0     14     42      -      0      0      0      0      0      0    405    277      0      0 
 07:01:38       0     14     42      -      0      0      0      0      0      0    405    277      0      0 
 07:01:39       0     15     42      -      0      0      0      0      0      0    405    277      0      0 
 07:01:40       0     14     42      -      0      0      0      0      0      0    405    277      0      0 
 07:01:41       0     15     42      -      0      0      0      0      0      0    405    277      0      0 
 07:01:42       0     15     42      -      0      0      0      0      0      0    405    277      0      0 
 07:01:43       0     16     42      -      0      0      0      0      0      0    405    277      0      0 
 07:01:44       0     15     42      -      0      0      0      0      0      0    405    277      0      0 
 07:01:45       0     14     42      -      0      0      0      0      0      0    405    277     43      0 
 07:01:46       0     15     42      -      0      0      0      0      0      0    405    277      0      0 
 07:01:47       0     15     42      -      0      0      0      0      0      0    405    277      0      0 
 07:01:48       0     15     42      -      0      0      0      0      0      0    405    277      0      0 
 07:01:49       0     15     42      -      0      0      0      0      0      0    405    277      0      0 
 07:01:49       0     15     42      -      0      0      0      0      0      0    405    277      0      0 
#Time         gpu    pwr  gtemp  mtemp     sm    mem    enc    dec    jpg    ofa   mclk   pclk  rxpci  txpci 
#HH:MM:SS     Idx      W      C      C      %      %      %      %      %      %    MHz    MHz   MB/s   MB/s 
 07:01:50       0     15     42      -      0      0      0      0      0      0    405    277      0      0 
 07:01:51       0     14     42      -      0      0      0      0      0      0    405    277      0      0 
 07:01:52       0     14     42      -      0      0      0      0      0      0    405    277      0      0 
 07:01:53       0     15     42      -      0      0      0      0      0      0    405    277      0      0 
 07:01:54       0     15     42      -      0      0      0      0      0      0    405    277      0      0 
 07:01:55       0     14     42      -      0      6      0      0      0      0    405    277      0      0 
 07:01:56       0     14     42      -      0      0      0      0      0      0    405    277      0      0 
 07:01:57       0     14     42      -      0      0      0      0      0      0    405    277      0      0 
 07:01:58       0     15     42      -      0      0      0      0      0      0    405    277      0      0 
 07:01:59       0     14     42      -      0      0      0      0      0      0    405    277      0      1 
 07:02:00       0     14     42      -      0      0      0      0      0      0    405    277      0      0 
 07:02:01       0     14     42      -      0      0      0      0      0      0    405    277      0      9 
 07:02:02       0     14     42      -      0      0      0      0      0      0    405    277     16      0 
 07:02:03       0     15     42      -      0      0      0      0      0      0    405    277      0      0 
 07:02:04       0     16     42      -      0      0      0      0      0      0    405    277      0      0 
 07:02:05       0     15     42      -      0      2      0      0      0      0    405    277      0      0 
 07:02:06       0     15     42      -      0      0      0      0      0      0    405    277      0      0 
 07:02:10       0     15     42      -      0      0      0      0      0      0    405    277      0      0 
 07:02:11       0     15     42      -      0      0      0      0      0      0    405    277      0      1 
 07:02:12       0     15     42      -      0      0      0      0      0      0    405    277      0      0 
 07:02:13       0     15     42      -      0      0      0      0      0      0    405    277      0      0 
 07:02:14       0     15     42      -      0      0      0      0      0      0    405    277      0      0 
 07:02:15       0     15     42      -      0      0      0      0      0      0    405    277      0      0 
 07:02:16       0     15     42      -      0      0      0      0      0      0    405    277      0      0 
 07:02:17       0     15     42      -      0      0      0      0      0      0    405    277      0      0 
 07:02:18       0     15     42      -      0      0      0      0      0      0    405    277      0      0 
 07:02:19       0     15     42      -      1      0      0      0      0      0    405    277      0      0 
 07:02:20       0     16     42      -      0      0      0      0      0      0    405    277      0      2 
 07:02:21       0     15     42      -      0      0      0      0      0      0    405    277      0      0 
 07:02:21       0     15     42      -      0      0      0      0      0      0    405    277      0      8 
 07:02:22       0     15     42      -      0      0      0      0      0      0    405    277      0      0 
 07:02:23       0     15     42      -      0      0      0      0      0      0    405    277      1      0 
 07:02:24       0     15     42      -      0      0      0      0      0      0    405    277      0      0 
 07:02:25       0     15     42      -      0      1      0      0      0      0    405    277      0      0 
 07:02:26       0     15     42      -      0      0      0      0      0      0    405    277      0      0 
 07:02:27       0     15     42      -      0      0      0      0      0      0    405    277      0      0 
 07:02:28       0     15     42      -      0      0      0      0      0      0    405    277      0      1 
 07:02:29       0     15     42      -      0      0      0      0      0      0    405    277      0      0 
 07:02:30       0     15     42      -      0      0      0      0      0      0    405    277      0      0 
 07:02:31       0     16     42      -      0      0      0      0      0      0    405    277      0      0 
 07:02:32       0     15     42      -      0      0      0      0      0      0    405    277      0      0 
 07:02:33       0     15     42      -      0      0      0      0      0      0    405    277      0      0 
 07:02:34       0     15     42      -      0      0      0      0      0      0    405    277      0      0 
 07:02:35       0     15     42      -      0      0      0      0      0      0    405    277      0      0 
#Time         gpu    pwr  gtemp  mtemp     sm    mem    enc    dec    jpg    ofa   mclk   pclk  rxpci  txpci 
#HH:MM:SS     Idx      W      C      C      %      %      %      %      %      %    MHz    MHz   MB/s   MB/s 
 07:02:36       0     15     42      -      0      0      0      0      0      0    405    277      0      0 
 07:02:37       0     15     42      -      0      0      0      0      0      0    405    277      0      1 
 07:02:38       0     15     42      -      0      0      0      0      0      0    405    270      0      0 
 07:02:39       0     15     42      -      0      1      0      0      0      0    405    277     27     11 
 07:02:40       0     15     42      -      0      0      0      0      0      0    405    277      0      0 
 07:02:41       0     15     42      -      0      0      0      0      0      0    405    277      0      0 
 07:02:42       0     15     42      -      0     12      0      0      0      0    405    277      0      0 
 07:02:46       0     15     42      -      0      0      0      0      0      0    405    270      0      0 
 07:02:47       0     15     42      -      0      0      0      0      0      0    405    277      0      0 
 07:02:48       0     15     42      -      0      0      0      0      0      0    405    277      0      0 
 07:02:49       0     15     42      -      0      0      0      0      0      0    405    277      0      1 
 07:02:50       0     15     42      -      0      0      0      0      0      0    405    277      0      0 
 07:02:51       0     15     42      -      0      0      0      0      0      0    405    277      0      0 
 07:02:52       0     15     42      -      0      0      0      0      0      0    405    277      0      0 
 07:02:53       0     15     42      -      0      0      0      0      0      0    405    277      0      0 
 07:02:54       0     16     42      -      0      0      0      0      0      0    405    270      0      0 
 07:02:54       0     16     42      -      0      0      0      0      0      0    405    277      0      0 
 07:02:55       0     15     42      -      0      0      0      0      0      0    405    277      0      0 
 07:02:56       0     15     42      -      0      0      0      0      0      0    405    277      0      0 
 07:02:57       0     15     42      -      0      0      0      0      0      0    405    277      0      0 
 07:02:58       0     14     42      -      0      0      0      0      0      0    405    277      0      0 
 07:02:59       0     14     42      -      0      0      0      0      0      0    405    277      0      6 
 07:03:00       0     14     42      -      0      0      0      0      0      0    405    277     46      0 
 07:03:01       0     15     42      -      0      0      0      0      0      0    405    277      0      0 
 07:03:02       0     15     42      -      0      0      0      0      0      0    405    277      0      0 
 07:03:03       0     16     42      -      0      0      0      0      0      0    405    277      0      0 
 07:03:04       0     16     42      -      0      0      0      0      0      0    405    277      0      0 
 07:03:05       0     15     42      -      0      0      0      0      0      0    405    277      0      0 
 07:03:06       0     15     42      -      0      0      0      0      0      0    405    277      0      0 
 07:03:07       0     15     42      -      0      0      0      0      0      0    405    277      0      0 
 07:03:08       0     15     42      -      0      0      0      0      0      0    405    277      0      0 
 07:03:09       0     15     42      -      0      0      0      0      0      0    405    277      0      0 
 07:03:10       0     15     42      -      0      0      0      0      0      0    405    277      0      0 
 07:03:11       0     15     42      -      1      0      0      0      0      0    405    277      0      0 
 07:03:12       0     15     42      -      0      0      0      0      0      0    405    277      0      0 
 07:03:13       0     15     42      -      0      0      0      0      0      0    405    277      0      0 
 07:03:14       0     15     42      -      0      0      0      0      0      0    405    277      0      0 
 07:03:14       0     15     42      -      0      0      0      0      0      0    405    277      0      1 
 07:03:15       0     15     42      -      0      0      0      0      0      0    405    277      0      0 
 07:03:16       0     15     42      -      0      0      0      0      0      0    405    277     28     11 
 07:03:17       0     15     42      -      0      0      0      0      0      0    405    277      0      0 
 07:03:22       0     14     42      -      0      0      0      0      0      0    405    277      0      0 
 07:03:23       0     15     42      -      0      0      0      0      0      0    405    277      0      0 
 07:03:24       0     15     42      -      0      0      0      0      0      0    405    277      0      0 
#Time         gpu    pwr  gtemp  mtemp     sm    mem    enc    dec    jpg    ofa   mclk   pclk  rxpci  txpci 
#HH:MM:SS     Idx      W      C      C      %      %      %      %      %      %    MHz    MHz   MB/s   MB/s 
 07:03:25       0     15     42      -      0      0      0      0      0      0    405    277      0      0 
 07:03:26       0     16     42      -      0      0      0      0      0      0    405    277      0      0 
 07:03:27       0     15     42      -      0      0      0      0      0      0    405    277      0      0 
 07:03:28       0     15     42      -      0      0      0      0      0      0    405    277      0      0 
 07:03:29       0     15     42      -      0      0      0      0      0      0    405    277      0      0 
 07:03:29       0     15     42      -      0      0      0      0      0      0    405    277      0      0 
 07:03:30       0     15     42      -      0      0      0      0      0      0    405    277      0      0 
 07:03:31       0     15     42      -      0      0      0      0      0      0    405    277      0      0 
 07:03:32       0     15     42      -      0      0      0      0      0      0    405    277      0      0 
 07:03:33       0     14     42      -      0      0      0      0      0      0    405    277      0      1 
 07:03:34       0     16     42      -      0      0      0      0      0      0    405    277      0      0 
 07:03:35       0     16     42      -      0      0      0      0      0      0    405    277      0      0 
 07:03:36       0     15     42      -      0      0      0      0      0      0    405    277      0      0 
 07:03:37       0     15     42      -      0      0      0      0      0      0    405    277     27     13 
 07:03:38       0     15     42      -      0      0      0      0      0      0    405    277      0      0 
 07:03:39       0     15     42      -      0      0      0      0      0      0    405    277      0      0 
 07:03:40       0     15     42      -      0      0      0      0      0      0    405    277      0      0 
 07:03:41       0     15     42      -      0      5      0      0      0      0    405    277      0      0 
 07:03:42       0     14     42      -      0      0      0      0      0      0    405    277      0      0 
 07:03:43       0     15     42      -      0      0      0      0      0      0    405    270      0      0 
 07:03:44       0     15     42      -      0      0      0      0      0      0    405    277      0      0 
 07:03:45       0     15     42      -      0      0      0      0      0      0    405    277      0      0 
 07:03:46       0     14     42      -      0      0      0      0      0      0    405    277      0      0 
 07:03:47       0     14     42      -      0     13      0      0      0      0    405    277      0      0 
 07:03:48       0     14     42      -      0      0      0      0      0      0    405    277      0      0 
 07:03:49       0     14     42      -      0      0      0      0      0      0    405    277      0      0 
 07:03:49       0     15     42      -      0      0      0      0      0      0    405    277      0      0 
 07:03:50       0     15     42      -      0      0      0      0      0      0    405    277      0      0 
 07:03:51       0     15     42      -      0      0      0      0      0      0    405    277      0      0 
 07:03:52       0     16     42      -      0      0      0      0      0      0    405    277      0      1 
 07:03:53       0     15     42      -      0      0      0      0      0      0    405    277      0      0 
 07:03:58       0     15     42      -      0      0      0      0      0      0    405    277      0     11 
 07:03:59       0     15     42      -      0      0      0      0      0      0    405    277      0      0 
 07:04:00       0     15     42      -      0      0      0      0      0      0    405    277      0      0 
 07:04:01       0     15     42      -      0      0      0      0      0      0    405    277      0      0 
 07:04:01       0     15     42      -      0      0      0      0      0      0    405    277      0      0 
 07:04:02       0     15     42      -      0      0      0      0      0      0    405    277      0      0 
 07:04:03       0     15     42      -      0      0      0      0      0      0    405    277      0      0 
 07:04:04       0     16     42      -      0      0      0      0      0      0    405    277      0      0 
 07:04:05       0     16     42      -      0      0      0      0      0      0    405    277      0      0 
 07:04:06       0     15     42      -      0      0      0      0      0      0    405    277      0      0 
 07:04:07       0     15     42      -      0      0      0      0      0      0    405    277      0      0 
 07:04:08       0     15     42      -      0      0      0      0      0      0    405    277      0      0 
 07:04:09       0     15     42      -      0      0      0      0      0      0    405    277      0      0 
#Time         gpu    pwr  gtemp  mtemp     sm    mem    enc    dec    jpg    ofa   mclk   pclk  rxpci  txpci 
#HH:MM:SS     Idx      W      C      C      %      %      %      %      %      %    MHz    MHz   MB/s   MB/s 
 07:04:10       0     15     42      -      0      0      0      0      0      0    405    277      0      0 
 07:04:11       0     15     42      -      0      0      0      0      0      0    405    277      0      0 
 07:04:12       0     15     42      -      0      0      0      0      0      0    405    277      0      0 
 07:04:13       0     15     42      -      0      0      0      0      0      0    405    277      0      0 
 07:04:14       0     15     42      -      0      0      0      0      0      0    405    277      0      0 
 07:04:15       0     15     42      -      0      0      0      0      0      0    405    277      0      0 
 07:04:16       0     15     42      -      0      0      0      0      0      0    405    277     45      7 
 07:04:17       0     16     42      -      0      0      0      0      0      0    405    277      0      1 
 07:04:18       0     15     42      -      0      0      0      0      0      0    405    277      0      0 
 07:04:19       0     15     42      -      0      0      0      0      0      0    405    277      0      0 
 07:04:20       0     15     42      -      0      0      0      0      0      0    405    277      0      0 
 07:04:21       0     15     42      -      0      0      0      0      0      0    405    277      0      0 
 07:04:22       0     15     42      -      0      0      0      0      0      0    405    277      0      0 
 07:04:23       0     15     42      -      0      0      0      0      0      0    405    277      0      1 
 07:04:24       0     15     42      -      0      0      0      0      0      0    405    270      0      0 
 07:04:25       0     15     42      -      0      0      0      0      0      0    405    277      0      0 
 07:04:25       0     15     42      -      0      0      0      0      0      0    405    277      0      0 
 07:04:26       0     15     42      -      0      0      0      0      0      0    405    277      0      0 
 07:04:27       0     15     42      -      0      0      0      0      0      0    405    277      0      0 
 07:04:28       0     15     42      -      0      0      0      0      0      0    405    277      0      0 
 07:04:32       0     15     42      -      0      0      0      0      0      0    405    277      0      0 
 07:04:33       0     15     42      -      0      0      0      0      0      0    405    277      0      0 
 07:04:34       0     15     42      -      0      0      0      0      0      0    405    277      0      0 
 07:04:35       0     15     42      -      0      0      0      0      0      0    405    277      0      0 
 07:04:36       0     15     42      -      0      0      0      0      0      0    405    277      0      3 
 07:04:37       0     15     42      -      0      0      0      0      0      0    405    277     47      0 
 07:04:38       0     15     42      -      0      0      0      0      0      0    405    277      0      0 
 07:04:39       0     15     42      -      0      2      0      0      0      0    405    277      0      0 
 07:04:40       0     15     42      -      0      0      0      0      0      0    405    270      0      0 
 07:04:41       0     16     42      -      0      0      0      0      0      0    405    277      0      0 
 07:04:42       0     15     42      -      0      0      0      0      0      0    405    277      0      0 
 07:04:43       0     15     42      -      0      0      0      0      0      0    405    277      0      0 
 07:04:44       0     15     42      -      0      1      0      0      0      0    405    277      0      1 
 07:04:45       0     15     42      -      0      0      0      0      0      0    405    277      0      0 
 07:04:46       0     15     42      -      0      1      0      0      0      0    405    277      0      0 
 07:04:47       0     15     42      -      0      0      0      0      0      0    405    277      0      0 
 07:04:48       0     15     42      -      0      0      0      0      0      0    405    270      0      0 
 07:04:49       0     15     42      -      0      0      0      0      0      0    405    277      0      0 
 07:04:50       0     16     42      -      0      0      0      0      0      0    405    277      0      0 
 07:04:51       0     15     42      -      0      0      0      0      0      0    405    277      0      0 
 07:04:52       0     15     42      -      0      1      0      0      0      0    405    277      0      0 
 07:04:53       0     15     42      -      0      0      0      0      0      0    405    277      0      0 
 07:04:54       0     15     42      -      0      0      0      0      0      0    405    277      1      0 
 07:04:55       0     15     42      -      0      0      0      0      0      0    405    277      0      0 
#Time         gpu    pwr  gtemp  mtemp     sm    mem    enc    dec    jpg    ofa   mclk   pclk  rxpci  txpci 
#HH:MM:SS     Idx      W      C      C      %      %      %      %      %      %    MHz    MHz   MB/s   MB/s 
 07:04:55       0     15     42      -      0     16      0      0      0      0    405    277     74      3 
 07:04:56       0     15     42      -      0      0      0      0      0      0    405    277      0      0 
 07:04:57       0     15     42      -      0      0      0      0      0      0    405    277      0      0 
 07:04:58       0     15     42      -      0      0      0      0      0      0    405    277      0      0 
 07:04:59       0     15     42      -      0      0      0      0      0      0    405    277      0      0 
 07:05:00       0     15     42      -      0      0      0      0      0      0    405    277      0      0 
 07:05:01       0     16     42      -      0      0      0      0      0      0    405    277      0      0 
 07:05:02       0     15     42      -      0      0      0      0      0      0    405    277      0      0 
 07:05:03       0     15     42      -      0      0      0      0      0      0    405    277      0      0 
 07:05:04       0     15     42      -      0      0      0      0      0      0    405    277      0      0 
 07:05:08       0     15     42      -      0      0      0      0      0      0    405    277      0      0 
 07:05:09       0     15     42      -      0      0      0      0      0      0    405    277      0      0 
 07:05:10       0     15     42      -      0      0      0      0      0      0    405    277      0      0 
 07:05:11       0     15     42      -      0      0      0      0      0      0    405    277      0      0 
 07:05:12       0     15     42      -      0      0      0      0      0      0    405    277      0      0 
 07:05:13       0     15     42      -      0      0      0      0      0      0    405    277      0      0 
 07:05:14       0     15     42      -      0      0      0      0      0      0    405    277      0      1 
 07:05:15       0     15     42      -      1      0      0      0      0      0    405    277      0      0 
 07:05:16       0     16     42      -      0      0      0      0      0      0    405    277     27     11 
 07:05:17       0     15     42      -      0     25      0      0      0      0    405    277      0      0 
 07:05:18       0     15     42      -      0      0      0      0      0      0    405    277      0      0 
 07:05:19       0     14     42      -      0      0      0      0      0      0    405    277      0      0 
 07:05:20       0     15     42      -      0      0      0      0      0      0    405    277      0      0 
 07:05:21       0     15     42      -      0      0      0      0      0      0    405    277      0      0 
 07:05:22       0     15     42      -      0      0      0      0      0      0    405    277      0      0 
 07:05:23       0     15     42      -      0      0      0      0      0      0    405    277      0      1 
 07:05:24       0     15     42      -      0      0      0      0      0      0    405    277      0      0 
 07:05:25       0     15     42      -      0      0      0      0      0      0    405    277      0      0 
 07:05:26       0     15     42      -      0      0      0      0      0      0    405    277      0      0 
 07:05:27       0     15     42      -      0      0      0      0      0      0    405    277      0      0 
 07:05:28       0     15     42      -      0      0      0      0      0      0    405    277      0      0 
 07:05:28       0     16     42      -      0      0      0      0      0      0    405    270      0      0 
 07:05:29       0     16     42      -      0      0      0      0      0      0    405    277      0      0 
 07:05:30       0     15     42      -      0      0      0      0      0      0    405    277      0      0 
 07:05:31       0     15     42      -      0      8      0      0      0      0    405    277      0      0 
 07:05:32       0     15     42      -      0      0      0      0      0      0    405    270      0      0 
 07:05:33       0     14     42      -      0      0      0      0      0      0    405    277      0      8 
 07:05:34       0     14     42      -      0      0      0      0      0      0    405    277      0      0 
 07:05:35       0     14     42      -      0      9      0      0      0      0    405    277      0      0 
 07:05:36       0     14     42      -      0      0      0      0      0      0    405    277      0      0 
 07:05:37       0     15     42      -      0      1      0      0      0      0    405    277      0      0 
 07:05:38       0     15     42      -      0      0      0      0      0      0    405    277      0      0 
 07:05:39       0     15     42      -      0      0      0      0      0      0    405    277      0      0 
 07:05:43       0     15     42      -      1      0      0      0      0      0    405    277      0      0 
#Time         gpu    pwr  gtemp  mtemp     sm    mem    enc    dec    jpg    ofa   mclk   pclk  rxpci  txpci 
#HH:MM:SS     Idx      W      C      C      %      %      %      %      %      %    MHz    MHz   MB/s   MB/s 
 07:05:44       0     16     42      -      0      0      0      0      0      0    405    270      0      0 
 07:05:45       0     15     42      -      0      2      0      0      0      0    405    277      0      0 
 07:05:46       0     14     42      -      0      0      0      0      0      0    405    277      0      0 
 07:05:47       0     14     42      -      0      0      0      0      0      0    405    277      0      0 
 07:05:48       0     15     42      -      0      0      0      0      0      0    405    277      0      0 
 07:05:49       0     14     42      -      0      0      0      0      0      0    405    277      0      0 
 07:05:50       0     14     42      -      0      0      0      0      0      0    405    277      0      0 
 07:05:51       0     14     42      -      0      0      0      0      0      0    405    277      0      0 
 07:05:52       0     14     42      -      0      0      0      0      0      0    405    277      0      0 
 07:05:53       0     14     42      -      1      0      0      0      0      0    405    277      0      0 
 07:05:54       0     15     42      -      0      0      0      0      0      0    405    277      0      6 
 07:05:55       0     14     42      -      0      0      0      0      0      0    405    277     45      0 
 07:05:56       0     14     42      -      0      0      0      0      0      0    405    277      0      0 
 07:05:57       0     14     42      -      0      0      0      0      0      0    405    277      0      0 
 07:05:58       0     14     42      -      0      1      0      0      0      0    405    277      0      0 
 07:05:59       0     14     42      -      0      0      0      0      0      0    405    277      0      0 
 07:05:59       0     14     42      -      0      0      0      0      0      0    405    277      0      0 
 07:06:00       0     14     42      -      0      0      0      0      0      0    405    277      0      0 
 07:06:01       0     14     42      -      0      0      0      0      0      0    405    277      0      0 
 07:06:02       0     14     42      -      0      0      0      0      0      0    405    277      0      0 
 07:06:03       0     15     42      -      0      0      0      0      0      0    405    277      0      0 
 07:06:04       0     16     42      -      0      0      0      0      0      0    405    277      0      0 
 07:06:05       0     15     42      -      0      0      0      0      0      0    405    277      0      0 
 07:06:06       0     14     42      -      0     12      0      0      0      0    405    277      0      0 
 07:06:07       0     14     42      -      0      0      0      0      0      0    405    277      0      0 
 07:06:08       0     14     42      -      0      0      0      0      0      0    405    277      0      0 
 07:06:09       0     15     42      -      0      0      0      0      0      0    405    277      0      0 
 07:06:10       0     14     42      -      0      0      0      0      0      0    405    277      0      1 
 07:06:11       0     14     42      -      0      0      0      0      0      0    405    277      0      0 
 07:06:12       0     15     42      -      0      0      0      0      0      0    405    277     48      7 
 07:06:13       0     16     42      -      0      0      0      0      0      0    405    277      0      0 
 07:06:14       0     14     42      -      0      0      0      0      0      0    405    277      0      0 
 07:06:15       0     14     42      -      0      0      0      0      0      0    405    277      0      0 
 07:06:19       0     14     42      -      0      1      0      0      0      0    405    277      0      0 
 07:06:20       0     14     42      -      0      0      0      0      0      0    405    277      0      0 
 07:06:21       0     14     42      -      0      0      0      0      0      0    405    277      0      0 
 07:06:22       0     14     42      -      0      0      0      0      0      0    405    277      0      1 
 07:06:23       0     14     42      -      0      0      0      0      0      0    405    277      0      0 
 07:06:24       0     14     42      -      0      0      0      0      0      0    405    277      0      0 
 07:06:25       0     14     42      -      0      0      0      0      0      0    405    277      0      0 
 07:06:26       0     16     42      -      0      0      0      0      0      0    405    277      0      0 
 07:06:27       0     15     42      -      0      0      0      0      0      0    405    277      0      0 
 07:06:28       0     15     42      -      0      0      0      0      0      0    405    277      0      0 
 07:06:28       0     15     42      -      0      0      0      0      0      0    405    277      0      0 
#Time         gpu    pwr  gtemp  mtemp     sm    mem    enc    dec    jpg    ofa   mclk   pclk  rxpci  txpci 
#HH:MM:SS     Idx      W      C      C      %      %      %      %      %      %    MHz    MHz   MB/s   MB/s 
 07:06:29       0     14     42      -      0      0      0      0      0      0    405    277      0      0 
 07:06:30       0     14     42      -      0      1      0      0      0      0    405    277      0      1 
 07:06:31       0     14     42      -      0      0      0      0      0      0    405    277      0      0 
 07:06:32       0     15     42      -      1     12      0      0      0      0    405    277     44      0 
 07:06:33       0     16     42      -      0      0      0      0      0      0    405    277      0      0 
 07:06:34       0     15     42      -      0      0      0      0      0      0    405    277      0      0 
 07:06:35       0     15     42      -      0      0      0      0      0      0    405    277      0      0 
 07:06:36       0     15     42      -      0      2      0      0      0      0    405    277      0      0 
 07:06:37       0     15     42      -      0      0      0      0      0      0    405    277      0      0 
 07:06:38       0     15     42      -      0      0      0      0      0      0    405    277      0      0 
 07:06:39       0     15     42      -      0      0      0      0      0      0    405    277      0      0 
 07:06:40       0     15     42      -      1      0      0      0      0      0    405    277      0      0 
 07:06:41       0     16     42      -      0      8      0      0      0      0    405    277      0      0 
 07:06:42       0     15     42      -      0      0      0      0      0      0    405    277      0      0 
 07:06:43       0     15     42      -      0      0      0      0      0      0    405    277      0      0 
 07:06:44       0     15     42      -      0      0      0      0      0      0    405    277      0      0 
 07:06:45       0     15     42      -      0      0      0      0      0      0    405    277      0      0 
 07:06:46       0     15     42      -      0      0      0      0      0      0    405    277      0      0 
 07:06:47       0     14     42      -      0      0      0      0      0      0    405    277      0      0 
 07:06:48       0     14     42      -      0      0      0      0      0      0    405    277      1      0 
 07:06:48       0     14     42      -      0      0      0      0      0      0    405    277      0      7 
 07:06:49       0     15     42      -      0      0      0      0      0      0    405    277      0      0 
 07:06:50       0     15     42      -      0      0      0      0      0      0    405    277      0      0 
 07:06:55       0     15     42      -      0      0      0      0      0      0    405    277      0      0 
 07:06:56       0     15     42      -      1      0      0      0      0      0    405    277      0      0 
 07:06:57       0     16     42      -      0      0      0      0      0      0    405    277      0      0 
 07:06:58       0     15     42      -      0      0      0      0      0      0    405    277      0      0 
 07:06:59       0     15     42      -      0      0      0      0      0      0    405    277      0      0 
 07:07:00       0     15     42      -      0      0      0      0      0      0    405    277      0      0 
 07:07:01       0     15     42      -      0      0      0      0      0      0    405    277      0      1 
 07:07:02       0     15     42      -      0      0      0      0      0      0    405    277      0      0 
 07:07:03       0     15     42      -      0      0      0      0      0      0    405    277      0      0 
 07:07:03       0     15     42      -      0      0      0      0      0      0    405    277      0      0 
 07:07:04       0     15     42      -      0      0      0      0      0      0    405    277      0      0 
 07:07:05       0     14     42      -      0      0      0      0      0      0    405    277      0      0 
 07:07:06       0     15     42      -      0      0      0      0      0      0    405    277      0      0 
 07:07:07       0     15     42      -      0      0      0      0      0      0    405    277      0      0 
 07:07:08       0     15     42      -      0     12      0      0      0      0    405    277      0      1 
 07:07:09       0     15     42      -      0      0      0      0      0      0    405    277      0      0 
 07:07:10       0     15     42      -      0      0      0      0      0      0    405    277     45      0 
 07:07:11       0     15     42      -      0      0      0      0      0      0    405    277      0      0 
 07:07:12       0     15     42      -      0      0      0      0      0      0    405    277      0      0 
 07:07:13       0     15     42      -      0      0      0      0      0      0    405    277      0      0 
 07:07:14       0     14     42      -      0      0      0      0      0      0    405    277      0      0 
#Time         gpu    pwr  gtemp  mtemp     sm    mem    enc    dec    jpg    ofa   mclk   pclk  rxpci  txpci 
#HH:MM:SS     Idx      W      C      C      %      %      %      %      %      %    MHz    MHz   MB/s   MB/s 
 07:07:15       0     15     42      -      0      0      0      0      0      0    405    277      0      0 
 07:07:16       0     15     42      -      0      0      0      0      0      0    405    277      0      0 
 07:07:17       0     15     42      -      0      0      0      0      0      0    405    277      0      1 
 07:07:18       0     34     43      -      6      1      0      0      0      0  15016   2625      7      6 
 07:07:19       0     44     43      -      0      0      0      0      0      0  15016   2625      3      0 
 07:07:20       0     32     43      -      0      0      0      0      0      0   7001    630      0      0 
 07:07:21       0     29     43      -      0      0      0      0      0      0   7001    727      0      0 
 07:07:22       0     27     43      -      0      0      0      0      0      0   7001    277      1      0 
 07:07:23       0     22     42      -      0      0      0      0      0      0    810    277      0      1 
 07:07:23       0     18     42      -      0      0      0      0      0      0    810    277      0      0 
 07:07:24       0     16     42      -      0      0      0      0      0      0    405    277      0      0 
 07:07:25       0     17     42      -      0      0      0      0      0      0    405    277      2      0 
 07:07:26       0     16     42      -      0      0      0      0      0      0    405    352      1      0 
 07:07:31       0     16     42      -      0      0      0      0      0      0    405    270     45      7 
 07:07:32       0     15     42      -      0      0      0      0      0      0    405    277      0      0 
 07:07:33       0     15     42      -      0      0      0      0      0      0    405    277      0      0 
 07:07:34       0     16     42      -      0      0      0      0      0      0    405    517      1      0 
 07:07:35       0     45     44      -      0      0      0      0      0      0  15016   2722      0      0 
 07:07:36       0     56     44      -     79      7      0      0      0      0  15016   2745  63112   3576 
 07:07:36       0    208     57      -    100     36      0      0      0      0  15016   2932  46204   3373 
 07:07:37       0    256     66      -     20      3      0      0      0      0  15016   2887     38     13 
 07:07:38       0     58     48      -      0      0      0      0      0      0  15016   2947      0      0 
 07:07:39       0     43     45      -      0      0      0      0      0      0   7001    720      4    864 
 07:07:40       0     59     46      -      9      5      0      0      0      0   7001   1267  44403   2083 
 07:07:41       0    227     54      -     69     29      0      0      0      0  15016   2910      1      0 
 07:07:42       0     57     47      -      0      0      0      0      0      0  15016   2947      0      0 
 07:07:43       0     48     46      -      0      0      0      0      0      0   7001   2947      0      0 
 07:07:44       0     29     45      -      0      0      0      0      0      0   7001    420      0      0 
 07:07:45       0     28     44      -      0      0      0      0      0      0   7001    277      0      0 
 07:07:46       0     27     44      -      0      0      0      0      0      0   7001    277      0      0 
 07:07:47       0     27     44      -      0      0      0      0      0      0   7001    277      0      2 
 07:07:48       0     28     44      -      0      0      0      0      0      0   7001    277      0      9 
 07:07:49       0     19     44      -      0      0      0      0      0      0    810    277      0      0 
 07:07:50       0     17     44      -      0      0      0      0      0      0    810    277      0      0 
 07:07:51       0     16     44      -      0      0      0      0      0      0    405    277      0      0 
 07:07:52       0     15     44      -      0      0      0      0      0      0    405    277      0      0 
 07:07:53       0     15     44      -      0      0      0      0      0      0    405    277      0      0 
 07:07:54       0     15     44      -      0      0      0      0      0      0    405    277      0      0 
 07:07:55       0     15     44      -      0      0      0      0      0      0    405    277      0      0 
 07:07:56       0     15     44      -      0      0      0      0      0      0    405    277      0      1 
 07:07:56       0     15     43      -      0      0      0      0      0      0    405    277      0      0 
 07:07:57       0     15     43      -      0      0      0      0      0      0    405    277      0      0 
 07:07:58       0     15     43      -      0      0      0      0      0      0    405    277      0      0 
 07:07:59       0     15     43      -      0      0      0      0      0      0    405    277      0      0 
#Time         gpu    pwr  gtemp  mtemp     sm    mem    enc    dec    jpg    ofa   mclk   pclk  rxpci  txpci 
#HH:MM:SS     Idx      W      C      C      %      %      %      %      %      %    MHz    MHz   MB/s   MB/s 
 07:08:00       0     15     43      -      0      0      0      0      0      0    405    277      0      0 
 07:08:01       0     15     43      -      0      0      0      0      0      0    405    277     11    394 
 07:08:05       0    105     48      -     92     43      0      0      0      0  15016   2917     22     10 
 07:08:06       0    133     49      -      0      0      0      0      0      0  15016   2910  48461   3526 
 07:08:07       0    322     66      -    100     27      0      0      0      0  15016   2872  36168   3111 
 07:08:08       0    332     71      -    100     22      0      0      0      0  15016   2857  46421   2238 
 07:08:09       0    258     69      -    100     21      0      0      0      0  15016   2880  48370   4158 
 07:08:10       0    234     58      -     90     44      0      0      0      0  15016   2902   1349    361 
 07:08:11       0    171     65      -    100     37      0      0      0      0  15016   2917  41366   4157 
 07:08:12       0    334     70      -     99     23      0      0      0      0  15016   2865  45990    210 
 07:08:13       0    333     72      -     99     22      0      0      0      0  15016   2857  45509    229 
 07:08:14       0    329     74      -     99     22      0      0      0      0  15016   2865      1      1 
 07:08:15       0    331     74      -    100     22      0      0      0      0  15016   2865     34   4950 
 07:08:16       0    328     74      -    100     11      0      0      0      0  15016   2865  47522     54 
 07:08:17       0    325     74      -    100     18      0      0      0      0  15016   2872  24209   3601 
 07:08:18       0    326     73      -    100     12      0      0      0      0  15016   2865      1      0 
 07:08:19       0    286     71      -    100     12      0      0      0      0  15016   2857      0      0 
 07:08:20       0    283     72      -     94      8      0      0      0      0  15016   2865  56483   3580 
 07:08:21       0    266     71      -    100      5      0      0      0      0  15016   2872      0      0 
 07:08:22       0    277     71      -    100     12      0      0      0      0  15016   2872   2571   3865 
 07:08:23       0    274     71      -    100     10      0      0      0      0  15016   2895  52422   3637 
 07:08:24       0    278     71      -    100     11      0      0      0      0  15016   2865      1      0 
 07:08:25       0    214     63      -     94     49      0      0      0      0  15016   2887    733      4 
 07:08:26       0    139     54      -     78     29      0      0      0      0  15016   2932  36463   3411 
 07:08:26       0    338     73      -     99     26      0      0      0      0  15016   2850  17091     20 
 07:08:27       0    332     74      -     99     22      0      0      0      0  15016   2850      2      1 
 07:08:28       0    332     75      -    100     20      0      0      0      0  15016   2857  24179   4160 
 07:08:29       0    330     76      -    100     17      0      0      0      0  15016   2850      4      1 
 07:08:30       0    331     76      -    100     21      0      0      0      0  15016   2865      0      1 
 07:08:31       0    326     76      -    100     11      0      0      0      0  15016   2865      1      0 
 07:08:32       0    331     76      -    100     12      0      0      0      0  15016   2865  11309   5203 
 07:08:33       0    285     72      -    100     12      0      0      0      0  15016   2865  21834   2794 
 07:08:34       0    287     72      -    100     12      0      0      0      0  15016   2857     17     12 
 07:08:35       0    271     70      -    100     12      0      0      0      0  15016   2865  24344      0 
 07:08:36       0    280     72      -    100      9      0      0      0      0  15016   2865      0      2 
 07:08:37       0    274     71      -    100     12      0      0      0      0  15016   2865      0      0 
 07:08:41       0    276     71      -    100     12      0      0      0      0  15016   2865      0    123 
 07:08:42       0    275     69      -     98     12      0      0      0      0  15016   2872      0      0 
 07:08:43       0    275     71      -    100      2      0      0      0      0  15016   2880      0      0 
 07:08:44       0    277     73      -    100     12      0      0      0      0  15016   2887      1      0 
 07:08:45       0    274     71      -    100     12      0      0      0      0  15016   2887      0   2081 
 07:08:46       0    275     71      -    100      2      0      0      0      0  15016   2865      0      0 
 07:08:47       0    272     71      -    100      2      0      0      0      0  15016   2872      1      0 
 07:08:48       0    270     71      -    100      2      0      0      0      0  15016   2880  24155     22 
#Time         gpu    pwr  gtemp  mtemp     sm    mem    enc    dec    jpg    ofa   mclk   pclk  rxpci  txpci 
#HH:MM:SS     Idx      W      C      C      %      %      %      %      %      %    MHz    MHz   MB/s   MB/s 
 07:08:49       0    272     68      -    100      5      0      0      0      0  15016   2865      1      0 
 07:08:50       0    274     72      -    100      9      0      0      0      0  15016   2865      0      0 
 07:08:51       0    269     69      -    100      6      0      0      0      0  15016   2895      0      0 
 07:08:52       0    270     71      -    100     12      0      0      0      0  15016   2872      0      0 
 07:08:53       0    271     71      -    100     12      0      0      0      0  15016   2865      0      0 
 07:08:54       0    269     71      -     99     12      0      0      0      0  15016   2887      0      0 
 07:08:55       0    270     71      -    100     12      0      0      0      0  15016   2880      0      0 
 07:08:56       0    270     71      -    100     12      0      0      0      0  15016   2872      0      0 
 07:08:57       0    270     71      -    100      2      0      0      0      0  15016   2872      0      0 
 07:08:58       0    263     70      -    100      9      0      0      0      0  15016   2880  63254    243 
 07:08:59       0    264     70      -    100      4      0      0      0      0  15016   2872      0      2 
 07:08:59       0    246     64      -     94     52      0      0      0      0  15016   2872   1448    154 
 07:09:00       0    231     64      -     82     30      0      0      0      0  15016   2895  37154   3987 
 07:09:01       0    236     62      -     91     42      0      0      0      0  15016   2895   1451      1 
 07:09:02       0    312     71      -    100     27      0      0      0      0  15016   2857  24142   3194 
 07:09:03       0    335     71      -    100     22      0      0      0      0  15016   2857  35798   3128 
 07:09:04       0    333     75      -    100     20      0      0      0      0  15016   2865   7167   3776 
 07:09:05       0    225     62      -     94     45      0      0      0      0  15016   2887   3081     50 
 07:09:06       0    272     72      -     99     30      0      0      0      0  15016   2857  41129   3406 
 07:09:07       0    335     73      -    100     24      0      0      0      0  15016   2857      2   1658 
 07:09:08       0    333     75      -    100     17      0      0      0      0  15016   2857   7097   3530 
 07:09:09       0    332     76      -    100     20      0      0      0      0  15016   2865      1      2 
 07:09:10       0    332     75      -    100     11      0      0      0      0  15016   2857      1      0 
 07:09:11       0    333     74      -    100     11      0      0      0      0  15016   2850    769   5294 
 07:09:12       0    326     76      -    100     20      0      0      0      0  15016   2865   6933      2 
 07:09:13       0    313     77      -    100     12      0      0      0      0  15016   2865  35824   1589 
 07:09:17       0    286     72      -    100     12      0      0      0      0  15016   2865  30603      0 
 07:09:18       0    272     71      -    100      6      0      0      0      0  15016   2902      0      0 
 07:09:19       0    281     72      -    100      8      0      0      0      0  15016   2872      0      0 
 07:09:20       0    278     72      -     99     11      0      0      0      0  15016   2887      0      1 
 07:09:21       0    278     72      -    100     10      0      0      0      0  15016   2857  16199      0 
 07:09:22       0    262     72      -     97     24      0      0      0      0  15016   2872   1143    122 
 07:09:23       0    159     58      -      0      0      0      0      0      0  15016   2887      0   1158 
 07:09:24       0    342     69      -    100     29      0      0      0      0  15016   2865  22158   3080 
 07:09:25       0    335     75      -    100     25      0      0      0      0  15016   2857  24244   4142 
 07:09:26       0    333     75      -    100     22      0      0      0      0  15016   2857      0   2082 
 07:09:27       0    332     76      -    100     15      0      0      0      0  15016   2857  24231     26 
 07:09:28       0    331     74      -    100     17      0      0      0      0  15016   2865  27180   3870 
 07:09:29       0    330     74      -     99     14      0      0      0      0  15016   2857  34572   3792 
 07:09:30       0    329     75      -    100     15      0      0      0      0  15016   2857      0      1 
 07:09:31       0    305     73      -    100     12      0      0      0      0  15016   2865  48472   2079 
 07:09:32       0    284     73      -    100     12      0      0      0      0  15016   2857  39885    664 
 07:09:32       0    271     71      -    100     12      0      0      0      0  15016   2887      0      0 
 07:09:33       0    279     73      -    100     12      0      0      0      0  15016   2872  39442   4159 
#Time         gpu    pwr  gtemp  mtemp     sm    mem    enc    dec    jpg    ofa   mclk   pclk  rxpci  txpci 
#HH:MM:SS     Idx      W      C      C      %      %      %      %      %      %    MHz    MHz   MB/s   MB/s 
 07:09:34       0    276     72      -    100      2      0      0      0      0  15016   2865      1      0 
 07:09:35       0    280     73      -    100      9      0      0      0      0  15016   2872      0      0 
 07:09:36       0    278     72      -    100     12      0      0      0      0  15016   2865      0      0 
 07:09:37       0    272     71      -    100      6      0      0      0      0  15016   2865      2      0 
 07:09:38       0    275     72      -    100     12      0      0      0      0  15016   2865  40251   4159 
 07:09:39       0    276     72      -     99     12      0      0      0      0  15016   2865      0      0 
 07:09:40       0    275     70      -    100      9      0      0      0      0  15016   2865      1      2 
 07:09:41       0    276     71      -    100     12      0      0      0      0  15016   2872      0      0 
 07:09:42       0    271     71      -    100      9      0      0      0      0  15016   2865  37238   3478 
 07:09:43       0    272     71      -    100      5      0      0      0      0  15016   2865      1      1 
 07:09:44       0    275     71      -    100     12      0      0      0      0  15016   2872      0      0 
 07:09:45       0    271     71      -     99     12      0      0      0      0  15016   2865     97      0 
 07:09:46       0    271     71      -    100     12      0      0      0      0  15016   2865      0      0 
 07:09:47       0    272     72      -    100     12      0      0      0      0  15016   2865      0      0 
 07:09:48       0    271     68      -    100      9      0      0      0      0  15016   2865      0      0 
 07:09:49       0    270     71      -    100     12      0      0      0      0  15016   2880      0      0 
 07:09:53       0    272     71      -    100      4      0      0      0      0  15016   2887      1      0 
 07:09:54       0    271     71      -    100      2      0      0      0      0  15016   2872      0      0 
 07:09:55       0    269     71      -    100      9      0      0      0      0  15016   2872      0      0 
 07:09:56       0    268     71      -    100      9      0      0      0      0  15016   2872      0    442 
 07:09:57       0    267     71      -    100      9      0      0      0      0  15016   2895  28723   2988 
 07:09:58       0    207     62      -     92     51      0      0      0      0  15016   2895      8     15 
 07:09:59       0     77     53      -      0      0      0      0      0      0  15016   2932      0      0 
 07:10:00       0     53     51      -      0      0      0      0      0      0   7001   2932      0      0 
 07:10:01       0     33     49      -      0      0      0      0      0      0   7001    435      0      0 
 07:10:02       0     31     48      -      0      0      0      0      0      0   7001    277      0      0 
 07:10:03       0     30     48      -      0      0      0      0      0      0   7001    277      0      0 
 07:10:03       0     30     47      -      0      0      0      0      0      0   7001    277      0      1 
 07:10:04       0     30     47      -      1      0      0      0      0      0   7001    277     23      7 
 07:10:05       0     25     46      -      4      0      0      0      0      0    810    277      0      1 
 07:10:06       0     20     46      -      0      0      0      0      0      0    810    277     45      0 
 07:10:07       0     17     46      -      0      0      0      0      0      0    405    277      0      0 
