#Time         gpu    pwr  gtemp  mtemp     sm    mem    enc    dec    jpg    ofa   mclk   pclk  rxpci  txpci 
#HH:MM:SS     Idx      W      C      C      %      %      %      %      %      %    MHz    MHz   MB/s   MB/s 
 07:21:41       0     15     41      -      0      3      0      0      0      0    405    277      0      0 
 07:21:42       0     15     41      -      0      0      0      0      0      0    405    277      0      0 
 07:21:42       0     15     41      -      0      0      0      0      0      0    405    277      0      0 
 07:21:43       0     15     41      -      0      0      0      0      0      0    405    277      0      0 
 07:21:48       0     14     41      -      0      0      0      0      0      0    405    277      0      0 
 07:21:49       0     14     41      -      0      0      0      0      0      0    405    277      0      1 
 07:21:50       0     14     41      -      0      0      0      0      0      0    405    277      0      0 
 07:21:51       0     14     41      -      0      0      0      0      0      0    405    277     44      8 
 07:21:52       0     14     41      -      0      0      0      0      0      0    405    277      0      0 
 07:21:53       0     14     41      -      0      0      0      0      0      0    405    277      0      0 
 07:21:53       0     14     41      -      0      0      0      0      0      0    405    277      0      0 
 07:21:54       0     14     41      -      0      0      0      0      0      0    405    277      0      0 
 07:21:55       0     20     41      -      1      0      0      0      0      0    405    277      0      0 
 07:21:56       0     42     42      -      1      0      0      0      0      0  15016   2610      0      0 
 07:21:57       0     43     42      -      0      0      0      0      0      0  15016   2610      0      0 
 07:21:58       0     46     43      -      3      0      0      0      0      0  15016   2655   1075    177 
 07:21:59       0     45     43      -      6      1      0      0      0      0  15016   2625   1650    140 
 07:22:00       0     44     43      -      0      0      0      0      0      0  15016   2610      0      0 
 07:22:01       0     41     43      -      0      0      0      0      0      0   7001   2610      0      0 
 07:22:02       0     28     42      -      0      0      0      0      0      0    810    630      0      0 
 07:22:03       0     18     42      -      9      0      0      0      0      0    810    360      0     20 
 07:22:04       0     17     41      -      0      0      0      0      0      0    405    277      0      0 
 07:22:05       0     19     41      -     80     64      0      0      0      0    405    277     28      9 
 07:22:06       0     45     42      -      0      0      0      0      0      0  15016   2617      0      0 
 07:22:07       0     38     43      -      0      0      0      0      0      0  15016   2610      0      1 
 07:22:08       0     28     42      -      0      0      0      0      0      0   7001    525      1      0 
 07:22:09       0     25     42      -      0      0      0      0      0      0    810    330     47      0 
 07:22:10       0     21     42      -      0      0      0      0      0      0    810    277      0      0 
 07:22:11       0     16     41      -      0      0      0      0      0      0    405    277      0      0 
 07:22:12       0     15     41      -      0      0      0      0      0      0    405    277      0      0 
 07:22:13       0     17     41      -      0      0      0      0      0      0    405    277   6561    829 
 07:22:14       0     61     43      -      0      0      0      0      0      0  15016   2947      0      0 
 07:22:15       0     55     44      -      0      0      0      0      0      0  15016   2947      0      0 
 07:22:15       0     28     42      -      0      0      0      0      0      0   7001    480      0      0 
 07:22:16       0     27     42      -      0      0      0      0      0      0   7001    300      0      0 
 07:22:17       0     23     42      -      0      0      0      0      0      0    810    285      0      0 
 07:22:18       0     15     42      -      0      0      0      0      0      0    405    277      0      0 
 07:22:23       0     15     42      -      0      0      0      0      0      0    405    277      0      0 
 07:22:24       0     18     42      -      1      0      0      0      0      0    405    412      0      0 
 07:22:25       0     26     42      -     11      3      0      0      0      0    405    397      0      0 
 07:22:26       0     43     43      -      0      0      0      0      0      0  15016   2610      0      0 
 07:22:26       0     35     43      -      0      0      0      0      0      0   7001   2475      0      0 
 07:22:27       0     28     42      -      0      0      0      0      0      0   7001    457      0      0 
 07:22:28       0     21     42      -      0      0      0      0      0      0    810    285     28     12 
#Time         gpu    pwr  gtemp  mtemp     sm    mem    enc    dec    jpg    ofa   mclk   pclk  rxpci  txpci 
#HH:MM:SS     Idx      W      C      C      %      %      %      %      %      %    MHz    MHz   MB/s   MB/s 
 07:22:29       0     30     44      -     81      9      0      0      0      0  15016   2955      0      0 
 07:22:30       0     55     44      -      0      0      0      0      0      0  15016   2947      0      0 
 07:22:31       0     44     43      -      0      0      0      0      0      0   7001   1852      0      0 
 07:22:32       0     28     42      -      0      0      0      0      0      0   7001    435      0      0 
 07:22:33       0     27     42      -      0      0      0      0      0      0   7001    277      0      0 
 07:22:34       0     17     42      -      0      0      0      0      0      0    810    277      0      0 
 07:22:35       0     16     42      -      0      0      0      0      0      0    405    277      0      0 
 07:22:36       0     15     42      -      0      0      0      0      0      0    405    277      0      0 
 07:22:37       0     27     43      -     57     19      0      0      0      0  15016   1732      0      1 
 07:22:38       0     41     43      -      0      0      0      0      0      0  15016   2497      0      0 
 07:22:39       0     36     43      -      0      0      0      0      0      0   7001    840      0      0 
 07:22:40       0     26     42      -      0      0      0      0      0      0    810    427      0      0 
 07:22:41       0     17     42      -      0      0      0      0      0      0    810    277      1      0 
 07:22:42       0     28     43      -     69      8      0      0      0      0    405    547      0      0 
 07:22:43       0     55     44      -      0      0      0      0      0      0  15016   2947      0      1 
 07:22:44       0     47     44      -      0      0      0      0      0      0  15016   2947      0      0 
 07:22:45       0     28     43      -      0      0      0      0      0      0   7001    450      1      1 
 07:22:46       0     27     43      -      0      0      0      0      0      0   7001    285      0      7 
 07:22:47       0     22     42      -      0      0      0      0      0      0    810    277      0      0 
 07:22:47       0     15     42      -      0      0      0      0      0      0    405    277      0      0 
 07:22:48       0     15     42      -      0      0      0      0      0      0    405    322      1      0 
 07:22:49       0     16     42      -      0      0      0      0      0      0    405    277      0      0 
 07:22:50       0     15     42      -      0      0      0      0      0      0    405    277      0      0 
 07:22:51       0     15     42      -      0      0      0      0      0      0    405    277      0      0 
 07:22:52       0     15     42      -      0      0      0      0      0      0    405    277      0      0 
 07:22:53       0     37     44      -      0      0      0      0      0      0  15016   2955      1      2 
 07:22:54       0     55     44      -      0      0      0      0      0      0  15016   2947      0      0 
 07:22:58       0     32     43      -      0      0      0      0      0      0    810    495      0      0 
 07:22:59       0     25     43      -      0      0      0      0      0      0    810    442      0      0 
 07:23:00       0     17     42      -      0      0      0      0      0      0    810    277      0      0 
 07:23:01       0     16     42      -      0      0      0      0      0      0    405    277      0      0 
 07:23:02       0     15     42      -      0      0      0      0      0      0    405    277      0      0 
 07:23:03       0     35     45      -     92     15      0      0      0      0  15016   2730  55329  11298 
 07:23:04       0     64     45      -      0      0      0      0      0      0  15016   2947      0      0 
 07:23:05       0     53     45      -      0      0      0      0      0      0  15016   2947      0      1 
 07:23:06       0     28     43      -      0      0      0      0      0      0   7001    435      0      4 
 07:23:07       0     27     43      -      0      0      0      0      0      0   7001    277      0      0 
 07:23:08       0     35     44      -     76     14      0      0      0      0  15016   1267      0      0 
 07:23:09       0     55     45      -      0      0      0      0      0      0  15016   2947      0      0 
 07:23:10       0     44     44      -      0      0      0      0      0      0   7001   1852      0      0 
 07:23:11       0     28     43      -      0      0      0      0      0      0   7001    435      0      0 
 07:23:12       0     21     43      -      0      0      0      0      0      0    810    277      0      0 
 07:23:13       0     19     43      -      0      0      0      0      0      0    810    277      0      0 
 07:23:14       0     15     43      -      0      0      0      0      0      0    405    277      0      0 
#Time         gpu    pwr  gtemp  mtemp     sm    mem    enc    dec    jpg    ofa   mclk   pclk  rxpci  txpci 
#HH:MM:SS     Idx      W      C      C      %      %      %      %      %      %    MHz    MHz   MB/s   MB/s 
 07:23:15       0     58     43      -     94     30      0      0      0      0    405    277  16055   6147 
 07:23:16       0    311     65      -    100     28      0      0      0      0  15016   2895  29067   3074 
 07:23:17       0    111     48      -      0      0      0      0      0      0  15016   2947      0      1 
 07:23:17       0     57     46      -      0      0      0      0      0      0  15016   2947      1      0 
 07:23:18       0     29     44      -      0      0      0      0      0      0   7001    450      0      0 
 07:23:19       0     28     44      -      0      0      0      0      0      0   7001    450      0      0 
 07:23:20       0     34     44      -     73     14      0      0      0      0   7001    285      0      0 
 07:23:21       0     57     45      -      0      0      0      0      0      0  15016   2947      0      0 
 07:23:22       0     48     45      -      0      0      0      0      0      0  15016   2947      0      1 
 07:23:23       0     28     44      -      0      0      0      0      0      0   7001    450      1      0 
 07:23:24       0     22     43      -      0      0      0      0      0      0    810    277      0      0 
 07:23:25       0     16     43      -      0      0      0      0      0      0    810    277     45      0 
 07:23:26       0     16     43      -      0      0      0      0      0      0    405    277      0      0 
 07:23:27       0     16     43      -     16     16      0      0      0      0    405    300      0      0 
 07:23:28       0     16     43      -      0      0      0      0      0      0    405    277      0      0 
 07:23:29       0     16     43      -      0      1      0      0      0      0    405    277      0      0 
 07:23:30       0     15     43      -      0      0      0      0      0      0    405    277      0      0 
 07:23:34       0     15     43      -      0      0      0      0      0      0    405    277      0      0 
 07:23:35       0     20     43      -     48     14      0      0      0      0    405    277      1      7 
 07:23:36       0    198     56      -    100     41      0      0      0      0  15016   2280  20654   2137 
 07:23:37       0    131     47      -      0      0      0      0      0      0  15016   2947      1      0 
 07:23:38       0     56     46      -      0      0      0      0      0      0  15016   2947      0      0 
 07:23:39       0     35     44      -      0      0      0      0      0      0   7001    652      0      0 
 07:23:40       0     29     44      -      0      0      0      0      0      0   7001    577      0      0 
 07:23:41       0     28     44      -      0      0      0      0      0      0   7001    360      0      0 
 07:23:42       0     27     44      -      0      0      0      0      0      0   7001    277      0      0 
 07:23:43       0     27     44      -      0      0      0      0      0      0   7001    277      1      0 
 07:23:44       0     18     44      -      0      0      0      0      0      0   7001    270      0      0 
 07:23:45       0     15     44      -      0      0      0      0      0      0    810    277      0      0 
 07:23:46       0     16     44      -      0      0      0      0      0      0    810    277      0      0 
 07:23:47       0     16     44      -      0      0      0      0      0      0    405    277     59      6 
 07:23:48       0     16     43      -      0      0      0      0      0      0    405    277      0      0 
 07:23:49       0     15     43      -      0      0      0      0      0      0    405    277      0      0 
 07:23:50       0     15     43      -      0      0      0      0      0      0    405    277      0      0 
 07:23:51       0     15     43      -      0      0      0      0      0      0    405    277      0      0 
 07:23:51       0     15     43      -      0      0      0      0      0      0    405    277      0      0 
 07:23:52       0     15     43      -      0      0      0      0      0      0    405    277      0      0 
 07:23:53       0     15     43      -      0      0      0      0      0      0    405    277      0      0 
 07:23:54       0     15     43      -      0      0      0      0      0      0    405    277      0      1 
 07:23:55       0     15     43      -      0      0      0      0      0      0    405    277      0      0 
 07:23:56       0     15     43      -      0      0      0      0      0      0    405    277      0      0 
 07:23:57       0     39     49      -     91     41      0      0      0      0  15016   2932   5265   3047 
 07:23:58       0    165     53      -     93     42      0      0      0      0  15016   2910   1713   1781 
 07:23:59       0    278     63      -     99     41      0      0      0      0  15016   2887  27335   6236 
#Time         gpu    pwr  gtemp  mtemp     sm    mem    enc    dec    jpg    ofa   mclk   pclk  rxpci  txpci 
#HH:MM:SS     Idx      W      C      C      %      %      %      %      %      %    MHz    MHz   MB/s   MB/s 
 07:24:00       0    325     69      -    100     25      0      0      0      0  15016   2887  26347      3 
 07:24:01       0    321     71      -    100     23      0      0      0      0  15016   2880      0   2646 
 07:24:02       0    254     61      -     93     46      0      0      0      0  15016   2872   2026   1667 
 07:24:03       0    213     53      -    100     40      0      0      0      0  15016   2925  30927   2940 
 07:24:04       0    327     71      -     99     26      0      0      0      0  15016   2872      4   1860 
 07:24:05       0    327     72      -     99     23      0      0      0      0  15016   2865  14727   2811 
 07:24:06       0    325     73      -    100     19      0      0      0      0  15016   2865  20144      1 
 07:24:10       0    325     74      -    100     21      0      0      0      0  15016   2865    699      1 
 07:24:11       0    324     75      -    100     17      0      0      0      0  15016   2865      1      1 
 07:24:12       0    322     72      -    100     13      0      0      0      0  15016   2872      1      1 
 07:24:13       0    319     72      -    100     14      0      0      0      0  15016   2872      1      0 
 07:24:14       0    292     72      -    100     14      0      0      0      0  15016   2865      0      0 
 07:24:15       0    283     72      -    100     12      0      0      0      0  15016   2865      0      0 
 07:24:16       0    194     65      -    100     13      0      0      0      0  15016   2932      2      0 
 07:24:17       0    277     70      -    100      6      0      0      0      0  15016   2872      0   3168 
 07:24:18       0    274     70      -    100     12      0      0      0      0  15016   2872      0      0 
 07:24:19       0    275     70      -    100     12      0      0      0      0  15016   2865      0      0 
 07:24:20       0    245     63      -     88     43      0      0      0      0  15016   2872   1714   1229 
 07:24:20       0    147     56      -      0      0      0      0      0      0  15016   2895      0      0 
 07:24:21       0    310     66      -    100     28      0      0      0      0  15016   2872   3787   3584 
 07:24:22       0    328     70      -    100     27      0      0      0      0  15016   2872     11      2 
 07:24:23       0    326     74      -    100     23      0      0      0      0  15016   2865  30976      3 
 07:24:24       0    326     75      -    100     20      0      0      0      0  15016   2865   5288   5880 
 07:24:25       0    326     73      -    100     14      0      0      0      0  15016   2865     44     27 
 07:24:26       0    328     76      -    100     13      0      0      0      0  15016   2865      1      0 
 07:24:27       0    320     76      -    100     14      0      0      0      0  15016   2865  18819   5779 
 07:24:28       0    312     73      -    100     14      0      0      0      0  15016   2865      0      1 
 07:24:29       0    287     73      -    100     14      0      0      0      0  15016   2865      0      0 
 07:24:30       0    261     66      -     67     14      0      0      0      0  15016   2865  23246      2 
 07:24:31       0    280     71      -    100     15      0      0      0      0  15016   2865      1      0 
 07:24:32       0    276     70      -    100     14      0      0      0      0  15016   2865     27   3792 
 07:24:33       0    272     72      -    100     14      0      0      0      0  15016   2865  17474   6189 
 07:24:34       0    275     71      -    100     14      0      0      0      0  15016   2865  18755   5280 
 07:24:35       0    273     71      -    100      8      0      0      0      0  15016   2887      1   3065 
 07:24:36       0    275     71      -    100     14      0      0      0      0  15016   2865      0      0 
 07:24:37       0    274     71      -    100      6      0      0      0      0  15016   2865      0      2 
 07:24:38       0    271     71      -    100     13      0      0      0      0  15016   2872      0      0 
 07:24:39       0    273     69      -    100      8      0      0      0      0  15016   2872      1      1 
 07:24:40       0    270     71      -    100     14      0      0      0      0  15016   2872      0      0 
 07:24:40       0    268     71      -    100     14      0      0      0      0  15016   2887      0   3044 
 07:24:41       0    272     72      -    100      6      0      0      0      0  15016   2865  34626      4 
 07:24:46       0    270     69      -    100      9      0      0      0      0  15016   2895      0     19 
 07:24:47       0    271     70      -    100      3      0      0      0      0  15016   2887      0      1 
 07:24:48       0    270     71      -    100      4      0      0      0      0  15016   2880      0      0 
#Time         gpu    pwr  gtemp  mtemp     sm    mem    enc    dec    jpg    ofa   mclk   pclk  rxpci  txpci 
#HH:MM:SS     Idx      W      C      C      %      %      %      %      %      %    MHz    MHz   MB/s   MB/s 
 07:24:49       0    270     71      -    100     14      0      0      0      0  15016   2872      0      2 
 07:24:50       0    267     71      -    100      3      0      0      0      0  15016   2872      0      0 
 07:24:51       0    269     71      -    100      2      0      0      0      0  15016   2872  19695   6030 
 07:24:52       0    271     71      -    100     14      0      0      0      0  15016   2865      0   3241 
 07:24:53       0    269     71      -    100     12      0      0      0      0  15016   2872      1      0 
 07:24:54       0    261     71      -    100     10      0      0      0      0  15016   2895      0      0 
 07:24:55       0    263     70      -    100     10      0      0      0      0  15016   2895      0   3138 
 07:24:56       0    229     63      -     92     51      0      0      0      0  15016   2895   1806   1023 
 07:24:56       0    225     68      -    100     41      0      0      0      0  15016   2902  32652   4445 
 07:24:57       0    224     61      -     90     42      0      0      0      0  15016   2895    782    646 
 07:24:58       0    286     70      -     99     40      0      0      0      0  15016   2872  28720   5771 
 07:24:59       0    329     74      -    100     25      0      0      0      0  15016   2865  14267   2569 
 07:25:00       0    326     75      -    100     23      0      0      0      0  15016   2865      1   2669 
 07:25:01       0    256     65      -     91     45      0      0      0      0  15016   2872   5896    193 
 07:25:02       0    208     55      -    100     41      0      0      0      0  15016   2910  16991   4952 
 07:25:03       0    329     72      -     98     33      0      0      0      0  15016   2865  19386   3653 
 07:25:04       0    326     75      -     97     25      0      0      0      0  15016   2865      1   4918 
 07:25:05       0    328     75      -    100     25      0      0      0      0  15016   2865  10096   3797 
 07:25:06       0    329     74      -    100     16      0      0      0      0  15016   2865  24584   4641 
 07:25:07       0    328     74      -    100     13      0      0      0      0  15016   2865  23804      1 
 07:25:08       0    327     75      -    100     20      0      0      0      0  15016   2865  15276   6120 
 07:25:09       0    323     76      -    100     18      0      0      0      0  15016   2857  30660      2 
 07:25:10       0    293     73      -    100     13      0      0      0      0  15016   2865      1      2 
 07:25:11       0    285     73      -    100     14      0      0      0      0  15016   2865      1      0 
 07:25:12       0    270     71      -    100      6      0      0      0      0  15016   2902      2      1 
 07:25:13       0    281     72      -    100     14      0      0      0      0  15016   2887  18011   6108 
 07:25:14       0    277     71      -    100     12      0      0      0      0  15016   2895  15782   4607 
 07:25:15       0    277     72      -    100     12      0      0      0      0  15016   2865   4625      0 
 07:25:15       0    225     63      -     92     48      0      0      0      0  15016   2895    978    192 
 07:25:16       0    163     55      -     33     41      0      0      0      0  15016   2932  28208   3468 
 07:25:17       0    330     70      -    100     29      0      0      0      0  15016   2865  23049   5244 
 07:25:22       0    328     74      -    100     25      0      0      0      0  15016   2857     34   3483 
 07:25:23       0    327     76      -    100     25      0      0      0      0  15016   2857  31792      2 
 07:25:24       0    328     74      -    100     20      0      0      0      0  15016   2865      5      2 
 07:25:25       0    328     73      -    100     23      0      0      0      0  15016   2865      0   3599 
 07:25:25       0    326     75      -     99     14      0      0      0      0  15016   2865      0      0 
 07:25:26       0    322     77      -    100     13      0      0      0      0  15016   2865  16765   4231 
 07:25:27       0    298     72      -    100     11      0      0      0      0  15016   2865      1      0 
 07:25:28       0    287     71      -    100     14      0      0      0      0  15016   2865      1      0 
 07:25:29       0    268     71      -    100      7      0      0      0      0  15016   2887      0      0 
 07:25:30       0    280     72      -    100     14      0      0      0      0  15016   2865  32284    445 
 07:25:31       0    279     72      -    100     13      0      0      0      0  15016   2872      1      1 
 07:25:32       0    277     72      -    100      4      0      0      0      0  15016   2865      1      0 
 07:25:33       0    277     72      -    100      8      0      0      0      0  15016   2872      0      0 
#Time         gpu    pwr  gtemp  mtemp     sm    mem    enc    dec    jpg    ofa   mclk   pclk  rxpci  txpci 
#HH:MM:SS     Idx      W      C      C      %      %      %      %      %      %    MHz    MHz   MB/s   MB/s 
 07:25:34       0    274     72      -    100     13      0      0      0      0  15016   2865      1      1 
 07:25:35       0    276     73      -    100     15      0      0      0      0  15016   2872      9   6568 
 07:25:36       0    274     72      -     99     14      0      0      0      0  15016   2865      0      0 
 07:25:37       0    271     70      -    100     14      0      0      0      0  15016   2865  33076   4535 
 07:25:38       0    275     71      -    100     14      0      0      0      0  15016   2857      0      1 
 07:25:39       0    273     72      -     99     13      0      0      0      0  15016   2865      0   1912 
 07:25:40       0    270     71      -    100     10      0      0      0      0  15016   2865  22640   6762 
 07:25:41       0    272     71      -    100      6      0      0      0      0  15016   2865      1      1 
 07:25:42       0    273     71      -     99     14      0      0      0      0  15016   2872      0      0 
 07:25:43       0    270     71      -    100     14      0      0      0      0  15016   2865      0      8 
 07:25:43       0    272     71      -    100      6      0      0      0      0  15016   2872      0      1 
 07:25:44       0    272     71      -    100      2      0      0      0      0  15016   2865      0      0 
 07:25:45       0    271     72      -    100     14      0      0      0      0  15016   2887      0      0 
 07:25:46       0    269     71      -    100      2      0      0      0      0  15016   2872      5      1 
 07:25:47       0    269     68      -    100     14      0      0      0      0  15016   2872  16752   3394 
 07:25:48       0    266     71      -    100      6      0      0      0      0  15016   2880  16385      0 
 07:25:49       0    263     71      -    100      3      0      0      0      0  15016   2895      0      2 
 07:25:50       0    264     71      -    100      2      0      0      0      0  15016   2895      0      1 
 07:25:51       0    215     62      -     94     52      0      0      0      0  15016   2895   2544   1169 
 07:25:52       0     97     53      -      0      0      0      0      0      0  15016   2932      0      0 
 07:25:57       0     62     52      -      0      0      0      0      0      0  15016   2932      0      0 
 07:25:57       0     33     49      -      0      0      0      0      0      0   7001    457      0      0 
 07:25:58       0     31     49      -      0      0      0      0      0      0   7001    457      0      0 
 07:25:59       0     31     48      -      0      0      0      0      0      0   7001    285      0      0 
 07:26:00       0     30     47      -      0      0      0      0      0      0   7001    277     21      6 
 07:26:01       0     30     47      -      3      0      0      0      0      0   7001    277      0      0 
