#Time         gpu    pwr  gtemp  mtemp     sm    mem    enc    dec    jpg    ofa   mclk   pclk  rxpci  txpci 
#HH:MM:SS     Idx      W      C      C      %      %      %      %      %      %    MHz    MHz   MB/s   MB/s 
 07:10:40       0     15     41      -      0      0      0      0      0      0    405    277      0      1 
 07:10:41       0     15     41      -      0      0      0      0      0      0    405    277      0      0 
 07:10:42       0     15     41      -      0      0      0      0      0      0    405    277     28     11 
 07:10:43       0     15     41      -      0      0      0      0      0      0    405    277      0      0 
 07:10:44       0     15     41      -      0      0      0      0      0      0    405    277      0      0 
 07:10:45       0     15     41      -      0      2      0      0      0      0    405    277      0      0 
 07:10:46       0     15     41      -      0      0      0      0      0      0    405    277      0      0 
 07:10:47       0     15     41      -      0      0      0      0      0      0    405    277      0      0 
 07:10:48       0     15     41      -      0      0      0      0      0      0    405    277      0      0 
 07:10:49       0     15     41      -      0      0      0      0      0      0    405    277      0      1 
 07:10:50       0     15     41      -      0      0      0      0      0      0    405    277      0      0 
 07:10:51       0     15     41      -      0      0      0      0      0      0    405    277      0      0 
 07:10:52       0     17     41      -      3      1      0      0      0      0  15216    277      1      0 
 07:10:53       0     43     42      -      0      0      0      0      0      0  15016   2610      0      0 
 07:10:54       0     44     42      -      0      0      0      0      0      0  15016   2647      0      0 
 07:10:55       0     45     42      -      4      0      0      0      0      0  15016   2610   1079     94 
 07:10:56       0     47     43      -      3      0      0      0      0      0  15016   2670     36      5 
 07:10:57       0     46     43      -      2      0      0      0      0      0  15016   2610      0      0 
 07:10:57       0     39     43      -      0      0      0      0      0      0  15016   2610      1      0 
 07:10:58       0     30     42      -      0      0      0      0      0      0   7001    772      0      0 
 07:10:59       0     20     41      -      0      0      0      0      0      0    810    465      0      7 
 07:11:04       0     17     41      -      0      0      0      0      0      0    405    285     16      0 
 07:11:05       0     15     41      -      0      0      0      0      0      0    405    277      0      0 
 07:11:06       0     29     42      -      0      0      0      0      0      0  15016   2610      0      0 
 07:11:07       0     43     43      -      0      0      0      0      0      0  15016   2610      0      0 
 07:11:08       0     43     43      -      0      0      0      0      0      0  15016   2610      0      0 
 07:11:09       0     25     42      -      0      0      0      0      0      0    810    510      0      0 
 07:11:10       0     23     42      -      0      0      0      0      0      0    810    405      0      0 
 07:11:10       0     15     42      -      0      0      0      0      0      0    810    277     60      0 
 07:11:11       0     16     41      -      0      0      0      0      0      0    405    277      0      0 
 07:11:12       0     15     41      -      0      0      0      0      0      0    405    277      0      0 
 07:11:13       0     15     41      -      0      0      0      0      0      0    405    277      0      0 
 07:11:14       0     15     41      -      0      3      0      0      0      0    405    277      0      0 
 07:11:15       0     15     41      -      0      0      0      0      0      0    405    277      0      0 
 07:11:16       0     15     41      -      0      0      0      0      0      0    405    270      0      0 
 07:11:17       0     15     41      -      0      0      0      0      0      0    405    277      0      0 
 07:11:18       0     15     41      -      0      0      0      0      0      0    405    277      0      0 
 07:11:19       0     15     41      -      0      0      0      0      0      0    405    277      0      0 
 07:11:20       0     16     41      -      0      0      0      0      0      0    405    277      0      3 
 07:11:21       0     15     41      -      0      0      0      0      0      0    405    277     46      0 
 07:11:22       0     15     41      -      0      0      0      0      0      0    405    277      0      0 
 07:11:23       0     15     41      -      0      0      0      0      0      0    405    277      0      0 
 07:11:24       0     15     41      -      0      0      0      0      0      0    405    270      0      0 
 07:11:25       0     15     41      -      0      4      0      0      0      0    405    277      0      0 
#Time         gpu    pwr  gtemp  mtemp     sm    mem    enc    dec    jpg    ofa   mclk   pclk  rxpci  txpci 
#HH:MM:SS     Idx      W      C      C      %      %      %      %      %      %    MHz    MHz   MB/s   MB/s 
 07:11:26       0     15     41      -      0      0      0      0      0      0    405    277      0      0 
 07:11:27       0     14     41      -      0      0      0      0      0      0    405    277      0      0 
 07:11:28       0     14     41      -      0      0      0      0      0      0    405    277      0      0 
 07:11:29       0     15     41      -      0      0      0      0      0      0    405    277      0      0 
 07:11:30       0     15     41      -      0      0      0      0      0      0    405    277      0      0 
 07:11:30       0     15     41      -      0      0      0      0      0      0    405    277      0      0 
 07:11:31       0     15     41      -      0      0      0      0      0      0    405    277      0      0 
 07:11:32       0     15     41      -      0      0      0      0      0      0    405    277      0      0 
 07:11:33       0     15     41      -      0      0      0      0      0      0    405    277      0      0 
 07:11:34       0     15     41      -      0      0      0      0      0      0    405    277      0      0 
 07:11:35       0     15     41      -      0      0      0      0      0      0    405    277      0      0 
 07:11:40       0     15     41      -      0      0      0      0      0      0    405    277      0      0 
 07:11:41       0     15     41      -      0      0      0      0      0      0    405    277      0     10 
 07:11:42       0     15     41      -      0      0      0      0      0      0    405    277      0      0 
 07:11:43       0     15     41      -      0      0      0      0      0      0    405    277      0      0 
 07:11:44       0     15     41      -      0      0      0      0      0      0    405    277      0      0 
 07:11:45       0     15     42      -      0      0      0      0      0      0    405    277      0      0 
 07:11:45       0     15     42      -      0      0      0      0      0      0    405    277      0      0 
 07:11:46       0     15     42      -      0      0      0      0      0      0    405    277      0      0 
 07:11:47       0     16     42      -      0      0      0      0      0      0    405    277      0      0 
 07:11:48       0     15     42      -      0      0      0      0      0      0    405    277      0      0 
 07:11:49       0     15     42      -      0      0      0      0      0      0    405    277      0      0 
 07:11:50       0     15     42      -      0      0      0      0      0      0    405    277      0      0 
 07:11:51       0     15     42      -      0      0      0      0      0      0    405    277      0      0 
 07:11:52       0     15     42      -      0      0      0      0      0      0    405    277      0      0 
 07:11:53       0     15     42      -      0      0      0      0      0      0    405    277      0      0 
 07:11:54       0     15     42      -      0      0      0      0      0      0    405    277      0      0 
 07:11:55       0     15     42      -      0      0      0      0      0      0    405    277      0      1 
 07:11:56       0     15     42      -      0      0      0      0      0      0    405    277      0      1 
 07:11:57       0     15     42      -      0      3      0      0      0      0    405    277      0      0 
 07:11:58       0     15     42      -      0      0      0      0      0      0    405    277     27      5 
 07:11:59       0     15     42      -      0      0      0      0      0      0    405    277      0      0 
 07:12:00       0     16     42      -      0      0      0      0      0      0    405    277      0      0 
 07:12:01       0     15     42      -      0      0      0      0      0      0    405    277      0      0 
 07:12:02       0     15     42      -      0      1      0      0      0      0    405    277      0      0 
 07:12:03       0     15     42      -      0      0      0      0      0      0    405    277      0      0 
 07:12:04       0     15     42      -      0      0      0      0      0      0    405    277      0      0 
 07:12:05       0     15     42      -      0      0      0      0      0      0    405    277      0      1 
 07:12:05       0     15     42      -      0      0      0      0      0      0    405    277      0      0 
 07:12:06       0     15     42      -      0      0      0      0      0      0    405    277      0      0 
 07:12:07       0     15     42      -      0      0      0      0      0      0    405    277      0      0 
 07:12:08       0     15     42      -      0      0      0      0      0      0    405    277      0      0 
 07:12:09       0     15     42      -      0      0      0      0      0      0    405    277      0      0 
 07:12:10       0     15     42      -      0      0      0      0      0      0    405    277      0      0 
#Time         gpu    pwr  gtemp  mtemp     sm    mem    enc    dec    jpg    ofa   mclk   pclk  rxpci  txpci 
#HH:MM:SS     Idx      W      C      C      %      %      %      %      %      %    MHz    MHz   MB/s   MB/s 
 07:12:11       0     15     42      -      0      0      0      0      0      0    405    277      0      0 
 07:12:16       0     15     42      -      0      0      0      0      0      0    405    277      0      0 
 07:12:17       0     15     42      -      1      0      0      0      0      0    405    277      0      1 
 07:12:17       0     16     42      -      0      0      0      0      0      0    405    277      0      0 
 07:12:18       0     15     42      -      0      0      0      0      0      0    405    277     28     12 
 07:12:19       0     15     42      -      0      0      0      0      0      0    405    277      0      0 
 07:12:20       0     15     42      -      0      0      0      0      0      0    405    277      0      0 
 07:12:21       0     15     42      -      0      0      0      0      0      0    405    277      0      0 
 07:12:22       0     15     42      -      0      0      0      0      0      0    405    277      0      0 
 07:12:23       0     15     42      -      0      0      0      0      0      0    405    277      0      0 
 07:12:24       0     15     42      -      0      0      0      0      0      0    405    277      0      0 
 07:12:25       0     15     42      -      0      0      0      0      0      0    405    277      0      1 
 07:12:26       0     15     42      -      0      0      0      0      0      0    405    277      0      0 
 07:12:27       0     15     42      -      0      0      0      0      0      0    405    277      0      0 
 07:12:28       0     14     42      -      0      0      0      0      0      0    405    277      0      0 
 07:12:29       0     15     42      -      0      0      0      0      0      0    405    277      0      0 
 07:12:30       0     16     42      -      0      0      0      0      0      0    405    277      0      0 
 07:12:31       0     15     42      -      0      0      0      0      0      0    405    277      0      0 
 07:12:32       0     15     42      -      0      0      0      0      0      0    405    277      0      0 
 07:12:33       0     14     42      -      0      0      0      0      0      0    405    277      0      0 
 07:12:34       0     14     42      -      0      0      0      0      0      0    405    277      0      1 
 07:12:35       0     14     42      -      0      0      0      0      0      0    405    277      0      0 
 07:12:36       0     14     42      -      0      8      0      0      0      0    405    277     28     11 
 07:12:37       0     14     42      -      0      0      0      0      0      0    405    277      0      0 
 07:12:37       0     15     42      -      1      0      0      0      0      0    405    277      0      0 
 07:12:38       0     15     42      -      0      0      0      0      0      0    405    277      0      0 
 07:12:39       0     15     42      -      0      0      0      0      0      0    405    277      0      0 
 07:12:40       0     15     42      -      0      0      0      0      0      0    405    277      0      0 
 07:12:41       0     15     42      -      0      0      0      0      0      0    405    277      0      0 
 07:12:42       0     15     42      -      0      0      0      0      0      0    405    277      0      0 
 07:12:43       0     15     42      -      0      0      0      0      0      0    405    277      0      0 
 07:12:44       0     15     42      -      0      0      0      0      0      0    405    277      0      0 
 07:12:45       0     15     42      -      0      0      0      0      0      0    405    277      0      0 
 07:12:46       0     15     42      -      0      0      0      0      0      0    405    277      0      0 
 07:12:47       0     15     42      -      0      0      0      0      0      0    405    277      0      0 
 07:12:51       0     16     42      -      0      0      0      0      0      0    405    277      0      0 
 07:12:52       0     15     42      -      0      0      0      0      0      0    405    277      0      0 
 07:12:53       0     15     42      -      0      0      0      0      0      0    405    270      0      0 
 07:12:54       0     15     42      -      0      0      0      0      0      0    405    277      0      0 
 07:12:55       0     15     42      -      0      0      0      0      0      0    405    277      0      0 
 07:12:56       0     15     42      -      0      5      0      0      0      0    405    277     11     14 
 07:12:57       0     15     42      -      0      0      0      0      0      0    405    277      0      0 
 07:12:58       0     15     42      -      0      0      0      0      0      0    405    277      0      0 
 07:12:59       0     16     42      -      0      0      0      0      0      0    405    277      0      0 
#Time         gpu    pwr  gtemp  mtemp     sm    mem    enc    dec    jpg    ofa   mclk   pclk  rxpci  txpci 
#HH:MM:SS     Idx      W      C      C      %      %      %      %      %      %    MHz    MHz   MB/s   MB/s 
 07:13:00       0     16     42      -      0      0      0      0      0      0    405    277      0      0 
 07:13:01       0     15     42      -      0      0      0      0      0      0    405    277      0      0 
 07:13:02       0     15     42      -      0      0      0      0      0      0    405    277      0      0 
 07:13:03       0     15     42      -      0      0      0      0      0      0    405    277      0      0 
 07:13:04       0     15     42      -      0      0      0      0      0      0    405    277      0      1 
 07:13:05       0     15     42      -      0      0      0      0      0      0    405    277      0      0 
 07:13:06       0     15     42      -      0      0      0      0      0      0    405    277      0      0 
 07:13:07       0     15     42      -      0      0      0      0      0      0    405    277      0      0 
 07:13:08       0     15     42      -      0      0      0      0      0      0    405    277      0     10 
 07:13:09       0     16     42      -      0      0      0      0      0      0    405    277      0      0 
 07:13:10       0     15     42      -      0      0      0      0      0      0    405    277      0      0 
 07:13:11       0     15     42      -      0      0      0      0      0      0    405    277      0      0 
 07:13:12       0     15     42      -      0      0      0      0      0      0    405    277      0      1 
 07:13:12       0     15     42      -      0      0      0      0      0      0    405    277      0      0 
 07:13:13       0     15     42      -      0      0      0      0      0      0    405    270     44      8 
 07:13:14       0     15     42      -      0      0      0      0      0      0    405    277      0      0 
 07:13:15       0     15     42      -      1      0      0      0      0      0    405    277      0      0 
 07:13:16       0     16     42      -      0      0      0      0      0      0    405    277      0      0 
 07:13:17       0     15     42      -      0      0      0      0      0      0    405    277      0      0 
 07:13:18       0     15     42      -      0      0      0      0      0      0    405    277      0      0 
 07:13:19       0     15     42      -      0      0      0      0      0      0    405    277      0      0 
 07:13:20       0     15     42      -      0      0      0      0      0      0    405    277      0      1 
 07:13:21       0     15     42      -      0      0      0      0      0      0    405    277      0      0 
 07:13:22       0     15     42      -      0      0      0      0      0      0    405    270      0      0 
 07:13:23       0     15     42      -      0      0      0      0      0      0    405    277      0      0 
 07:13:27       0     15     42      -      0      0      0      0      0      0    405    277      0      0 
 07:13:28       0     16     42      -      0      0      0      0      0      0    405    277      0      0 
 07:13:29       0     15     42      -      0      0      0      0      0      0    405    277      0      0 
 07:13:30       0     15     42      -      0      0      0      0      0      0    405    277      0      0 
 07:13:31       0     15     42      -      0      0      0      0      0      0    405    277      0      0 
 07:13:32       0     15     42      -      0      0      0      0      0      0    405    277      0      0 
 07:13:33       0     15     42      -      0      0      0      0      0      0    405    277      0      0 
 07:13:34       0     15     42      -      0      2      0      0      0      0    405    270      0      0 
 07:13:35       0     15     42      -      0      0      0      0      0      0    405    277     46      0 
 07:13:36       0     16     42      -      0      0      0      0      0      0    405    277      0      0 
 07:13:37       0     16     42      -      0      0      0      0      0      0    405    277      0      0 
 07:13:38       0     15     42      -      0      0      0      0      0      0    405    277      0      0 
 07:13:39       0     15     42      -      0      0      0      0      0      0    405    277      0      0 
 07:13:40       0     15     42      -      0      2      0      0      0      0    405    277      0      0 
 07:13:41       0     15     42      -      0      0      0      0      0      0    405    277      0      0 
 07:13:42       0     15     42      -      0      1      0      0      0      0    405    277      0      0 
 07:13:43       0     15     42      -      0      0      0      0      0      0    405    277      0      0 
 07:13:44       0     15     42      -      0      0      0      0      0      0    405    277      0      2 
 07:13:45       0     16     42      -      0      0      0      0      0      0    405    277      0      0 
#Time         gpu    pwr  gtemp  mtemp     sm    mem    enc    dec    jpg    ofa   mclk   pclk  rxpci  txpci 
#HH:MM:SS     Idx      W      C      C      %      %      %      %      %      %    MHz    MHz   MB/s   MB/s 
 07:13:45       0     15     42      -      0      0      0      0      0      0    405    277      0      0 
 07:13:46       0     15     42      -      0      0      0      0      0      0    405    277      0      0 
 07:13:47       0     15     42      -      0      0      0      0      0      0    405    277      0      0 
 07:13:48       0     15     42      -      0      8      0      0      0      0    405    277      0      0 
 07:13:49       0     15     42      -      0      0      0      0      0      0    405    277      0      0 
 07:13:50       0     15     42      -      0      0      0      0      0      0    405    277      0      0 
 07:13:51       0     15     42      -      0      0      0      0      0      0    405    277     44      8 
 07:13:52       0     15     42      -      0      0      0      0      0      0    405    277      0      0 
 07:13:53       0     15     42      -      0      0      0      0      0      0    405    277      0      0 
 07:13:54       0     14     42      -      0      0      0      0      0      0    405    277      0      0 
 07:13:55       0     15     42      -      0      0      0      0      0      0    405    277      0      0 
 07:13:56       0     15     42      -      0      0      0      0      0      0    405    277      0      0 
 07:13:57       0     15     42      -      0      0      0      0      0      0    405    277      0      0 
 07:13:58       0     15     42      -      0      0      0      0      0      0    405    277      0      0 
 07:13:59       0     15     42      -      0      0      0      0      0      0    405    277      0      0 
 07:14:03       0     15     42      -      0      0      0      0      0      0    405    277      0      0 
 07:14:04       0     15     42      -      0      0      0      0      0      0    405    277      0      0 
 07:14:05       0     15     42      -      0      0      0      0      0      0    405    277      0      0 
 07:14:06       0     15     42      -      0      0      0      0      0      0    405    277      0      0 
 07:14:07       0     15     42      -      0      0      0      0      0      0    405    277      0      0 
 07:14:08       0     15     42      -      0      0      0      0      0      0    405    277      0      0 
 07:14:09       0     15     42      -      0      0      0      0      0      0    405    277      0      0 
 07:14:10       0     14     42      -      0      0      0      0      0      0    405    277     71      0 
 07:14:11       0     15     42      -      0      0      0      0      0      0    405    277      0      0 
 07:14:12       0     15     42      -      0      0      0      0      0      0    405    277     44      8 
 07:14:13       0     15     42      -      0      0      0      0      0      0    405    277      0      0 
 07:14:14       0     14     42      -      0      0      0      0      0      0    405    277      0      0 
 07:14:15       0     14     42      -      0      8      0      0      0      0    405    277      0      0 
 07:14:16       0     14     42      -      0      0      0      0      0      0    405    277      0      0 
 07:14:17       0     14     42      -      0      0      0      0      0      0    405    277      0      0 
 07:14:17       0     14     42      -      0      0      0      0      0      0    405    277      0      0 
 07:14:18       0     15     42      -      0      0      0      0      0      0    405    270      0      1 
 07:14:19       0     15     42      -      0      0      0      0      0      0    405    277      0      0 
 07:14:20       0     15     42      -      0      0      0      0      0      0    405    277      0      0 
 07:14:21       0     15     42      -      1      1      0      0      0      0    405    277      0      0 
 07:14:22       0     16     42      -      0      0      0      0      0      0    405    270      0      0 
 07:14:23       0     15     42      -      0      0      0      0      0      0    405    277      0      0 
 07:14:24       0     14     42      -      0      0      0      0      0      0    405    277      0      0 
 07:14:25       0     14     42      -      0      0      0      0      0      0    405    277      0      0 
 07:14:26       0     15     42      -      0      1      0      0      0      0    405    277      0      0 
 07:14:27       0     15     42      -      0      0      0      0      0      0    405    277      0      0 
 07:14:28       0     15     42      -      0      0      0      0      0      0    405    277      0      9 
 07:14:29       0     14     42      -      0      0      0      0      0      0    405    277     45      1 
 07:14:30       0     15     42      -      0      0      0      0      0      0    405    277      0      0 
#Time         gpu    pwr  gtemp  mtemp     sm    mem    enc    dec    jpg    ofa   mclk   pclk  rxpci  txpci 
#HH:MM:SS     Idx      W      C      C      %      %      %      %      %      %    MHz    MHz   MB/s   MB/s 
 07:14:31       0     16     42      -      0      0      0      0      0      0    405    277      0      0 
 07:14:32       0     14     42      -      0      0      0      0      0      0    405    277      0      0 
 07:14:33       0     14     42      -      0      0      0      0      0      0    405    277      0      0 
 07:14:34       0     14     42      -      0      0      0      0      0      0    405    277      0      0 
 07:14:35       0     14     42      -      0      0      0      0      0      0    405    277      0      1 
 07:14:39       0     14     42      -      0      0      0      0      0      0    405    277      0      0 
 07:14:40       0     14     42      -      0      0      0      0      0      0    405    277      0      0 
 07:14:41       0     14     42      -      0      0      0      0      0      0    405    277      0      0 
 07:14:42       0     15     42      -      0      0      0      0      0      0    405    277      0      0 
 07:14:43       0     15     42      -      0      0      0      0      0      0    405    277      0      0 
 07:14:44       0     15     42      -      0      0      0      0      0      0    405    277      0      0 
 07:14:45       0     15     42      -      0      0      0      0      0      0    405    277      0      0 
 07:14:46       0     15     42      -      0      0      0      0      0      0    405    277      0      0 
 07:14:47       0     15     42      -      0      0      0      0      0      0    405    277      0      2 
 07:14:48       0     15     42      -      0      0      0      0      0      0    405    277      0      0 
 07:14:49       0     15     42      -      0      0      0      0      0      0    405    277     48      7 
 07:14:50       0     15     42      -      0      0      0      0      0      0    405    277      0      0 
 07:14:51       0     15     42      -      0      0      0      0      0      0    405    277      0      0 
 07:14:52       0     15     42      -      0      0      0      0      0      0    405    277      0      0 
 07:14:53       0     15     42      -      0      0      0      0      0      0    405    277      0      0 
 07:14:53       0     15     42      -      0      0      0      0      0      0    405    277      0      0 
 07:14:54       0     15     42      -      0      0      0      0      0      0    405    277      0      8 
 07:14:55       0     16     42      -      0      0      0      0      0      0    405    277      0      1 
 07:14:56       0     15     42      -      0      0      0      0      0      0    405    277      0      0 
 07:14:57       0     15     42      -      0     10      0      0      0      0    405    277      0      0 
 07:14:58       0     15     42      -      0      0      0      0      0      0    405    277      0      0 
 07:14:59       0     15     42      -      0      0      0      0      0      0    405    277      0      0 
 07:15:00       0     15     42      -      0      0      0      0      0      0    405    277      0      0 
 07:15:01       0     15     42      -      0      0      0      0      0      0    405    277      0      0 
 07:15:02       0     15     42      -      0      0      0      0      0      0    405    277      0      0 
 07:15:03       0     15     42      -      0      0      0      0      0      0    405    277      0      0 
 07:15:04       0     15     42      -      0      0      0      0      0      0    405    277      0      0 
 07:15:05       0     16     42      -      0      0      0      0      0      0    405    277      0      3 
 07:15:06       0     15     42      -      0      4      0      0      0      0    405    277     44      0 
 07:15:07       0     15     42      -      0      0      0      0      0      0    405    277      0      0 
 07:15:08       0     15     42      -      0      0      0      0      0      0    405    277      0      0 
 07:15:09       0     15     42      -      0      0      0      0      0      0    405    277      0      0 
 07:15:10       0     15     42      -      0      0      0      0      0      0    405    277      0      0 
 07:15:14       0     15     42      -      0      0      0      0      0      0    405    277      0      0 
 07:15:15       0     15     42      -      0      0      0      0      0      0    405    270      0      2 
 07:15:16       0     15     42      -      0      0      0      0      0      0    405    277      0      0 
 07:15:17       0     15     42      -      0      0      0      0      0      0    405    277      0      0 
 07:15:18       0     15     42      -      0      0      0      0      0      0    405    277      0      0 
 07:15:19       0     16     42      -      0      0      0      0      0      0    405    277      0      0 
#Time         gpu    pwr  gtemp  mtemp     sm    mem    enc    dec    jpg    ofa   mclk   pclk  rxpci  txpci 
#HH:MM:SS     Idx      W      C      C      %      %      %      %      %      %    MHz    MHz   MB/s   MB/s 
 07:15:20       0     15     42      -      0      2      0      0      0      0    405    277      0      0 
 07:15:21       0     15     42      -      0      0      0      0      0      0    405    277      0      0 
 07:15:22       0     15     42      -      0      0      0      0      0      0    405    277      0      0 
 07:15:23       0     15     42      -      0      0      0      0      0      0    405    277      0      1 
 07:15:24       0     16     42      -      0      0      0      0      0      0    405    277      0      0 
 07:15:25       0     15     42      -      1      0      0      0      0      0    405    277      0      0 
 07:15:26       0     16     42      -      0      0      0      0      0      0    405    277     46      7 
 07:15:27       0     15     42      -      0      0      0      0      0      0    405    277      0      0 
 07:15:28       0     15     42      -      0      0      0      0      0      0    405    277      0      0 
 07:15:28       0     16     42      -      0      0      0      0      0      0    405    277      0      0 
 07:15:29       0     15     42      -      0      0      0      0      0      0    405    277      0      0 
 07:15:30       0     15     42      -      0      0      0      0      0      0    405    277      0      0 
 07:15:31       0     15     42      -      0      0      0      0      0      0    405    277      0      0 
 07:15:32       0     15     42      -      0      0      0      0      0      0    405    270      0      1 
 07:15:33       0     15     42      -      0      0      0      0      0      0    405    277      0      7 
 07:15:34       0     15     42      -      0      0      0      0      0      0    405    277      0      0 
 07:15:35       0     15     42      -      0      0      0      0      0      0    405    277      0      0 
 07:15:36       0     15     42      -      0      0      0      0      0      0    405    277      0      0 
 07:15:37       0     15     42      -      0      0      0      0      0      0    405    277      0      0 
 07:15:38       0     15     42      -      0      0      0      0      0      0    405    277      0      0 
 07:15:39       0     15     42      -      0      0      0      0      0      0    405    277      0      0 
 07:15:40       0     15     42      -      0      0      0      0      0      0    405    277      0      0 
 07:15:41       0     15     42      -      0      0      0      0      0      0    405    277      0      2 
 07:15:42       0     15     42      -      0      0      0      0      0      0    405    277      0      5 
 07:15:43       0     16     42      -      0      0      0      0      0      0    405    277      1     11 
 07:15:44       0     15     42      -      0      0      0      0      0      0    405    277      0      0 
 07:15:45       0     15     42      -      0      0      0      0      0      0    405    277      0      0 
 07:15:46       0     15     42      -      0      0      0      0      0      0    405    277      0      0 
 07:15:50       0     15     42      -      0      0      0      0      0      0    405    277      0      0 
 07:15:51       0     15     42      -      0      0      0      0      0      0    405    277      0      0 
 07:15:52       0     15     42      -      0      1      0      0      0      0    405    277      0      0 
 07:15:53       0     15     42      -      0      0      0      0      0      0    405    277      0      1 
 07:15:54       0     15     42      -      0      0      0      0      0      0    405    277      0      0 
 07:15:55       0     16     42      -      0      0      0      0      0      0    405    277      0      0 
 07:15:56       0     15     42      -      0      0      0      0      0      0    405    270      0      0 
 07:15:57       0     15     42      -      0      0      0      0      0      0    405    277      0      0 
 07:15:58       0     15     42      -      0      0      0      0      0      0    405    277      0      0 
 07:15:59       0     15     42      -      0      6      0      0      0      0    405    277      0      0 
 07:16:00       0     15     42      -      0      0      0      0      0      0    405    277      0      0 
 07:16:01       0     15     42      -      0      0      0      0      0      0    405    277      0      1 
 07:16:01       0     15     42      -      0     11      0      0      0      0    405    277      0      0 
 07:16:02       0     15     42      -      0      0      0      0      0      0    405    277      0      0 
 07:16:03       0     16     42      -      0      0      0      0      0      0    405    277      0      6 
 07:16:04       0     15     42      -      0      0      0      0      0      0    405    277      0      0 
#Time         gpu    pwr  gtemp  mtemp     sm    mem    enc    dec    jpg    ofa   mclk   pclk  rxpci  txpci 
#HH:MM:SS     Idx      W      C      C      %      %      %      %      %      %    MHz    MHz   MB/s   MB/s 
 07:16:05       0     15     42      -      0      0      0      0      0      0    405    277      0      0 
 07:16:06       0     15     42      -      0      0      0      0      0      0    405    277      0      0 
 07:16:07       0     14     42      -      0      0      0      0      0      0    405    277      0      0 
 07:16:08       0     15     42      -      0      0      0      0      0      0    405    277      0      0 
 07:16:09       0     15     42      -      0      0      0      0      0      0    405    277      0      0 
 07:16:10       0     15     42      -      0      0      0      0      0      0    405    277      0      1 
 07:16:11       0     15     42      -      0      0      0      0      0      0    405    277      0      0 
 07:16:12       0     15     42      -      0      0      0      0      0      0    405    277      0      0 
 07:16:13       0     15     42      -      0      0      0      0      0      0    405    270      0      0 
 07:16:14       0     15     42      -      0     19      0      0      0      0    405    277      0      0 
 07:16:15       0     15     42      -      0      1      0      0      0      0    405    277      0      0 
 07:16:16       0     15     42      -      0      0      0      0      0      0    405    277      0      0 
 07:16:17       0     15     42      -      0      0      0      0      0      0    405    277      1      0 
 07:16:18       0     15     42      -      0      0      0      0      0      0    405    277      0      0 
 07:16:19       0     15     42      -      0      0      0      0      0      0    405    277      0      0 
 07:16:20       0     15     42      -      0      0      0      0      0      0    405    277      0      0 
 07:16:20       0     15     42      -      0      0      0      0      0      0    405    277      0     11 
 07:16:21       0     15     42      -      0      0      0      0      0      0    405    277      0      0 
 07:16:26       0     14     42      -      0      0      0      0      0      0    405    277      0      0 
 07:16:27       0     14     42      -      0      0      0      0      0      0    405    277      0      0 
 07:16:28       0     14     42      -      0      0      0      0      0      0    405    277      0      0 
 07:16:29       0     14     42      -      0      0      0      0      0      0    405    270      0      0 
 07:16:30       0     14     42      -      0      0      0      0      0      0    405    277      0      0 
 07:16:31       0     15     42      -      0      0      0      0      0      0    405    277      0      0 
 07:16:32       0     14     42      -      0      0      0      0      0      0    405    277      0      0 
 07:16:33       0     14     42      -      0      0      0      0      0      0    405    277      0      0 
 07:16:34       0     15     42      -      0      0      0      0      0      0    405    277      0      0 
 07:16:35       0     15     42      -      0      0      0      0      0      0    405    277      0      0 
 07:16:35       0     15     42      -      0      0      0      0      0      0    405    277      0      0 
 07:16:36       0     14     42      -      0      0      0      0      0      0    405    277      0      0 
 07:16:37       0     14     42      -      0      0      0      0      0      0    405    277      0      0 
 07:16:38       0     15     42      -      0      0      0      0      0      0    405    277      0      0 
 07:16:39       0     15     42      -      0      0      0      0      0      0    405    277      0      0 
 07:16:40       0     15     42      -      0      0      0      0      0      0    405    277      0      0 
 07:16:41       0     15     42      -      0      0      0      0      0      0    405    277      0      0 
 07:16:42       0     15     42      -      0      0      0      0      0      0    405    277     46      0 
 07:16:43       0     15     42      -      0      0      0      0      0      0    405    277      0      0 
 07:16:44       0     15     42      -      0      0      0      0      0      0    405    277      0      0 
 07:16:45       0     15     42      -      0      0      0      0      0      0    405    277      0      0 
 07:16:46       0     15     42      -      0      0      0      0      0      0    405    277      0      0 
 07:16:47       0     15     42      -      0      0      0      0      0      0    405    277      0      0 
 07:16:48       0     15     42      -      0      5      0      0      0      0    405    277      0      0 
 07:16:49       0     15     42      -      0      0      0      0      0      0    405    270      1      0 
 07:16:50       0     15     42      -      0      0      0      0      0      0    405    277      0      0 
#Time         gpu    pwr  gtemp  mtemp     sm    mem    enc    dec    jpg    ofa   mclk   pclk  rxpci  txpci 
#HH:MM:SS     Idx      W      C      C      %      %      %      %      %      %    MHz    MHz   MB/s   MB/s 
 07:16:51       0     15     42      -      0      0      0      0      0      0    405    277      0      0 
 07:16:52       0     15     42      -      0      0      0      0      0      0    405    277      0      0 
 07:16:53       0     15     42      -      0      3      0      0      0      0    405    277      0      0 
 07:16:54       0     15     42      -      0      0      0      0      0      0    405    277      0      0 
 07:16:54       0     15     42      -      0      1      0      0      0      0    405    277      0      0 
 07:16:55       0     15     42      -      0      0      0      0      0      0    405    277      0      0 
 07:16:56       0     15     42      -      0      0      0      0      0      0    405    277      0      0 
 07:16:57       0     15     42      -      0      0      0      0      0      0    405    277      0      0 
 07:17:02       0     15     42      -      0      0      0      0      0      0    405    277      0      0 
 07:17:03       0     14     42      -      0      0      0      0      0      0    405    277     74      4 
 07:17:04       0     15     42      -      0      0      0      0      0      0    405    277      0      0 
 07:17:05       0     15     42      -      0      0      0      0      0      0    405    277      0      0 
 07:17:06       0     15     42      -      0      0      0      0      0      0    405    277      0      0 
 07:17:07       0     15     42      -      0      0      0      0      0      0    405    277      0      0 
 07:17:07       0     15     42      -      0      0      0      0      0      0    405    277      0      0 
 07:17:08       0     15     42      -      0      0      0      0      0      0    405    277      0      0 
 07:17:09       0     15     42      -      0      0      0      0      0      0    405    277      0      1 
 07:17:10       0     15     42      -      0      0      0      0      0      0    405    277      0      0 
 07:17:11       0     16     42      -      0      0      0      0      0      0    405    277      0      0 
 07:17:12       0     15     42      -      0      0      0      0      0      0    405    277      0      0 
 07:17:13       0     15     42      -      0      0      0      0      0      0    405    270      0      0 
 07:17:14       0     15     42      -      0      0      0      0      0      0    405    277      0      0 
 07:17:15       0     15     42      -      0      0      0      0      0      0    405    277      0      0 
 07:17:16       0     15     42      -      0      0      0      0      0      0    405    277      0      0 
 07:17:17       0     15     42      -      0      0      0      0      0      0    405    277      0      0 
 07:17:18       0     15     42      -      0      0      0      0      0      0    405    277      0      1 
 07:17:19       0     15     42      -      0      2      0      0      0      0    405    277      0      0 
 07:17:20       0     15     42      -      0      0      0      0      0      0    405    277      0      3 
 07:17:21       0     15     42      -      0      0      0      0      0      0    405    277     43      0 
 07:17:22       0     15     42      -      0      0      0      0      0      0    405    277      0      0 
 07:17:23       0     14     42      -      0      0      0      0      0      0    405    277      0      0 
 07:17:24       0     15     42      -      0      1      0      0      0      0    405    277      0      0 
 07:17:25       0     15     42      -      0      0      0      0      0      0    405    277      0      0 
 07:17:26       0     15     42      -      0      0      0      0      0      0    405    277      0      0 
 07:17:26       0     15     42      -      0      0      0      0      0      0    405    277      0      1 
 07:17:27       0     15     42      -      0      0      0      0      0      0    405    277      0      0 
 07:17:28       0     15     42      -      0      0      0      0      0      0    405    277      0      0 
 07:17:29       0     15     42      -      0      0      0      0      0      0    405    270      0      0 
 07:17:30       0     15     42      -      0      0      0      0      0      0    405    277      0      0 
 07:17:31       0     15     42      -      0     13      0      0      0      0    405    277      0      0 
 07:17:32       0     15     42      -      0      0      0      0      0      0    405    277      0      0 
 07:17:33       0     15     42      -      0      0      0      0      0      0    405    277      0      0 
 07:17:38       0     15     42      -      0      0      0      0      0      0    405    277      0      0 
 07:17:39       0     15     42      -      0      0      0      0      0      0    405    277      0      2 
#Time         gpu    pwr  gtemp  mtemp     sm    mem    enc    dec    jpg    ofa   mclk   pclk  rxpci  txpci 
#HH:MM:SS     Idx      W      C      C      %      %      %      %      %      %    MHz    MHz   MB/s   MB/s 
 07:17:40       0     15     42      -      0      0      0      0      0      0    405    277      0      0 
 07:17:41       0     15     42      -      0      0      0      0      0      0    405    277      0      8 
 07:17:41       0     15     42      -      0      0      0      0      0      0    405    277     43      0 
 07:17:42       0     15     42      -      0      0      0      0      0      0    405    277      0      0 
 07:17:43       0     16     42      -      0      0      0      0      0      0    405    277      0      0 
 07:17:44       0     15     42      -      0      0      0      0      0      0    405    277      0      0 
 07:17:45       0     15     42      -      0      0      0      0      0      0    405    277      0      0 
 07:17:46       0     15     42      -      0      0      0      0      0      0    405    277      0      0 
 07:17:47       0     15     42      -      0      0      0      0      0      0    405    277      0      1 
 07:17:48       0     15     42      -      0      0      0      0      0      0    405    277      0      0 
 07:17:49       0     15     42      -      0     16      0      0      0      0    405    277      0      0 
 07:17:50       0     15     42      -      0      0      0      0      0      0    405    277      0      0 
 07:17:51       0     15     42      -      1      2      0      0      0      0    405    277      0      0 
 07:17:52       0     16     42      -      0      1      0      0      0      0    405    277      0      0 
 07:17:53       0     15     42      -      0      0      0      0      0      0    405    277      0      0 
 07:17:54       0     15     42      -      0      0      0      0      0      0    405    277      0      0 
 07:17:55       0     15     42      -      0      9      0      0      0      0    405    277      0      0 
 07:17:56       0     15     42      -      0      0      0      0      0      0    405    277      0      0 
 07:17:57       0     15     42      -      0      0      0      0      0      0    405    277      0      0 
 07:17:58       0     15     42      -      0      0      0      0      0      0    405    277      0      9 
 07:17:59       0     15     42      -      0      0      0      0      0      0    405    277      0      0 
 07:18:00       0     15     42      -      0      0      0      0      0      0    405    277      0      0 
 07:18:01       0     15     42      -      0      0      0      0      0      0    405    277      0      0 
 07:18:01       0     15     42      -      0      0      0      0      0      0    405    277     62      1 
 07:18:02       0     15     42      -      0      0      0      0      0      0    405    277      0      0 
 07:18:03       0     15     42      -      0     13      0      0      0      0    405    277      0      0 
 07:18:04       0     15     42      -      0      0      0      0      0      0    405    277      0      1 
 07:18:05       0     15     42      -      0      0      0      0      0      0    405    277      0      0 
 07:18:06       0     15     42      -      0      0      0      0      0      0    405    277      0      0 
 07:18:07       0     15     42      -      0      0      0      0      0      0    405    277      0      0 
 07:18:08       0     15     42      -      0      0      0      0      0      0    405    277      0      0 
 07:18:09       0     15     42      -      0      0      0      0      0      0    405    277      0      0 
 07:18:14       0     15     42      -      0      0      0      0      0      0    405    277      0      0 
 07:18:15       0     15     42      -      0      0      0      0      0      0    405    277      0      0 
 07:18:15       0     15     42      -      0      0      0      0      0      0    405    277      0      0 
 07:18:16       0     15     42      -      0      0      0      0      0      0    405    277      0      1 
 07:18:17       0     15     42      -      0      0      0      0      0      0    405    277      0      0 
 07:18:18       0     15     42      -      0      0      0      0      0      0    405    270     11     11 
 07:18:19       0     15     42      -      0      0      0      0      0      0    405    277      0      0 
 07:18:20       0     15     42      -      1      0      0      0      0      0    405    277      0      0 
 07:18:21       0     16     42      -      0      0      0      0      0      0    405    277      0      0 
 07:18:22       0     15     42      -      0      0      0      0      0      0    405    277      0      0 
 07:18:23       0     15     42      -      0      0      0      0      0      0    405    277      0      0 
 07:18:24       0     15     42      -      0      0      0      0      0      0    405    277      0      0 
#Time         gpu    pwr  gtemp  mtemp     sm    mem    enc    dec    jpg    ofa   mclk   pclk  rxpci  txpci 
#HH:MM:SS     Idx      W      C      C      %      %      %      %      %      %    MHz    MHz   MB/s   MB/s 
 07:18:25       0     15     42      -      0      0      0      0      0      0    405    277      0      1 
 07:18:26       0     15     42      -      0      0      0      0      0      0    405    277      0      0 
 07:18:27       0     15     42      -      0      0      0      0      0      0    405    277      0      0 
 07:18:28       0     15     42      -      0      0      0      0      0      0    405    277      0      0 
 07:18:29       0     15     42      -      0      0      0      0      0      0    405    277      0      0 
 07:18:30       0     15     42      -      0      0      0      0      0      0    405    277      0      0 
 07:18:31       0     15     42      -      0      0      0      0      0      0    405    277      0      0 
 07:18:32       0     31     42      -      3      1      0      0      0      0  15016    322     17      5 
 07:18:33       0     45     44      -      1      0      0      0      0      0  15016   2632      0      0 
 07:18:34       0     35     43      -     21      6      0      0      0      0   7001    975      0      0 
 07:18:35       0     28     43      -      0      0      0      0      0      0   7001    517      1      0 
 07:18:35       0     40     44      -     93     19      0      0      0      0   7001   1605  58929   4881 
 07:18:36       0    206     62      -    100     41      0      0      0      0  15016   2895  24223   4161 
 07:18:37       0    257     55      -     36      6      0      0      0      0  15016   2902     66     18 
 07:18:38       0     58     47      -      0      0      0      0      0      0  15016   2947      0      0 
 07:18:39       0     40     45      -      0      0      0      0      0      0   7001    877      0      0 
 07:18:40       0     36     44      -     38      8      0      0      0      0   7001    697      0      0 
 07:18:41       0    206     59      -    100     42      0      0      0      0  15016   2857  14894   3253 
 07:18:42       0    122     50      -      0      0      0      0      0      0  15016   2925      0      0 
 07:18:43       0     56     47      -      0      0      0      0      0      0  15016   2947      1      0 
 07:18:44       0     32     45      -      0      0      0      0      0      0   7001    450      0      0 
 07:18:45       0     29     45      -      0      0      0      0      0      0   7001    450      0      0 
 07:18:49       0     27     44      -      0      0      0      0      0      0   7001    285      0      1 
 07:18:50       0     27     44      -      0      0      0      0      0      0   7001    277      0      0 
 07:18:51       0     27     44      -      0      0      0      0      0      0   7001    277      0      0 
 07:18:52       0     19     44      -      0      0      0      0      0      0   7001    277      0      1 
 07:18:53       0     16     44      -      0      0      0      0      0      0    810    277      0      0 
 07:18:54       0     16     44      -      0      0      0      0      0      0    810    277      0      0 
 07:18:55       0     15     44      -      0      0      0      0      0      0    405    277      1      0 
 07:18:56       0     15     44      -      0      0      0      0      0      0    405    277      0      7 
 07:18:57       0     15     44      -      0      0      0      0      0      0    405    277     43      0 
 07:18:58       0     15     44      -      0      0      0      0      0      0    405    277      0      0 
 07:18:59       0     15     44      -      0      0      0      0      0      0    405    277      0      0 
 07:19:00       0     15     44      -      0      0      0      0      0      0    405    277      0      0 
 07:19:01       0     15     44      -      0      0      0      0      0      0    405    270      0      0 
 07:19:02       0     15     44      -      0      0      0      0      0      0    405    277      0      0 
 07:19:03       0     15     44      -      0      0      0      0      0      0    405    277      0      0 
 07:19:04       0     15     44      -      0      0      0      0      0      0    405    277      0      0 
 07:19:05       0     15     44      -      0      0      0      0      0      0    405    277      0      0 
 07:19:06       0     45     51      -     89     41      0      0      0      0  15016   2925   4798    511 
 07:19:07       0    162     53      -     90     44      0      0      0      0  15016   2910   2573      3 
 07:19:08       0    236     65      -     99     41      0      0      0      0  15016   2872      8   4156 
 07:19:09       0    333     69      -    100     26      0      0      0      0  15016   2872      1   2081 
 07:19:10       0    327     67      -    100     22      0      0      0      0  15016   2872   5016      0 
#Time         gpu    pwr  gtemp  mtemp     sm    mem    enc    dec    jpg    ofa   mclk   pclk  rxpci  txpci 
#HH:MM:SS     Idx      W      C      C      %      %      %      %      %      %    MHz    MHz   MB/s   MB/s 
 07:19:11       0    261     62      -     92     48      0      0      0      0  15016   2887   2166    171 
 07:19:11       0    200     52      -    100     42      0      0      0      0  15016   2932  46070   3681 
 07:19:12       0    335     68      -    100     35      0      0      0      0  15016   2865  42467    472 
 07:19:13       0    332     70      -    100     19      0      0      0      0  15016   2857  40768    666 
 07:19:14       0    329     70      -     99     14      0      0      0      0  15016   2865      1      0 
 07:19:15       0    331     75      -    100     14      0      0      0      0  15016   2857     33   4823 
 07:19:16       0    328     72      -    100     12      0      0      0      0  15016   2865  46993    134 
 07:19:17       0    325     75      -    100     13      0      0      0      0  15016   2872  24186   3402 
 07:19:18       0    329     74      -    100     13      0      0      0      0  15016   2865      1      0 
 07:19:19       0    282     72      -    100     14      0      0      0      0  15016   2865      0      2 
 07:19:20       0    274     71      -     75      6      0      0      0      0  15016   2865  57367   3571 
 07:19:21       0    278     70      -    100     14      0      0      0      0  15016   2872      1      0 
 07:19:25       0    277     71      -    100     14      0      0      0      0  15016   2865  24225   3139 
 07:19:26       0    275     71      -    100     11      0      0      0      0  15016   2865  51052   2361 
 07:19:27       0    279     71      -    100     11      0      0      0      0  15016   2865      0      0 
 07:19:28       0    217     62      -     94     52      0      0      0      0  15016   2887    520      6 
 07:19:29       0    227     69      -    100     43      0      0      0      0  15016   2872  41568   1880 
 07:19:30       0    335     72      -     99     29      0      0      0      0  15016   2850  31545      1 
 07:19:31       0    333     72      -    100     24      0      0      0      0  15016   2857  29200   3710 
 07:19:32       0    331     76      -    100     23      0      0      0      0  15016   2857  41562   3362 
 07:19:33       0    331     75      -     99     20      0      0      0      0  15016   2857  37373   3096 
 07:19:34       0    333     75      -    100     20      0      0      0      0  15016   2857      3      1 
 07:19:35       0    328     73      -    100     13      0      0      0      0  15016   2857  27503   3363 
 07:19:36       0    323     74      -     99     14      0      0      0      0  15016   2857  38642   1004 
 07:19:37       0    282     71      -    100     14      0      0      0      0  15016   2865  38760    789 
 07:19:38       0    273     72      -     79      6      0      0      0      0  15016   2865      0      0 
 07:19:39       0    280     72      -    100      9      0      0      0      0  15016   2865      1      1 
 07:19:40       0    281     70      -    100     13      0      0      0      0  15016   2865      0      0 
 07:19:41       0    274     71      -    100     13      0      0      0      0  15016   2865      0      0 
 07:19:42       0    276     72      -    100      9      0      0      0      0  15016   2865      0      0 
 07:19:43       0    275     72      -    100     13      0      0      0      0  15016   2865      0      0 
 07:19:43       0    275     72      -    100     12      0      0      0      0  15016   2865      0      0 
 07:19:44       0    274     71      -    100     14      0      0      0      0  15016   2865      0      1 
 07:19:45       0    273     70      -    100      7      0      0      0      0  15016   2887      0      0 
 07:19:46       0    273     71      -    100      4      0      0      0      0  15016   2887      0      2 
 07:19:47       0    274     71      -    100     13      0      0      0      0  15016   2872      0      0 
 07:19:48       0    269     71      -    100     13      0      0      0      0  15016   2872      0     88 
 07:19:49       0    274     71      -    100     10      0      0      0      0  15016   2872  26666      0 
 07:19:50       0    274     71      -    100     13      0      0      0      0  15016   2872      0      0 
 07:19:51       0    269     71      -    100      8      0      0      0      0  15016   2872      0      0 
 07:19:52       0    271     71      -    100      2      0      0      0      0  15016   2872      0      0 
 07:19:53       0    271     71      -    100     14      0      0      0      0  15016   2865      0     19 
 07:19:54       0    270     71      -    100     13      0      0      0      0  15016   2902      0      0 
 07:19:55       0    270     71      -    100      2      0      0      0      0  15016   2865      1      0 
#Time         gpu    pwr  gtemp  mtemp     sm    mem    enc    dec    jpg    ofa   mclk   pclk  rxpci  txpci 
#HH:MM:SS     Idx      W      C      C      %      %      %      %      %      %    MHz    MHz   MB/s   MB/s 
 07:19:56       0    270     71      -    100     12      0      0      0      0  15016   2865  37635   3019 
 07:20:00       0    269     69      -    100      2      0      0      0      0  15016   2865      0      5 
 07:20:01       0    260     70      -    100     10      0      0      0      0  15016   2887  34181   4556 
 07:20:02       0    264     71      -    100     10      0      0      0      0  15016   2872      0      0 
 07:20:03       0    231     64      -     91     54      0      0      0      0  15016   2902    533    124 
 07:20:04       0    231     60      -    100     43      0      0      0      0  15016   2902  31747   3831 
 07:20:05       0    208     60      -     83     42      0      0      0      0  15016   2895      0      1 
 07:20:06       0    308     69      -     99     33      0      0      0      0  15016   2865  25800   4044 
 07:20:07       0    335     74      -    100     25      0      0      0      0  15016   2857  36139   3146 
 07:20:08       0    331     75      -    100     23      0      0      0      0  15016   2857      1   3153 
 07:20:09       0    225     76      -     81     42      0      0      0      0  15016   2887    850    187 
 07:20:10       0    226     68      -    100     42      0      0      0      0  15016   2880  47715   2336 
 07:20:11       0    334     73      -    100     24      0      0      0      0  15016   2857  47145    143 
 07:20:12       0    331     71      -    100     20      0      0      0      0  15016   2857   1276   3808 
 07:20:13       0    331     74      -    100     19      0      0      0      0  15016   2857   6693   3552 
 07:20:14       0    330     71      -    100     22      0      0      0      0  15016   2857  24342   3197 
 07:20:15       0    333     75      -    100     12      0      0      0      0  15016   2857  24403      1 
 07:20:16       0    326     76      -    100     21      0      0      0      0  15016   2865      0   2079 
 07:20:17       0    321     77      -     99     19      0      0      0      0  15016   2872   7598   3480 
 07:20:17       0    284     73      -    100     12      0      0      0      0  15016   2872  34200   3365 
 07:20:18       0    268     73      -     64     14      0      0      0      0  15016   2872      0      0 
 07:20:19       0    279     72      -    100     14      0      0      0      0  15016   2887  35909   3702 
 07:20:20       0    282     72      -    100     13      0      0      0      0  15016   2880      0      0 
 07:20:21       0    275     72      -    100     11      0      0      0      0  15016   2880      0      0 
 07:20:22       0    279     72      -    100     11      0      0      0      0  15016   2865  12128    203 
 07:20:23       0    192     62      -     93     52      0      0      0      0  15016   2887      0      1 
 07:20:24       0    244     69      -    100     43      0      0      0      0  15016   2857  38322   4163 
 07:20:25       0    336     72      -    100     28      0      0      0      0  15016   2865  23493   2984 
 07:20:26       0    332     74      -    100     22      0      0      0      0  15016   2857  39302   1373 
 07:20:27       0    332     72      -    100     13      0      0      0      0  15016   2865  36058   3182 
 07:20:28       0    331     73      -    100     14      0      0      0      0  15016   2865  35310   4087 
 07:20:29       0    333     74      -    100     13      0      0      0      0  15016   2857      1      0 
 07:20:30       0    326     77      -    100     20      0      0      0      0  15016   2865      8   4137 
 07:20:31       0    317     77      -    100     11      0      0      0      0  15016   2865      0      0 
 07:20:32       0    283     73      -    100     14      0      0      0      0  15016   2857      0    575 
 07:20:36       0    266     71      -    100      6      0      0      0      0  15016   2895      0      0 
 07:20:37       0    281     72      -    100     14      0      0      0      0  15016   2887      0      1 
 07:20:38       0    278     72      -    100     13      0      0      0      0  15016   2887      1      0 
 07:20:39       0    278     72      -    100     14      0      0      0      0  15016   2872      0      1 
 07:20:40       0    276     72      -    100      7      0      0      0      0  15016   2865      0      0 
 07:20:41       0    274     72      -    100      9      0      0      0      0  15016   2887      1      0 
 07:20:42       0    276     72      -    100     14      0      0      0      0  15016   2872  36453   3791 
 07:20:43       0    277     72      -    100     13      0      0      0      0  15016   2865      0      1 
 07:20:44       0    274     71      -    100      2      0      0      0      0  15016   2872      0      1 
#Time         gpu    pwr  gtemp  mtemp     sm    mem    enc    dec    jpg    ofa   mclk   pclk  rxpci  txpci 
#HH:MM:SS     Idx      W      C      C      %      %      %      %      %      %    MHz    MHz   MB/s   MB/s 
 07:20:45       0    276     72      -    100     14      0      0      0      0  15016   2887      0      0 
 07:20:45       0    274     71      -     99     14      0      0      0      0  15016   2865      1      0 
 07:20:46       0    273     71      -    100     13      0      0      0      0  15016   2887      0      0 
 07:20:47       0    271     71      -    100     14      0      0      0      0  15016   2887      0      0 
 07:20:48       0    272     71      -    100     13      0      0      0      0  15016   2865      0      8 
 07:20:49       0    269     71      -    100      2      0      0      0      0  15016   2895      1   2081 
 07:20:50       0    270     71      -    100      2      0      0      0      0  15016   2865      2   3505 
 07:20:51       0    270     71      -    100     10      0      0      0      0  15016   2865  24571   3387 
 07:20:52       0    269     71      -    100     13      0      0      0      0  15016   2895      0      0 
 07:20:53       0    270     71      -    100      8      0      0      0      0  15016   2872      0     20 
 07:20:54       0    271     69      -    100     14      0      0      0      0  15016   2865      0      0 
 07:20:55       0    266     71      -     99      4      0      0      0      0  15016   2872      0      0 
 07:20:56       0    265     71      -    100     10      0      0      0      0  15016   2872      0    276 
 07:20:57       0    266     71      -    100      9      0      0      0      0  15016   2872  61141    964 
 07:20:58       0    214     63      -     86     51      0      0      0      0  15016   2895    531    137 
 07:20:59       0    116     55      -      0      0      0      0      0      0  15016   2932      0      0 
 07:21:00       0     61     52      -      0      0      0      0      0      0  15016   2932      2      0 
 07:21:01       0     33     50      -      0      0      0      0      0      0   7001    622      0      0 
 07:21:02       0     32     49      -      0      0      0      0      0      0   7001    495      1      0 
 07:21:03       0     31     48      -      0      0      0      0      0      0   7001    315      1      0 
 07:21:04       0     30     48      -      0      0      0      0      0      0   7001    277      0      0 
 07:21:05       0     30     47      -      0      0      0      0      0      0   7001    277      0      0 
 07:21:05       0     29     47      -      2      0      0      0      0      0   7001    277     33     13 
 07:21:06       0     20     46      -      0      0      0      0      0      0    810    277      0      0 
 07:21:07       0     17     46      -      0      0      0      0      0      0    810    277      0      0 
