#Time         gpu    pwr  gtemp  mtemp     sm    mem    enc    dec    jpg    ofa   mclk   pclk     fb   bar1   ccpm 
#HH:MM:SS     Idx      W      C      C      %      %      %      %      %      %    MHz    MHz     MB     MB     MB 
 10:25:53       0     20     27      -      0      0      0      0      0      0    405    225      2      1      0 
 10:25:58       0     20     26      -      0      0      0      0      0      0    405    225      2      1      0 
 10:26:03       0     20     26      -      0      0      0      0      0      0    405    225      2      1      0 
 10:26:08       0     22     26      -      0      0      0      0      0      0  15001    667    270      4      0 
 10:26:13       0     49     29      -      4      0      0      0      0      0  14801   2737   2080      4      0 
 10:26:18       0     48     29      -      0      0      0      0      0      0  14801   2722   2694      4      0 
 10:26:23       0     48     29      -      0      0      0      0      0      0  14801   2722   2702      4      0 
 10:26:28       0     48     29      -      0      0      0      0      0      0  14801   2722   2702      4      0 
 10:26:33       0     25     27      -      0      0      0      0      0      0    810    405   2702      4      0 
 10:26:38       0     20     26      -      0      0      0      0      0      0    405    225   2702      4      0 
 10:26:43       0     48     28      -      0      0      0      0      0      0  14801   2722  15096      4      0 
 10:26:48       0     48     29      -      0      0      0      0      0      0  14801   2722  15096      4      0 
 10:26:53       0     52     30      -    100      5      0      0      0      0  14801   2857  15096      4      0 
 10:26:58       0     48     29      -      0      0      0      0      0      0  14801   2722  15096      4      0 
 10:27:03       0     48     29      -      0      0      0      0      0      0  14801   2722  11478      4      0 
 10:27:08       0     51     29      -      0      0      0      0      0      0  14801   2722  11478      4      0 
 10:27:13       0     48     29      -      0      0      0      0      0      0  14801   2722  11478      4      0 
 10:27:18       0     48     29      -      0      0      0      0      0      0  14801   2722  11508      4      0 
 10:27:23       0     48     29      -      0      0      0      0      0      0  14801   2722  11508      4      0 
 10:27:28       0     50     29      -      0      0      0      0      0      0  14801   2722  11530      4      0 
 10:27:33       0     51     29      -      0      0      0      0      0      0  14801   2722  11530      4      0 
 10:27:38       0     48     29      -      0      0      0      0      0      0  14801   2722  11530      4      0 
 10:27:43       0     54     29      -      0      0      0      0      0      0  14801   2955  11530      4      0 
 10:27:48       0     74     31      -     93     10      0      0      0      0  14801   2955  11538      4      0 
 10:27:53       0     48     29      -      0      0      0      0      0      0  14801   2722  11538      4      0 
 10:27:58       0     48     29      -      0      0      0      0      0      0  14801   2722  11538      4      0 
 10:28:03       0     54     31      -      0      0      0      0      0      0  14801   2955  12134      4      0 
 10:28:08       0     54     30      -      0      0      0      0      0      0  14801   2955  12134      4      0 
 10:28:13       0     48     29      -      0      0      0      0      0      0  14801   2722  15116      4      0 
 10:28:18       0     54     30      -      0      0      0      0      0      0  14801   2955  15118      4      0 
 10:28:23       0     53     30      -      0      0      0      0      0      0  14801   2865  15700      4      0 
 10:28:28       0     48     30      -      0      0      0      0      0      0  14801   2722  15700      4      0 
 10:28:33       0     48     30      -      0      0      0      0      0      0  14801   2722  15700      4      0 
 10:28:38       0     40     29      -      0      0      0      0      0      0    810    510  15700      4      0 
 10:28:43       0    139     38      -     94     66      0      0      0      0  14801   2910  15702      4      0 
 10:28:48       0    290     50      -    100     29      0      0      0      0  14801   2887  15722      4      0 
 10:28:53       0    251     50      -    100     31      0      0      0      0  14801   2895  15680      4      0 
 10:28:58       0    177     37      -      0      0      0      0      0      0  14801   2917  15680      4      0 
 10:29:03       0    293     56      -    100     27      0      0      0      0  14801   2880  15680      4      0 
 10:29:08       0    281     56      -    100     25      0      0      0      0  14801   2880  15682      4      0 
 10:29:13       0     51     36      -      0      0      0      0      0      0  14801   2715  15680      4      0 
 10:29:18       0     50     35      -      0      0      0      0      0      0  14801   2715      4      2      0 
