#Time         gpu    pwr  gtemp  mtemp     sm    mem    enc    dec    jpg    ofa   mclk   pclk  rxpci  txpci 
#HH:MM:SS     Idx      W      C      C      %      %      %      %      %      %    MHz    MHz   MB/s   MB/s 
 22:39:52       0     20     28      -      0      0      0      0      0      0    405    225      0      0 
 22:39:53       0     20     27      -      0      0      0      0      0      0    405    225      1      0 
 22:39:54       0     20     27      -      0      0      0      0      0      0    405    225      0      1 
 22:39:55       0     20     27      -      0      0      0      0      0      0    405    225      0      1 
 22:39:56       0     20     27      -      0      0      0      0      0      0    405    225      0      0 
 22:39:57       0     20     27      -      0      0      0      0      0      0    405    225      2      2 
 22:39:58       0     21     27      -      0      0      0      0      0      0    405    225      0      0 
 22:39:59       0     20     27      -      0      0      0      0      0      0    405    225      0      1 
 22:40:00       0     20     27      -      0      0      0      0      0      0    405    225      0      0 
 22:40:01       0     20     27      -      0      0      0      0      0      0    405    225      0      1 
 22:40:02       0     20     27      -      0      0      0      0      0      0    405    225      0      1 
 22:40:03       0     20     27      -      0      0      0      0      0      0    405    225      0      1 
 22:40:04       0     20     27      -      0      0      0      0      0      0    405    225      0      1 
 22:40:06       0     20     27      -      0      0      0      0      0      0    405    225      0      1 
 22:40:07       0     26     28      -      0      0      0      0      0      0  14801   2392      0      0 
 22:40:08       0     48     29      -      0      0      0      0      0      0  14801   2722      0      0 
 22:40:09       0     49     29      -     12      1      0      0      0      0  14801   2722    942     78 
 22:40:10       0     49     29      -      6      0      0      0      0      0  14801   2745      0      0 
 22:40:11       0     49     29      -      5      0      0      0      0      0  14801   2760      0      0 
 22:40:12       0     49     29      -      0      0      0      0      0      0  14801   2722      0      0 
 22:40:13       0     48     29      -     39      2      0      0      0      0  14801   2722    958     64 
 22:40:14       0     49     29      -      0      0      0      0      0      0  14801   2745      0      0 
 22:40:15       0     49     29      -      0      0      0      0      0      0  14801   2722      0      1 
 22:40:16       0     48     29      -      0      0      0      0      0      0  14801   2722      0      0 
 22:40:17       0     48     29      -      0      0      0      0      0      0  14801   2722      1      1 
 22:40:18       0     48     29      -      0      0      0      0      0      0  14801   2722      0      0 
 22:40:19       0     48     29      -      0      0      0      0      0      0  14801   2722      0      0 
 22:40:20       0     48     29      -      0      0      0      0      0      0  14801   2722     95      0 
 22:40:21       0     49     29      -      0      0      0      0      0      0  14801   2722      0      0 
 22:40:22       0     48     29      -      0      0      0      0      0      0  14801   2722      0      0 
 22:40:23       0     48     29      -      0      0      0      0      0      0  14801   2722      0      0 
 22:40:24       0     48     29      -      0      0      0      0      0      0  14801   2722      0      0 
 22:40:25       0     48     29      -      0      0      0      0      0      0  14801   2722      0      1 
 22:40:27       0     48     29      -      0      0      0      0      0      0  14801   2722      0      0 
 22:40:28       0     53     30      -    100      5      0      0      0      0  14801   2797  30236   5900 
 22:40:29       0     61     30      -      0      0      0      0      0      0  14801   2955      0      0 
 22:40:30       0     54     30      -      0      0      0      0      0      0  14801   2955      0      0 
 22:40:31       0     48     29      -      0      0      0      0      0      0  14801   2722      0      0 
 22:40:32       0     48     29      -      0      0      0      0      0      0  14801   2722      0      0 
 22:40:33       0     48     29      -      0      0      0      0      0      0  14801   2722      0      0 
 22:40:34       0     48     29      -      0      0      0      0      0      0  14801   2722      0      0 
 22:40:35       0     49     29      -      0      0      0      0      0      0  14801   2745      1      0 
 22:40:36       0     49     29      -      0      0      0      0      0      0  14801   2722      0      0 
 22:40:37       0     48     29      -      0      0      0      0      0      0  14801   2722      0      0 
#Time         gpu    pwr  gtemp  mtemp     sm    mem    enc    dec    jpg    ofa   mclk   pclk  rxpci  txpci 
#HH:MM:SS     Idx      W      C      C      %      %      %      %      %      %    MHz    MHz   MB/s   MB/s 
 22:40:38       0     48     29      -      0      0      0      0      0      0  14801   2722      0      0 
 22:40:39       0     48     29      -      0      0      0      0      0      0  14801   2722      0      0 
 22:40:40       0     48     29      -      0      0      0      0      0      0  14801   2722  30250   6204 
 22:40:41       0     61     30      -      0      0      0      0      0      0  14801   2955      0      0 
 22:40:42       0     54     30      -      0      0      0      0      0      0  14801   2955      0      0 
 22:40:43       0     50     29      -      0      0      0      0      0      0  14801   2722      0      0 
 22:40:44       0     48     29      -      0      0      0      0      0      0  14801   2722      0      0 
 22:40:45       0     48     29      -      0      0      0      0      0      0  14801   2722      0      0 
 22:40:46       0     48     29      -      0      0      0      0      0      0  14801   2722      0      0 
 22:40:48       0     48     29      -      0      0      0      0      0      0  14801   2722      0      0 
 22:40:49       0     48     29      -      0      0      0      0      0      0  14801   2722      0      0 
 22:40:50       0     48     29      -      9      0      0      0      0      0  14801   2722   2080   2355 
 22:40:51       0     55     29      -      0      0      0      0      0      0  14801   2955      0      0 
 22:40:52       0     54     29      -      0      0      0      0      0      0  14801   2955      0      0 
 22:40:53       0     49     29      -      0      0      0      0      0      0  14801   2722      0      0 
 22:40:54       0     48     29      -      0      0      0      0      0      0  14801   2722      0      0 
 22:40:55       0     48     29      -      0      0      0      0      0      0  14801   2722  30245   5936 
 22:40:56       0     58     29      -      0      0      0      0      0      0  14801   2955      0      0 
 22:40:57       0     54     29      -      0      0      0      0      0      0  14801   2955      0      0 
 22:40:58       0     49     29      -      0      0      0      0      0      0  14801   2722      0      0 
 22:40:59       0     48     29      -      0      0      0      0      0      0  14801   2722      0      0 
 22:41:00       0     48     29      -      0      0      0      0      0      0  14801   2722      0      0 
 22:41:01       0     48     29      -      0      0      0      0      0      0  14801   2722      0      0 
 22:41:02       0     48     29      -      0      0      0      0      0      0  14801   2722      0      0 
 22:41:03       0     48     29      -      0      0      0      0      0      0  14801   2722      0      0 
 22:41:04       0     48     29      -      0      0      0      0      0      0  14801   2722      0      0 
 22:41:05       0     48     29      -      0      0      0      0      0      0  14801   2722      0      0 
 22:41:06       0     48     29      -      0      0      0      0      0      0  14801   2722      0      0 
 22:41:07       0     53     30      -    100      5      0      0      0      0  14801   2782      0      0 
 22:41:09       0     54     29      -      0      0      0      0      0      0  14801   2955      0      0 
 22:41:10       0     50     29      -      0      0      0      0      0      0  14801   2722      0      0 
 22:41:11       0     48     29      -      0      0      0      0      0      0  14801   2722      0      0 
 22:41:12       0     48     29      -      0      0      0      0      0      0  14801   2722      0      0 
 22:41:13       0     48     29      -      0      0      0      0      0      0  14801   2722      0      0 
 22:41:14       0     48     29      -      0      0      0      0      0      0  14801   2722      0      0 
 22:41:15       0     54     30      -    100      1      0      0      0      0  14801   2955  27429   5459 
 22:41:16       0     85     32      -     99     11      0      0      0      0  14801   2955      0      0 
 22:41:17       0     58     29      -      0      0      0      0      0      0  14801   2955      0      0 
 22:41:18       0     53     29      -      0      0      0      0      0      0  14801   2865      0      0 
 22:41:19       0     48     29      -      0      0      0      0      0      0  14801   2722      0      0 
 22:41:20       0     48     29      -      0      0      0      0      0      0  14801   2722      0      0 
 22:41:21       0     52     30      -    100      5      0      0      0      0  14801   2745      0      0 
 22:41:22       0     61     29      -      0      0      0      0      0      0  14801   2955      0      0 
 22:41:23       0     54     29      -      0      0      0      0      0      0  14801   2955      0      0 
#Time         gpu    pwr  gtemp  mtemp     sm    mem    enc    dec    jpg    ofa   mclk   pclk  rxpci  txpci 
#HH:MM:SS     Idx      W      C      C      %      %      %      %      %      %    MHz    MHz   MB/s   MB/s 
 22:41:24       0     49     29      -      0      0      0      0      0      0  14801   2722      0      0 
 22:41:25       0     48     29      -      0      0      0      0      0      0  14801   2722      0      0 
 22:41:26       0     48     29      -      0      0      0      0      0      0  14801   2722      0      0 
 22:41:27       0     48     29      -      0      0      0      0      0      0  14801   2722      0      0 
 22:41:28       0     50     29      -     16      5      0      0      0      0  14801   2722  18776   2249 
 22:41:30       0    292     45      -    100     30      0      0      0      0  14801   2902  17778   2104 
 22:41:31       0    193     32      -      0      0      0      0      0      0  14801   2955      0      0 
 22:41:32       0     54     30      -      0      0      0      0      0      0  14801   2955      0      0 
 22:41:33       0     50     30      -      0      0      0      0      0      0  14801   2722      0      0 
 22:41:34       0     48     30      -      0      0      0      0      0      0  14801   2722      0      0 
 22:41:35       0     48     29      -      0      0      0      0      0      0  14801   2722      0      0 
 22:41:36       0     58     30      -      0      0      0      0      0      0  14801   2955      0      0 
 22:41:37       0     54     30      -      0      0      0      0      0      0  14801   2955      0      0 
 22:41:38       0     52     29      -      0      0      0      0      0      0  14801   2722      0      0 
 22:41:39       0     48     29      -      0      0      0      0      0      0  14801   2722      0      0 
 22:41:40       0     48     29      -      0      0      0      0      0      0  14801   2722      0      0 
 22:41:41       0     48     29      -      0      0      0      0      0      0  14801   2722      0      0 
 22:41:42       0     48     29      -      0      0      0      0      0      0  14801   2722      0      0 
 22:41:43       0     48     29      -      0      0      0      0      0      0  14801   2722      0      0 
 22:41:44       0     48     29      -      0      0      0      0      0      0  14801   2722   6027   4217 
 22:41:45       0     55     29      -     11      4      0      0      0      0  14801   2722      0   2453 
 22:41:46       0    187     47      -    100     46      0      0      0      0  14801   2880   1557   1724 
 22:41:47       0    138     33      -     99      8      0      0      0      0  14801   2947   1351   1524 
 22:41:48       0     88     31      -      0      0      0      0      0      0  14801   2947      0      0 
 22:41:49       0     54     30      -      0      0      0      0      0      0  14801   2955      0      0 
 22:41:51       0     49     30      -      0      0      0      0      0      0  14801   2722      0      0 
 22:41:52       0     48     29      -      0      0      0      0      0      0  14801   2722      0      1 
 22:41:53       0     48     29      -      0      0      0      0      0      0  14801   2722      0      0 
 22:41:54       0     48     29      -      0      0      0      0      0      0  14801   2722      1      1 
 22:41:55       0     48     29      -      0      0      0      0      0      0  14801   2722      0      0 
 22:41:56       0     48     29      -      0      0      0      0      0      0  14801   2722      0      0 
 22:41:57       0     48     29      -      0      0      0      0      0      0  14801   2722      0      0 
 22:41:58       0     48     29      -      0      0      0      0      0      0  14801   2722      0      0 
 22:41:59       0     48     29      -      0      0      0      0      0      0  14801   2722      0      1 
 22:42:00       0     48     29      -      0      0      0      0      0      0  14801   2722      0      0 
 22:42:01       0     48     29      -      0      0      0      0      0      0  14801   2722      0      2 
 22:42:02       0     48     29      -      0      0      0      0      0      0  14801   2722      0      0 
 22:42:03       0     48     29      -      0      0      0      0      0      0  14801   2722      0      0 
 22:42:04       0     48     29      -      0      0      0      0      0      0  14801   2722      0      0 
 22:42:05       0     48     29      -      0      0      0      0      0      0   7001   2722      0      0 
 22:42:06       0     26     27      -      0      0      0      0      0      0    810    412      0      0 
 22:42:07       0     22     27      -      0      0      0      0      0      0    810    240      0      0 
 22:42:08       0     22     26      -     60      2      0      0      0      0  14801    225    121    514 
 22:42:09       0    114     31      -     12      3      0      0      0      0  14801   2947     18      6 
#Time         gpu    pwr  gtemp  mtemp     sm    mem    enc    dec    jpg    ofa   mclk   pclk  rxpci  txpci 
#HH:MM:SS     Idx      W      C      C      %      %      %      %      %      %    MHz    MHz   MB/s   MB/s 
 22:42:10       0    142     34      -     97     20      0      0      0      0  14801   2932      0      1 
 22:42:11       0    173     45      -    100     45      0      0      0      0  14801   2895  10860   3569 
 22:42:12       0    307     50      -    100     32      0      0      0      0  14801   2880  14344      2 
 22:42:14       0    306     48      -    100     28      0      0      0      0  14801   2880   3810      0 
 22:42:15       0    271     41      -     93     53      0      0      0      0  14801   2895   1878    167 
 22:42:16       0    140     34      -      0      0      0      0      0      0  14801   2925      0      0 
 22:42:17       0    218     51      -    100     49      0      0      0      0  14801   2880  12507   3092 
 22:42:18       0    310     50      -    100     31      0      0      0      0  14801   2872  13833      0 
 22:42:19       0    311     55      -    100     22      0      0      0      0  14801   2872  20344   3017 
 22:42:20       0    311     50      -    100     30      0      0      0      0  14801   2872      1    330 
 22:42:21       0    310     56      -    100     12      0      0      0      0  14801   2872      0      2 
 22:42:22       0    312     56      -    100      6      0      0      0      0  14801   2872   3534      0 
 22:42:23       0    313     53      -     99     30      0      0      0      0  14801   2872      0   2125 
 22:42:24       0    312     55      -    100     30      0      0      0      0  14801   2872     23   2354 
 22:42:25       0    283     53      -    100     17      0      0      0      0  14801   2887      0   2064 
 22:42:26       0    276     54      -    100      2      0      0      0      0  14801   2880      0      0 
 22:42:27       0    165     51      -    100      2      0      0      0      0  14801   2925  15408   3077 
 22:42:28       0    268     53      -    100      3      0      0      0      0  14801   2887      0      0 
 22:42:29       0    271     53      -    100     14      0      0      0      0  14801   2887      0      2 
 22:42:30       0    268     53      -    100      2      0      0      0      0  14801   2887      0      0 
 22:42:31       0    269     54      -    100      9      0      0      0      0  14801   2880   1247   1505 
 22:42:32       0    176     42      -     95     38      0      0      0      0  14801   2925    735   1670 
 22:42:33       0    137     37      -      0      0      0      0      0      0  14801   2940  11605   2605 
 22:42:35       0    269     55      -    100     39      0      0      0      0  14801   2872  15754     74 
 22:42:36       0    309     57      -    100     30      0      0      0      0  14801   2865      0   4130 
 22:42:37       0    311     54      -    100     30      0      0      0      0  14801   2872  20544    506 
 22:42:38       0    312     54      -    100     30      0      0      0      0  14801   2872      0      2 
 22:42:39       0    314     59      -    100     12      0      0      0      0  14801   2872  18850      1 
 22:42:40       0    314     58      -    100     27      0      0      0      0  14801   2872  22374   3682 
 22:42:41       0    315     59      -    100      2      0      0      0      0  14801   2865      0      0 
 22:42:42       0    312     59      -    100     13      0      0      0      0  14801   2872      0      1 
 22:42:43       0    294     56      -    100      2      0      0      0      0  14801   2880   5474      0 
 22:42:44       0    280     56      -    100      2      0      0      0      0  14801   2880      7     92 
 22:42:45       0    266     56      -    100      2      0      0      0      0  14801   2880  11009      0 
 22:42:46       0    272     56      -    100      2      0      0      0      0  14801   2880      0      1 
 22:42:47       0    272     56      -    100      2      0      0      0      0  14801   2880      0      0 
 22:42:48       0    273     56      -    100     19      0      0      0      0  14801   2887      0      1 
 22:42:49       0    274     56      -    100     31      0      0      0      0  14801   2887      0      0 
 22:42:50       0    272     57      -    100      2      0      0      0      0  14801   2887  14899   4581 
 22:42:51       0    273     56      -    100     32      0      0      0      0  14801   2887      0      0 
 22:42:52       0    272     57      -    100      2      0      0      0      0  14801   2887      2      2 
 22:42:53       0    270     56      -    100      2      0      0      0      0  14801   2887      0      0 
 22:42:55       0    269     56      -    100      2      0      0      0      0  14801   2887      0   2919 
 22:42:56       0    271     56      -    100      2      0      0      0      0  14801   2880      7      0 
#Time         gpu    pwr  gtemp  mtemp     sm    mem    enc    dec    jpg    ofa   mclk   pclk  rxpci  txpci 
#HH:MM:SS     Idx      W      C      C      %      %      %      %      %      %    MHz    MHz   MB/s   MB/s 
 22:42:57       0    271     56      -    100      2      0      0      0      0  14801   2887      0      1 
 22:42:58       0    271     56      -    100      2      0      0      0      0  14801   2887      0      0 
 22:42:59       0    272     56      -    100      2      0      0      0      0  14801   2887      0      1 
 22:43:00       0    270     56      -    100      2      0      0      0      0  14801   2880      0      0 
 22:43:01       0    271     56      -    100     16      0      0      0      0  14801   2887      0      1 
 22:43:02       0    271     55      -    100     31      0      0      0      0  14801   2895      0      0 
 22:43:03       0    271     55      -    100      2      0      0      0      0  14801   2880      0      1 
 22:43:04       0    271     55      -    100      2      0      0      0      0  14801   2887  13014   2590 
 22:43:05       0    272     55      -    100      2      0      0      0      0  14801   2887      0      1 
 22:43:06       0    269     52      -     97     24      0      0      0      0  14801   2895      0      0 
 22:43:07       0    264     55      -    100      8      0      0      0      0  14801   2895      0      2 
 22:43:08       0    263     55      -    100      2      0      0      0      0  14801   2895      2      0 
 22:43:09       0    229     45      -     95     50      0      0      0      0  14801   2902    322    299 
 22:43:10       0    182     48      -     83     40      0      0      0      0  14801   2910  17257   3026 
 22:43:11       0    255     45      -     93     52      0      0      0      0  14801   2902    743     66 
 22:43:12       0    193     54      -    100     47      0      0      0      0  14801   2895   3072   3065 
 22:43:13       0    316     55      -    100     41      0      0      0      0  14801   2857      0   4091 
 22:43:14       0    318     53      -    100     32      0      0      0      0  14801   2865  24545   3372 
 22:43:16       0    293     47      -     93     53      0      0      0      0  14801   2880    534    265 
 22:43:17       0    156     38      -      0      0      0      0      0      0  14801   2925      0      0 
 22:43:18       0    249     56      -     99     41      0      0      0      0  14801   2865  12302    655 
 22:43:19       0    314     58      -    100     31      0      0      0      0  14801   2865  25460   3308 
 22:43:20       0    313     59      -    100     20      0      0      0      0  14801   2865      0      0 
 22:43:21       0    314     55      -     99     32      0      0      0      0  14801   2872  22010   3723 
 22:43:22       0    318     59      -    100     17      0      0      0      0  14801   2865      0   1671 
 22:43:23       0    317     59      -    100     22      0      0      0      0  14801   2872      0      0 
 22:43:24       0    317     59      -    100     17      0      0      0      0  14801   2865  21135   4514 
 22:43:25       0    315     61      -    100      1      0      0      0      0  14801   2865   7276    135 
 22:43:26       0    289     58      -    100     18      0      0      0      0  14801   2872  24206   3341 
 22:43:27       0    282     58      -    100     27      0      0      0      0  14801   2880      4      6 
 22:43:28       0    263     56      -    100     24      0      0      0      0  14801   2887  17303   3489 
 22:43:29       0    275     54      -    100     32      0      0      0      0  14801   2880      0      0 
 22:43:30       0    272     57      -    100     15      0      0      0      0  14801   2880  22772   1400 
 22:43:31       0    275     56      -    100     26      0      0      0      0  14801   2887      0      0 
 22:43:32       0    244     46      -     95     40      0      0      0      0  14801   2895    835    386 
 22:43:33       0    161     45      -     95     44      0      0      0      0  14801   2902      0      0 
 22:43:34       0     84     44      -     65     31      0      0      0      0  14801   2940  12614   4745 
 22:43:36       0    312     56      -    100     37      0      0      0      0  14801   2865  17364   2835 
 22:43:37       0    314     59      -     99     31      0      0      0      0  14801   2865  16104      1 
 22:43:38       0    316     55      -    100     31      0      0      0      0  14801   2865   9041   1308 
 22:43:39       0    316     58      -    100     23      0      0      0      0  14801   2865  15722   3635 
 22:43:40       0    317     59      -    100     24      0      0      0      0  14801   2865  23295   3938 
 22:43:41       0    319     60      -    100     15      0      0      0      0  14801   2872      0      0 
 22:43:42       0    314     60      -    100     24      0      0      0      0  14801   2872      0   2004 
#Time         gpu    pwr  gtemp  mtemp     sm    mem    enc    dec    jpg    ofa   mclk   pclk  rxpci  txpci 
#HH:MM:SS     Idx      W      C      C      %      %      %      %      %      %    MHz    MHz   MB/s   MB/s 
 22:43:43       0    306     57      -    100     15      0      0      0      0  14801   2872  23426    781 
 22:43:44       0    284     58      -    100      2      0      0      0      0  14801   2880  18110   3235 
 22:43:45       0    276     52      -     71     34      0      0      0      0  14801   2880      0      0 
 22:43:46       0    273     57      -    100     32      0      0      0      0  14801   2887      0      0 
 22:43:47       0    272     57      -    100     24      0      0      0      0  14801   2887   5062   2580 
 22:43:48       0    273     54      -    100     28      0      0      0      0  14801   2880      0   3365 
 22:43:49       0    273     57      -    100      2      0      0      0      0  14801   2880      0      0 
 22:43:50       0    272     57      -    100      2      0      0      0      0  14801   2880      0      0 
 22:43:51       0    269     57      -    100      5      0      0      0      0  14801   2880   1956      0 
 22:43:52       0    274     57      -    100     12      0      0      0      0  14801   2887      0      0 
 22:43:53       0    272     58      -    100      2      0      0      0      0  14801   2880      0      0 
 22:43:54       0    269     58      -    100      4      0      0      0      0  14801   2887      0      0 
 22:43:55       0    274     56      -    100     31      0      0      0      0  14801   2887      1   1062 
 22:43:57       0    271     58      -    100      2      0      0      0      0  14801   2880  20823      5 
 22:43:58       0    271     58      -    100      2      0      0      0      0  14801   2880      0      0 
 22:43:59       0    272     58      -    100      2      0      0      0      0  14801   2880      0      0 
 22:44:00       0    270     58      -    100      2      0      0      0      0  14801   2880      0      0 
 22:44:01       0    271     58      -    100      2      0      0      0      0  14801   2887      0      0 
 22:44:02       0    273     58      -    100     21      0      0      0      0  14801   2887      0      0 
 22:44:03       0    272     55      -     98     28      0      0      0      0  14801   2895      0      0 
 22:44:04       0    272     57      -    100      2      0      0      0      0  14801   2887  14799   2937 
 22:44:05       0    273     57      -    100      2      0      0      0      0  14801   2880      0      0 
 22:44:06       0    273     55      -    100     17      0      0      0      0  14801   2895      0      1 
 22:44:07       0    266     57      -    100      2      0      0      0      0  14801   2887      0      1 
 22:44:08       0    267     56      -    100      2      0      0      0      0  14801   2887      0      0 
 22:44:09       0    254     48      -     95     54      0      0      0      0  14801   2895     16     86 
 22:44:10       0    195     46      -     95     54      0      0      0      0  14801   2902      0      0 
 22:44:11       0     77     38      -      0      0      0      0      0      0  14801   2940      0      0 
 22:44:12       0     61     37      -      0      0      0      0      0      0  14801   2940      0      0 
 22:44:13       0     53     36      -      0      0      0      0      0      0  14801   2715      0      0 
 22:44:14       0     51     35      -      0      0      0      0      0      0  14801   2715      0      0 
 22:44:15       0     50     35      -      0      0      0      0      0      0  14801   2715      0      0 
 22:44:16       0     49     35      -      0      0      0      0      0      0  14801   2715      0      1 
 22:44:17       0     49     34      -      2      0      0      0      0      0  14801   2715      5      1 
 22:44:20       0     48     34      -      0      0      0      0      0      0  15001   2715      0      0 
