#Time         gpu    pwr  gtemp  mtemp     sm    mem    enc    dec    jpg    ofa   mclk   pclk  rxpci  txpci 
#HH:MM:SS     Idx      W      C      C      %      %      %      %      %      %    MHz    MHz   MB/s   MB/s 
 22:35:16       0     21     22      -      0      0      0      0      0      0    405    225      1      1 
 22:35:18       0     21     22      -      0      0      0      0      0      0    405    225      0      0 
 22:35:19       0     21     22      -      0      0      0      0      0      0    405    225      0      0 
 22:35:20       0     21     22      -      0      2      0      0      0      0    405    225      0      2 
 22:35:21       0     21     22      -      0      0      0      0      0      0    405    225      0      0 
 22:35:22       0     21     22      -      0      0      0      0      0      0    405    225      0      2 
 22:35:23       0     21     22      -      0      0      0      0      0      0    405    225      0      0 
 22:35:24       0     21     22      -      0      0      0      0      0      0    405    225      0      2 
 22:35:25       0     21     22      -      0      0      0      0      0      0    405    225      0      0 
 22:35:26       0     21     22      -      0      0      0      0      0      0    405    225      0      0 
 22:35:27       0     21     22      -      0      0      0      0      0      0    405    225      0      0 
 22:35:28       0     21     22      -      0      0      0      0      0      0    405    225      0      0 
 22:35:29       0     21     22      -      0      0      0      0      0      0    405    225      0      0 
 22:35:30       0     21     22      -      0      0      0      0      0      0    405    225      0      0 
 22:35:31       0     21     22      -      0      0      0      0      0      0    405    225      0      0 
 22:35:32       0     35     25      -      0      0      0      0      0      0  14801   2722      0      1 
 22:35:33       0     48     25      -      0      0      0      0      0      0  14801   2722   1077     51 
 22:35:34       0     48     25      -      6      0      0      0      0      0  14801   2752    960     98 
 22:35:35       0     49     26      -      0      0      0      0      0      0  14801   2745      0      0 
 22:35:37       0     48     26      -      0      0      0      0      0      0  14801   2722      0      1 
 22:35:38       0     49     26      -      6      0      0      0      0      0  14801   2760    272     95 
 22:35:39       0     49     26      -      0      0      0      0      0      0  14801   2722      0      1 
 22:35:40       0     48     26      -      0      0      0      0      0      0  14801   2722      0      0 
 22:35:41       0     48     26      -      0      0      0      0      0      0  14801   2722      0      1 
 22:35:42       0     47     26      -      0      0      0      0      0      0  14801   2722      0      0 
 22:35:43       0     47     26      -      0      0      0      0      0      0  14801   2722      0      1 
 22:35:44       0     47     26      -      0      0      0      0      0      0  14801   2722      0      0 
 22:35:45       0     48     26      -      0      0      0      0      0      0  14801   2722      0      1 
 22:35:46       0     48     26      -      0      0      0      0      0      0  14801   2722      0      0 
 22:35:47       0     48     26      -      0      0      0      0      0      0  14801   2722      0      1 
 22:35:48       0     48     26      -      0      0      0      0      0      0  14801   2722      0      5 
 22:35:49       0     48     26      -      0      0      0      0      0      0  14801   2722      0      1 
 22:35:50       0     48     26      -      0      0      0      0      0      0  14801   2722      0      0 
 22:35:51       0     48     26      -      0      0      0      0      0      0  14801   2722      0      1 
 22:35:52       0     48     26      -      0      0      0      0      0      0  14801   2722      0      0 
 22:35:53       0     48     26      -      0      0      0      0      0      0  14801   2722      0      1 
 22:35:54       0     48     26      -      0      0      0      0      0      0  14801   2722      0      0 
 22:35:55       0     47     26      -      1      0      0      0      0      0  14801   2722      0      8 
 22:35:56       0     24     24      -      0      0      0      0      0      0    810    315      0      0 
 22:35:58       0     23     24      -      2      0      0      0      0      0    405    225      0      0 
 22:35:59       0     22     24      -      0      0      0      0      0      0    405    225     35      0 
 22:36:00       0     22     24      -      2      0      0      0      0      0    405    225      0      0 
 22:36:01       0     22     23      -      0      0      0      0      0      0    405    225      0      0 
 22:36:02       0     22     23      -      0      0      0      0      0      0    405    225      0      0 
#Time         gpu    pwr  gtemp  mtemp     sm    mem    enc    dec    jpg    ofa   mclk   pclk  rxpci  txpci 
#HH:MM:SS     Idx      W      C      C      %      %      %      %      %      %    MHz    MHz   MB/s   MB/s 
 22:36:03       0     21     23      -      0      0      0      0      0      0    405    225      1      0 
 22:36:04       0     21     23      -      0      0      0      0      0      0    405    225      0      0 
 22:36:05       0     21     23      -      0      0      0      0      0      0    405    225      0      0 
 22:36:06       0     22     23      -      0      0      0      0      0      0    405    225      0      1 
 22:36:07       0     21     23      -      0      0      0      0      0      0    405    225      0      0 
 22:36:08       0     21     23      -      0      0      0      0      0      0    405    225      0      2 
 22:36:09       0     21     23      -      0      0      0      0      0      0    405    225      0      0 
 22:36:10       0     21     23      -      0      0      0      0      0      0    405    225      0      2 
 22:36:11       0     21     23      -      0      0      0      0      0      0    405    225      0      0 
 22:36:12       0     21     23      -      0      0      0      0      0      0    405    225      0      2 
 22:36:13       0     21     23      -      0      0      0      0      0      0    405    225      0      0 
 22:36:14       0     21     23      -      0      0      0      0      0      0    405    225      0      0 
 22:36:15       0     21     23      -      0      0      0      0      0      0    405    225      1      1 
 22:36:17       0     21     23      -      0      0      0      0      0      0    405    225      0      0 
 22:36:18       0     21     23      -      0      0      0      0      0      0    405    225      0      0 
 22:36:19       0     21     23      -      0      0      0      0      0      0    405    225      0      0 
 22:36:20       0     21     23      -      0      0      0      0      0      0    405    225      0      0 
 22:36:21       0     21     23      -      0      0      0      0      0      0    405    225      0      0 
 22:36:22       0     21     23      -      0      0      0      0      0      0    405    225      0      0 
 22:36:23       0     21     23      -      0      0      0      0      0      0    405    225      1      1 
 22:36:24       0     21     23      -      0      0      0      0      0      0    405    225      0      3 
 22:36:25       0     21     23      -      0      0      0      0      0      0    405    225      1      1 
 22:36:26       0     21     23      -      0      0      0      0      0      0    405    225      0      2 
 22:36:27       0     29     25      -      0      0      0      0      0      0  14801   2737      5      0 
 22:36:28       0     48     25      -      0      0      0      0      0      0  14801   2722      0      1 
 22:36:29       0     48     26      -      0      0      0      0      0      0  14801   2722      0      0 
 22:36:30       0     47     26      -      0      0      0      0      0      0  14801   2722      0      1 
 22:36:31       0     47     26      -      0      0      0      0      0      0  14801   2722      0      0 
 22:36:32       0     48     26      -      0      0      0      0      0      0  14801   2722      0      1 
 22:36:33       0     48     26      -      0      0      0      0      0      0  14801   2722      0      0 
 22:36:34       0     47     26      -      0      0      0      0      0      0  14801   2722      0      1 
 22:36:36       0     48     26      -      0      0      0      0      0      0  14801   2722      0      0 
 22:36:37       0     48     26      -      0      0      0      0      0      0  14801   2722      0      1 
 22:36:38       0     47     26      -      0      0      0      0      0      0  14801   2722      0      0 
 22:36:39       0     48     26      -      0      0      0      0      0      0  14801   2722      0      1 
 22:36:40       0     48     26      -      0      0      0      0      0      0  14801   2722      0      0 
 22:36:41       0     48     26      -      0      0      0      0      0      0  14801   2722      0      1 
 22:36:42       0     48     26      -      0      0      0      0      0      0  14801   2722      0      0 
 22:36:43       0     48     26      -      0      0      0      0      0      0  14801   2722      0      1 
 22:36:44       0     48     26      -      0      0      0      0      0      0  14801   2722      0      0 
 22:36:45       0     56     27      -     99      7      0      0      0      0  14801   2842  30530   2586 
 22:36:46       0    177     44      -    100     45      0      0      0      0  14801   2887  30426   1460 
 22:36:47       0    285     38      -     54     16      0      0      0      0  14801   2872     11      1 
 22:36:48       0     68     29      -      0      0      0      0      0      0  14801   2955      0      0 
#Time         gpu    pwr  gtemp  mtemp     sm    mem    enc    dec    jpg    ofa   mclk   pclk  rxpci  txpci 
#HH:MM:SS     Idx      W      C      C      %      %      %      %      %      %    MHz    MHz   MB/s   MB/s 
 22:36:49       0     52     28      -      0      0      0      0      0      0  14801   2767      0      1 
 22:36:50       0     48     28      -      0      0      0      0      0      0  14801   2722      0      0 
 22:36:51       0     48     27      -      0      0      0      0      0      0  14801   2722      0      0 
 22:36:52       0     48     27      -      0      0      0      0      0      0  14801   2722      0      0 
 22:36:53       0     48     27      -      0      0      0      0      0      0  14801   2722      0      0 
 22:36:54       0     54     28      -     42      3      0      0      0      0  14801   2805      0      0 
 22:36:55       0     53     28      -      0      0      0      0      0      0  14801   2880      0      0 
 22:36:57       0     65     39      -     94     34      0      0      0      0  14801   2722  30517   2518 
 22:36:58       0    226     35      -     96     41      0      0      0      0  14801   2925   7631    752 
 22:36:59       0     77     29      -      0      0      0      0      0      0  14801   2955      0      0 
 22:37:00       0     54     29      -      0      0      0      0      0      0  14801   2955      0      0 
 22:37:01       0     48     28      -      0      0      0      0      0      0  14801   2722      0      1 
 22:37:02       0     48     28      -      0      0      0      0      0      0  14801   2722      0      0 
 22:37:03       0     48     28      -      0      0      0      0      0      0  14801   2722      0      1 
 22:37:04       0     48     28      -      0      0      0      0      0      0  14801   2722      0      0 
 22:37:05       0     48     28      -      0      0      0      0      0      0  14801   2722      0      0 
 22:37:06       0     48     28      -      0      0      0      0      0      0  14801   2722      0      0 
 22:37:07       0     48     28      -      0      0      0      0      0      0  14801   2722      0      1 
 22:37:08       0     48     28      -      0      0      0      0      0      0  14801   2722      0      1 
 22:37:09       0     48     28      -      0      0      0      0      0      0  14801   2722      0      0 
 22:37:10       0     48     28      -      0      0      0      0      0      0  14801   2722      0      1 
 22:37:11       0     48     28      -      0      0      0      0      0      0  14801   2722      0      0 
 22:37:12       0     48     28      -      0      0      0      0      0      0  14801   2722      0      0 
 22:37:13       0     48     28      -      0      0      0      0      0      0  14801   2722      0      0 
 22:37:14       0     48     28      -      0      0      0      0      0      0   7001   2722      0      0 
 22:37:15       0     26     26      -      0      0      0      0      0      0    810    405      2      0 
 22:37:16       0     23     25      -      0      0      0      0      0      0    810    240      0      0 
 22:37:17       0     22     25      -      0      0      0      0      0      0    405    225      0      1 
 22:37:18       0     30     29      -     65     22      0      0      0      0  14801    345      0      0 
 22:37:19       0    162     32      -     45     25      0      0      0      0  14801   2917      0      1 
 22:37:21       0    233     48      -    100     39      0      0      0      0  14801   2880  14881   1975 
 22:37:22       0    305     50      -    100     31      0      0      0      0  14801   2887  27091      2 
 22:37:23       0    302     47      -    100     27      0      0      0      0  14801   2887  23033      0 
 22:37:24       0    278     40      -     95     59      0      0      0      0  14801   2895    914    130 
 22:37:25       0    152     32      -      0      0      0      0      0      0  14801   2940  30535   2587 
 22:37:26       0    247     48      -     99     39      0      0      0      0  14801   2880  15636   2630 
 22:37:27       0    306     52      -    100     31      0      0      0      0  14801   2880  29796   2690 
 22:37:28       0    306     47      -    100     30      0      0      0      0  14801   2872   8793      2 
 22:37:29       0    308     53      -    100     13      0      0      0      0  14801   2872      0   1406 
 22:37:30       0    309     55      -    100      7      0      0      0      0  14801   2880  27797      2 
 22:37:31       0    314     54      -    100     29      0      0      0      0  14801   2872   8720      0 
 22:37:32       0    307     55      -    100     24      0      0      0      0  14801   2872      0      1 
 22:37:33       0    302     47      -     99     30      0      0      0      0  14801   2880    970      0 
 22:37:34       0    275     52      -    100      7      0      0      0      0  14801   2880  11690      2 
#Time         gpu    pwr  gtemp  mtemp     sm    mem    enc    dec    jpg    ofa   mclk   pclk  rxpci  txpci 
#HH:MM:SS     Idx      W      C      C      %      %      %      %      %      %    MHz    MHz   MB/s   MB/s 
 22:37:35       0    279     53      -    100      2      0      0      0      0  14801   2880      0   1764 
 22:37:36       0    262     52      -    100      2      0      0      0      0  14801   2887      0      2 
 22:37:37       0    272     53      -    100      2      0      0      0      0  14801   2880      0      0 
 22:37:38       0    264     52      -    100     24      0      0      0      0  14801   2887      0      1 
 22:37:39       0    265     51      -    100     25      0      0      0      0  14801   2887      0      3 
 22:37:40       0    206     44      -     95     61      0      0      0      0  14801   2902     10      1 
 22:37:42       0     89     47      -     99     45      0      0      0      0  14801   2940  29318   2610 
 22:37:43       0    305     54      -    100     40      0      0      0      0  14801   2857   9476   2261 
 22:37:44       0    309     56      -    100     31      0      0      0      0  14801   2857   1876    793 
 22:37:45       0    309     55      -    100     30      0      0      0      0  14801   2865      0   1923 
 22:37:46       0    310     53      -    100     30      0      0      0      0  14801   2865   6320   2498 
 22:37:47       0    312     58      -    100     18      0      0      0      0  14801   2872  30430    217 
 22:37:48       0    317     55      -    100     31      0      0      0      0  14801   2872  30491   1252 
 22:37:49       0    309     58      -    100     28      0      0      0      0  14801   2872   6687      2 
 22:37:50       0    308     53      -    100     30      0      0      0      0  14801   2872      0   2122 
 22:37:51       0    282     56      -    100     27      0      0      0      0  14801   2880      0   1722 
 22:37:52       0    268     55      -    100      2      0      0      0      0  14801   2895      0      0 
 22:37:53       0    275     52      -    100     15      0      0      0      0  14801   2880      0    403 
 22:37:54       0    278     55      -    100     30      0      0      0      0  14801   2880  30438    661 
 22:37:55       0    270     56      -    100     20      0      0      0      0  14801   2880  23105      1 
 22:37:56       0    273     56      -    100      2      0      0      0      0  14801   2880   8742      0 
 22:37:57       0    269     55      -    100      2      0      0      0      0  14801   2887  27196   2621 
 22:37:58       0    274     58      -    100     31      0      0      0      0  14801   2880      0      0 
 22:37:59       0    274     56      -    100      2      0      0      0      0  14801   2880      0      0 
 22:38:00       0    268     54      -    100     22      0      0      0      0  14801   2887      0    612 
 22:38:02       0    271     56      -    100      9      0      0      0      0  14801   2880      0      0 
 22:38:03       0    275     57      -    100     30      0      0      0      0  14801   2895      0      0 
 22:38:04       0    266     57      -    100     20      0      0      0      0  14801   2887   5371   2189 
 22:38:05       0    273     57      -    100      9      0      0      0      0  14801   2887  21288      0 
 22:38:06       0    272     57      -    100      2      0      0      0      0  14801   2880      0      0 
 22:38:07       0    267     57      -    100     13      0      0      0      0  14801   2887      0      0 
 22:38:08       0    272     57      -    100     31      0      0      0      0  14801   2895      0      0 
 22:38:09       0    272     58      -    100     26      0      0      0      0  14801   2887      0      0 
 22:38:10       0    272     57      -    100      2      0      0      0      0  14801   2880      0      0 
 22:38:11       0    270     57      -    100      2      0      0      0      0  14801   2887  30460    755 
 22:38:12       0    272     57      -    100      2      0      0      0      0  14801   2880   1808   2082 
 22:38:13       0    274     57      -    100      7      0      0      0      0  14801   2887      0      0 
 22:38:14       0    255     57      -    100      2      0      0      0      0  14801   2895      0      0 
 22:38:15       0    260     57      -    100      2      0      0      0      0  14801   2887      0      0 
 22:38:16       0    249     49      -     97     50      0      0      0      0  14801   2887    209    115 
 22:38:17       0    203     42      -     32     17      0      0      0      0  14801   2902  31128   2675 
 22:38:18       0    247     48      -     95     57      0      0      0      0  14801   2902    814     35 
 22:38:19       0    193     55      -    100     46      0      0      0      0  14801   2895  19003   1628 
 22:38:20       0    313     56      -    100     41      0      0      0      0  14801   2850      0   2279 
#Time         gpu    pwr  gtemp  mtemp     sm    mem    enc    dec    jpg    ofa   mclk   pclk  rxpci  txpci 
#HH:MM:SS     Idx      W      C      C      %      %      %      %      %      %    MHz    MHz   MB/s   MB/s 
 22:38:21       0    314     54      -    100     25      0      0      0      0  14801   2872  20066   2580 
 22:38:23       0    293     48      -     95     58      0      0      0      0  14801   2872    113     20 
 22:38:24       0    160     39      -      0      0      0      0      0      0  14801   2932      0      0 
 22:38:25       0    254     57      -    100     40      0      0      0      0  14801   2857  29237   2671 
 22:38:26       0    313     58      -    100     30      0      0      0      0  14801   2872  13520      0 
 22:38:27       0    314     57      -    100     29      0      0      0      0  14801   2872  30490   2630 
 22:38:28       0    314     59      -    100     20      0      0      0      0  14801   2865      2      0 
 22:38:29       0    318     58      -    100     30      0      0      0      0  14801   2865  30691   1191 
 22:38:30       0    316     57      -    100     20      0      0      0      0  14801   2865  27322      0 
 22:38:31       0    318     60      -    100     26      0      0      0      0  14801   2880      0      1 
 22:38:32       0    310     55      -     99     30      0      0      0      0  14801   2872      0      0 
 22:38:33       0    282     57      -    100      3      0      0      0      0  14801   2880      0      0 
 22:38:34       0    287     57      -    100      2      0      0      0      0  14801   2872  14544      4 
 22:38:35       0    266     57      -    100      2      0      0      0      0  14801   2880      0      0 
 22:38:36       0    277     57      -    100      2      0      0      0      0  14801   2880  30420   2389 
 22:38:37       0    270     55      -    100     24      0      0      0      0  14801   2887  18618   2545 
 22:38:38       0    271     56      -    100     25      0      0      0      0  14801   2880  30217   2682 
 22:38:39       0    242     48      -     95     63      0      0      0      0  14801   2902    914     52 
 22:38:40       0    146     39      -      0      0      0      0      0      0  14801   2940  30470   2587 
 22:38:41       0    196     55      -    100     46      0      0      0      0  14801   2850  24769   1068 
 22:38:43       0    316     59      -    100     32      0      0      0      0  14801   2865  14647   2538 
 22:38:44       0    316     59      -    100     22      0      0      0      0  14801   2857  30236   1476 
 22:38:45       0    317     58      -    100     18      0      0      0      0  14801   2865      0      0 
 22:38:46       0    318     57      -     99     26      0      0      0      0  14801   2865  30505   2502 
 22:38:47       0    321     58      -    100     27      0      0      0      0  14801   2857  30271   1949 
 22:38:48       0    318     58      -    100     30      0      0      0      0  14801   2865   8341      0 
 22:38:49       0    317     58      -    100     25      0      0      0      0  14801   2872  30448   2292 
 22:38:50       0    290     57      -    100      8      0      0      0      0  14801   2880  31040   2623 
 22:38:51       0    290     57      -    100      2      0      0      0      0  14801   2872      0      0 
 22:38:52       0    273     57      -    100      2      0      0      0      0  14801   2880  28479      0 
 22:38:53       0    285     55      -    100     30      0      0      0      0  14801   2880      0      0 
 22:38:54       0    276     54      -    100     15      0      0      0      0  14801   2880      4      0 
 22:38:55       0    282     56      -    100      2      0      0      0      0  14801   2880      0      0 
 22:38:56       0    278     56      -    100      2      0      0      0      0  14801   2887      0      0 
 22:38:57       0    283     56      -    100     31      0      0      0      0  14801   2880      0      0 
 22:38:58       0    283     56      -    100      2      0      0      0      0  14801   2880  17329   2576 
 22:38:59       0    278     55      -    100     24      0      0      0      0  14801   2895      1      1 
 22:39:00       0    282     55      -    100     15      0      0      0      0  14801   2887      0   1066 
 22:39:01       0    282     55      -    100      2      0      0      0      0  14801   2880      0      0 
 22:39:02       0    276     55      -    100     14      0      0      0      0  14801   2887      0      0 
 22:39:04       0    281     55      -    100      4      0      0      0      0  14801   2880      0      0 
 22:39:05       0    281     55      -    100      2      0      0      0      0  14801   2880  23934   2533 
 22:39:06       0    275     54      -    100      6      0      0      0      0  14801   2880  26066   2593 
 22:39:07       0    280     54      -    100     30      0      0      0      0  14801   2895  27679   2645 
#Time         gpu    pwr  gtemp  mtemp     sm    mem    enc    dec    jpg    ofa   mclk   pclk  rxpci  txpci 
#HH:MM:SS     Idx      W      C      C      %      %      %      %      %      %    MHz    MHz   MB/s   MB/s 
 22:39:08       0    280     53      -    100     31      0      0      0      0  14801   2895  31147   2634 
 22:39:09       0    277     52      -     99     10      0      0      0      0  14801   2880   6570   2148 
 22:39:10       0    274     54      -    100      2      0      0      0      0  14801   2880     14      1 
 22:39:11       0    280     54      -    100      7      0      0      0      0  14801   2880      0      0 
 22:39:12       0    277     53      -    100     21      0      0      0      0  14801   2895      0      2 
 22:39:13       0    261     54      -    100      2      0      0      0      0  14801   2895  20757      0 
 22:39:14       0    263     54      -    100      2      0      0      0      0  14801   2895   9297      2 
 22:39:15       0    250     46      -     96     63      0      0      0      0  14801   2895    226     19 
 22:39:16       0    200     39      -      1      1      0      0      0      0  14801   2902      0      1 
 22:39:17       0     62     36      -      0      0      0      0      0      0  14801   2940      0      0 
 22:39:18       0     59     35      -      0      0      0      0      0      0  14801   2760      0      0 
 22:39:19       0     52     34      -      0      0      0      0      0      0  14801   2715      0      0 
 22:39:20       0     50     34      -      0      0      0      0      0      0  14801   2715      5      9 
 22:39:21       0     49     34      -      0      0      0      0      0      0  14801   2715      0      0 
 22:39:22       0     49     34      -      0      0      0      0      0      0  14801   2722      0      0 
 22:39:23       0     49     33      -      0      0      0      0      0      0  14801   2722      0      0 
 22:39:25       0     48     33      -      0      0      0      0      0      0  14801   2722      0      0 
 22:39:26       0     48     33      -      0      0      0      0      0      0  14801   2722     13      0 
 22:39:27       0     49     33      -      0      0      0      0      0      0  14801   2722      0      0 
 22:39:28       0     51     33      -     27     28      0      0      0      0  14801   2722      6     14 
 22:39:32       0     48     32      -      0      0      0      0      0      0  15001   2722      0      0 
