#Time         gpu    pwr  gtemp  mtemp     sm    mem    enc    dec    jpg    ofa   mclk   pclk     fb   bar1   ccpm 
#HH:MM:SS     Idx      W      C      C      %      %      %      %      %      %    MHz    MHz     MB     MB     MB 
 07:25:39       0     27     32      -      0      0      0      0      0      0   7001    375      2      1      0 
 07:25:44       0     20     30      -      0      0      0      0      0      0    405    225      2      1      0 
 07:25:49       0     20     30      -      0      0      0      0      0      0    405    225      2      1      0 
 07:25:54       0     30     31      -      0      0      0      0      0      0  14801   2415    338      4      0 
 07:25:59       0     49     32      -      4      0      0      0      0      0  14801   2737   2264      4      0 
 07:26:04       0     48     31      -      0      0      0      0      0      0  14801   2722   2694      4      0 
 07:26:09       0     48     31      -      0      0      0      0      0      0  14801   2722   2702      4      0 
 07:26:14       0     48     31      -      0      0      0      0      0      0  14801   2722   2702      4      0 
 07:26:19       0     27     29      -      0      0      0      0      0      0    810    390   2702      4      0 
 07:26:24       0     20     28      -      0      0      0      0      0      0    405    225   2702      4      0 
 07:26:29       0     48     30      -      0      0      0      0      0      0  14801   2722  15476      4      0 
 07:26:34       0     48     30      -      0      0      0      0      0      0  14801   2722  15476      4      0 
 07:26:39       0     48     30      -      0      0      0      0      0      0  14801   2722  15476      4      0 
 07:26:44       0     53     30      -      0      0      0      0      0      0  14801   2910  15476      4      0 
 07:26:49       0     48     30      -      0      0      0      0      0      0  14801   2722  11558      4      0 
 07:26:54       0     54     30      -      0      0      0      0      0      0  14801   2955  11558      4      0 
 07:26:59       0     48     30      -      0      0      0      0      0      0  14801   2722  11568      4      0 
 07:27:04       0     48     30      -      0      0      0      0      0      0  14801   2722  11568      4      0 
 07:27:09       0     48     29      -      0      0      0      0      0      0  14801   2722  11590      4      0 
 07:27:14       0     54     30      -      0      0      0      0      0      0  14801   2955  11590      4      0 
 07:27:19       0     48     29      -      0      0      0      0      0      0  14801   2722  11590      4      0 
 07:27:24       0     54     30      -      0      0      0      0      0      0  14801   2955  11590      4      0 
 07:27:29       0     57     31      -    100      2      0      0      0      0  14801   2955  11598      4      0 
 07:27:34       0     48     29      -      0      0      0      0      0      0  14801   2722  11618      4      0 
 07:27:39       0     48     29      -      0      0      0      0      0      0  14801   2722  11618      4      0 
 07:27:44       0     83     31      -      0      0      0      0      0      0  14801   2955  12194      4      0 
 07:27:49       0     59     30      -      0      0      0      0      0      0  14801   2955  12194      4      0 
 07:27:54       0     48     29      -      0      0      0      0      0      0  14801   2722  15132      4      0 
 07:27:59       0     54     30      -      0      0      0      0      0      0  14801   2955  15134      4      0 
 07:28:04       0     53     30      -      0      0      0      0      0      0  14801   2910  15736      4      0 
 07:28:09       0     48     30      -      0      0      0      0      0      0  14801   2722  15736      4      0 
 07:28:14       0     48     30      -      0      0      0      0      0      0  14801   2722  15736      4      0 
 07:28:19       0     30     28      -      0      0      0      0      0      0    810    442  15736      4      0 
 07:28:24       0    130     36      -     94     53      0      0      0      0  14801   2910  15738      4      0 
 07:28:29       0    290     51      -    100     34      0      0      0      0  14801   2895  15738      4      0 
 07:28:34       0    244     50      -    100      7      0      0      0      0  14801   2940  15692      4      0 
 07:28:39       0    219     42      -     92     62      0      0      0      0  14801   2902  15696      4      0 
 07:28:44       0    292     54      -    100     13      0      0      0      0  14801   2880  15696      4      0 
 07:28:49       0    291     56      -    100     10      0      0      0      0  14801   2880  15694      4      0 
 07:28:54       0     54     36      -      0      0      0      0      0      0  14801   2902  15696      4      0 
 07:28:59       0     51     34      -      0      0      0      0      0      0  14801   2715      4      2      0 
