#Time         gpu    pwr  gtemp  mtemp     sm    mem    enc    dec    jpg    ofa   mclk   pclk     fb   bar1   ccpm 
#HH:MM:SS     Idx      W      C      C      %      %      %      %      %      %    MHz    MHz     MB     MB     MB 
 12:00:22       0     51     30      -      0      0      0      0      0      0  15001   2722      2      1      0 
 12:00:27       0     22     27      -      0      0      0      0      0      0    810    225      2      1      0 
 12:00:32       0     20     26      -      0      0      0      0      0      0    405    225      2      1      0 
 12:00:37       0     23     27      -      1      0      0      0      0      0  14801   1972    338      4      0 
 12:00:42       0     49     29      -      4      0      0      0      0      0  14801   2745   2436      4      0 
 12:00:47       0     48     29      -      0      0      0      0      0      0  14801   2722   2702      4      0 
 12:00:52       0     48     29      -      0      0      0      0      0      0  14801   2722   2702      4      0 
 12:00:57       0     48     29      -      0      0      0      0      0      0  14801   2722   2702      4      0 
 12:01:02       0     22     27      -      0      0      0      0      0      0    405    240   2702      4      0 
 12:01:07       0     20     26      -      0      0      0      0      0      0    405    225   2702      4      0 
 12:01:12       0     48     29      -      0      0      0      0      0      0  14801   2722  15096      4      0 
 12:01:17       0     56     30      -      0      0      0      0      0      0  14801   2955  15096      4      0 
 12:01:22       0     48     29      -      0      0      0      0      0      0  14801   2722  11478      4      0 
 12:01:27       0     54     30      -      0      0      0      0      0      0  14801   2955  11478      4      0 
 12:01:32       0     48     29      -      0      0      0      0      0      0  14801   2722  11508      4      0 
 12:01:37       0     48     29      -      0      0      0      0      0      0  14801   2722  11530      4      0 
 12:01:42       0     48     29      -      0      0      0      0      0      0  14801   2722  11530      4      0 
 12:01:47       0     57     30      -     47      3      0      0      0      0  14801   2955  11530      4      0 
 12:01:52       0     54     31      -    100      1      0      0      0      0  14801   2955  11536      4      0 
 12:01:57       0     48     29      -      0      0      0      0      0      0  14801   2722  11538      4      0 
 12:02:02       0     48     29      -      0      0      0      0      0      0  14801   2722  12134      4      0 
 12:02:07       0     49     30      -      0      0      0      0      0      0  14801   2722  12134      4      0 
 12:02:12       0     48     30      -      0      0      0      0      0      0  14801   2722  12134      4      0 
 12:02:17       0     48     30      -      0      0      0      0      0      0  14801   2722  15116      4      0 
 12:02:22       0    123     46      -    100     35      0      0      0      0  14801   2902  15700      4      0 
 12:02:27       0     48     30      -      0      0      0      0      0      0  14801   2722  15700      4      0 
 12:02:32       0     48     30      -      0      0      0      0      0      0  14801   2722  15700      4      0 
 12:02:37       0     48     30      -      0      0      0      0      0      0  14801   2722  15700      4      0 
 12:02:42       0     22     27      -      0      0      0      0      0      0    810    240  15700      4      0 
 12:02:47       0    275     49      -    100     30      0      0      0      0  14801   2895  15722      4      0 
 12:02:52       0    292     54      -    100     12      0      0      0      0  14801   2887  15722      4      0 
 12:02:57       0    290     56      -    100     15      0      0      0      0  14801   2880  15680      4      0 
 12:03:02       0    291     54      -    100     30      0      0      0      0  14801   2880  15680      4      0 
 12:03:07       0    295     55      -    100     35      0      0      0      0  14801   2880  15680      4      0 
 12:03:12       0    265     47      -     94     68      0      0      0      0  14801   2895  15682      4      0 
 12:03:17       0     49     35      -      0      0      0      0      0      0  14801   2715  15680      4      0 
