#Time         gpu    pwr  gtemp  mtemp     sm    mem    enc    dec    jpg    ofa   mclk   pclk  rxpci  txpci 
#HH:MM:SS     Idx      W      C      C      %      %      %      %      %      %    MHz    MHz   MB/s   MB/s 
 21:24:59       0     21     23      -      0      0      0      0      0      0    405    225      0      1 
 21:25:00       0     21     23      -      0      0      0      0      0      0    405    225      0      0 
 21:25:01       0     21     23      -      0      0      0      0      0      0    405    225      0      0 
 21:25:02       0     21     23      -      0      0      0      0      0      0    405    225      0      0 
 21:25:03       0     21     23      -      0      0      0      0      0      0    405    225      0      0 
 21:25:04       0     21     23      -      0      0      0      0      0      0    405    225      0      0 
 21:25:05       0     21     23      -      0      0      0      0      0      0    405    225      0      0 
 21:25:06       0     21     23      -      0      0      0      0      0      0    405    225      0      0 
 21:25:07       0     21     23      -      0      0      0      0      0      0    405    225      0      0 
 21:25:08       0     21     23      -      0      0      0      0      0      0    405    225      0      0 
 21:25:10       0     21     23      -      0      0      0      0      0      0    405    225      0      0 
 21:25:11       0     21     23      -      0      0      0      0      0      0    405    225      0      0 
 21:25:12       0     21     23      -      0      0      0      0      0      0    405    225      0      1 
 21:25:13       0     21     23      -      0      0      0      0      0      0    405    225      0      0 
 21:25:14       0     25     24      -      0      0      0      0      0      0  14801   2557      0      0 
 21:25:15       0     48     25      -      0      0      0      0      0      0  14801   2722      0      0 
 21:25:16       0     49     26      -      4      0      0      0      0      0  14801   2745    853     77 
 21:25:17       0     49     26      -      3      0      0      0      0      0  14801   2730    593     36 
 21:25:18       0     49     26      -      0      0      0      0      0      0  14801   2722      0      0 
 21:25:19       0     48     26      -      0      0      0      0      0      0  14801   2722      0      0 
 21:25:20       0     49     26      -      5      0      0      0      0      0  14801   2760      0      0 
 21:25:21       0     49     26      -      0      0      0      0      0      0  14801   2722      0      0 
 21:25:22       0     48     26      -      0      0      0      0      0      0  14801   2722      0      0 
 21:25:23       0     48     26      -      0      0      0      0      0      0  14801   2722      0      0 
 21:25:24       0     48     27      -      0      0      0      0      0      0  14801   2722      0      0 
 21:25:25       0     48     27      -      0      0      0      0      0      0  14801   2722      0      0 
 21:25:26       0     48     27      -      1      0      0      0      0      0  14801   2722      0      0 
 21:25:27       0     48     27      -      0      0      0      0      0      0  14801   2722      0      2 
 21:25:28       0     48     27      -      0      0      0      0      0      0  14801   2722      0      0 
 21:25:29       0     48     27      -      0      0      0      0      0      0  14801   2722      0      1 
 21:25:30       0     48     27      -      0      0      0      0      0      0  14801   2722     38      0 
 21:25:32       0     48     27      -      1      0      0      0      0      0  14801   2722      0      1 
 21:25:33       0     48     27      -      0      0      0      0      0      0  14801   2722      0      0 
 21:25:34       0     48     27      -      0      0      0      0      0      0  14801   2722      0      0 
 21:25:35       0     48     27      -      0      0      0      0      0      0  14801   2722      0      0 
 21:25:36       0     48     27      -      0      0      0      0      0      0  14801   2722      0      0 
 21:25:37       0     48     27      -      0      0      0      0      0      0  14801   2722      0      0 
 21:25:38       0     42     26      -      1      0      0      0      0      0    810    555      0      0 
 21:25:39       0     24     25      -      1      0      0      0      0      0    810    337     60      4 
 21:25:40       0     23     24      -      0      0      0      0      0      0    405    225      0      0 
 21:25:41       0     22     24      -      1      0      0      0      0      0    405    225      0      0 
 21:25:42       0     22     24      -      0      0      0      0      0      0    405    225      0      0 
 21:25:43       0     22     24      -      0      0      0      0      0      0    405    225      0      0 
 21:25:44       0     21     24      -      0      0      0      0      0      0    405    225      0      0 
#Time         gpu    pwr  gtemp  mtemp     sm    mem    enc    dec    jpg    ofa   mclk   pclk  rxpci  txpci 
#HH:MM:SS     Idx      W      C      C      %      %      %      %      %      %    MHz    MHz   MB/s   MB/s 
 21:25:45       0     21     23      -      0      0      0      0      0      0    405    225      0      0 
 21:25:46       0     21     23      -      0      0      0      0      0      0    405    225      0      0 
 21:25:47       0     22     23      -      0      0      0      0      0      0    405    225     13      1 
 21:25:48       0     41     26      -      0      0      0      0      0      0  14801   2737      0      0 
 21:25:49       0     49     26      -      0      0      0      0      0      0  14801   2722      1      0 
 21:25:50       0     48     27      -      0      0      0      0      0      0  14801   2722      0      0 
 21:25:51       0     48     27      -      0      0      0      0      0      0  14801   2722      0      0 
 21:25:53       0     48     27      -      0      0      0      0      0      0  14801   2722      0      0 
 21:25:54       0     48     27      -      0      0      0      0      0      0  14801   2722      0      0 
 21:25:55       0     48     27      -      0      0      0      0      0      0  14801   2722      0      0 
 21:25:56       0     48     27      -      0      0      0      0      0      0  14801   2722      0      0 
 21:25:57       0     48     27      -      0      0      0      0      0      0  14801   2722      0      1 
 21:25:58       0     48     27      -      0      0      0      0      0      0  14801   2722      0      0 
 21:25:59       0     48     27      -      0      0      0      0      0      0  14801   2722      0      0 
 21:26:00       0     48     27      -      0      0      0      0      0      0  14801   2722      0      0 
 21:26:01       0     48     27      -      0      0      0      0      0      0  14801   2722      0      0 
 21:26:02       0     48     27      -      0      0      0      0      0      0  14801   2722      0      0 
 21:26:03       0     48     27      -      0      0      0      0      0      0  14801   2722      0      0 
 21:26:04       0     48     27      -      0      0      0      0      0      0  14801   2722      0      0 
 21:26:05       0     48     27      -      0      0      0      0      0      0  14801   2722      0      0 
 21:26:06       0     48     27      -      0      0      0      0      0      0  14801   2722      0      0 
 21:26:07       0     48     27      -      0      0      0      0      0      0  14801   2722      0      0 
 21:26:08       0     48     27      -      0      0      0      0      0      0  14801   2722      0      0 
 21:26:09       0     48     27      -      0      0      0      0      0      0  14801   2722      0      0 
 21:26:10       0     48     27      -      0      0      0      0      0      0  14801   2722      0      0 
 21:26:11       0     48     27      -      0      0      0      0      0      0  14801   2722      0      0 
 21:26:12       0     48     27      -      1      0      0      0      0      0  14801   2722      0      0 
 21:26:14       0     48     27      -      0      0      0      0      0      0  14801   2722      1      0 
 21:26:15       0     48     27      -      2      0      0      0      0      0  14801   2722      0      0 
 21:26:16       0     48     27      -      0      0      0      0      0      0  14801   2722      0      0 
 21:26:17       0     48     27      -      0      0      0      0      0      0  14801   2722      0      0 
 21:26:18       0     49     27      -      0      0      0      0      0      0  14801   2790      3      0 
 21:26:19       0     48     27      -      0      0      0      0      0      0  14801   2722      0      0 
 21:26:20       0     48     27      -      0      0      0      0      0      0  14801   2722      0      0 
 21:26:21       0     48     27      -      0      0      0      0      0      0  14801   2722      0      0 
 21:26:22       0     48     27      -      0      0      0      0      0      0  14801   2722      0      0 
 21:26:23       0     48     27      -      0      0      0      0      0      0  14801   2722      0      0 
 21:26:24       0     48     27      -      0      0      0      0      0      0  14801   2722      0      0 
 21:26:25       0     48     27      -      0      0      0      0      0      0  14801   2722      0      0 
 21:26:26       0     48     27      -      0      0      0      0      0      0  14801   2722      0      0 
 21:26:27       0     51     27      -      0      0      0      0      0      0  14801   2722      6      1 
 21:26:31       0     48     27      -      0      0      0      0      0      0  15001   2722      0      0 
 21:26:32       0     33     26      -      0      0      0      0      0      0   7001    525      0      0 
 21:26:33       0     25     25      -      0      0      0      0      0      0    810    330      0      1 
#Time         gpu    pwr  gtemp  mtemp     sm    mem    enc    dec    jpg    ofa   mclk   pclk  rxpci  txpci 
#HH:MM:SS     Idx      W      C      C      %      %      %      %      %      %    MHz    MHz   MB/s   MB/s 
 21:26:34       0     24     25      -      0      0      0      0      0      0    810    217      0      0 
 21:26:35       0     21     25      -      0      0      0      0      0      0    405    225      1      7 
