#Time         gpu    pwr  gtemp  mtemp     sm    mem    enc    dec    jpg    ofa   mclk   pclk  rxpci  txpci 
#HH:MM:SS     Idx      W      C      C      %      %      %      %      %      %    MHz    MHz   MB/s   MB/s 
 21:29:05       0     21     23      -      0      0      0      0      0      0    405    225      0      0 
 21:29:06       0     21     23      -      0      0      0      0      0      0    405    225      0      0 
 21:29:07       0     21     23      -      0      0      0      0      0      0    405    225      0      0 
 21:29:08       0     21     23      -      0      0      0      0      0      0    405    225      0      0 
 21:29:09       0     21     23      -      0      0      0      0      0      0    405    225      0      0 
 21:29:10       0     20     23      -      0      0      0      0      0      0    405    225      0      1 
 21:29:11       0     21     23      -      0      0      0      0      0      0    405    225      0      0 
 21:29:12       0     21     23      -      0      0      0      0      0      0    405    225      0      1 
 21:29:13       0     21     23      -      0      0      0      0      0      0    405    225      0      1 
 21:29:14       0     21     23      -      0      0      0      0      0      0    405    225      0      1 
 21:29:15       0     21     23      -      0      0      0      0      0      0    405    225      0      0 
 21:29:17       0     21     23      -      0      0      0      0      0      0    405    225      0      1 
 21:29:18       0     21     23      -      0      0      0      0      0      0    405    225      0      0 
 21:29:19       0     21     23      -      0      0      0      0      0      0    405    225      0      1 
 21:29:20       0     21     24      -      0      0      0      0      0      0  15001    225      0      0 
 21:29:21       0     35     25      -      0      0      0      0      0      0  14801   2722      0      0 
 21:29:22       0     48     26      -      0      0      0      0      0      0  14801   2730    942     48 
 21:29:23       0     48     26      -      6      0      0      0      0      0  14801   2745      0      0 
 21:29:24       0     49     26      -      5      0      0      0      0      0  14801   2760      0      1 
 21:29:25       0     48     26      -      0      0      0      0      0      0  14801   2722      0      0 
 21:29:26       0     49     27      -      5      0      0      0      0      0  14801   2760   1768     15 
 21:29:27       0     50     27      -      0      0      0      0      0      0  14801   2722      0      0 
 21:29:28       0     48     27      -      0      0      0      0      0      0  14801   2722      0      0 
 21:29:29       0     48     27      -      0      0      0      0      0      0  14801   2722      0      0 
 21:29:30       0     48     27      -      0      0      0      0      0      0  14801   2722      0      0 
 21:29:31       0     48     27      -      0      0      0      0      0      0  14801   2722      0      6 
 21:29:32       0     48     27      -      0      0      0      0      0      0  14801   2722      0      0 
 21:29:33       0     48     27      -      0      0      0      0      0      0  14801   2722      0      0 
 21:29:34       0     48     27      -      0      0      0      0      0      0  14801   2722      0      2 
 21:29:35       0     48     27      -      0      0      0      0      0      0  14801   2722      0      0 
 21:29:36       0     48     27      -      0      0      0      0      0      0  14801   2722      5      2 
 21:29:38       0     48     27      -      1      0      0      0      0      0  14801   2722      0      0 
 21:29:39       0     48     27      -      0      0      0      0      0      0  14801   2722      0      1 
 21:29:40       0     48     27      -      1      0      0      0      0      0  14801   2722      4      0 
 21:29:41       0     48     27      -      0      0      0      0      0      0  14801   2722      0      0 
 21:29:42       0     48     27      -      0      0      0      0      0      0  14801   2722     14      0 
 21:29:43       0     48     27      -      0      0      0      0      0      0  14801   2722      0      0 
 21:29:44       0     42     26      -      0      0      0      0      0      0    810    547      0      0 
 21:29:45       0     23     25      -      0      0      0      0      0      0    810    330      0      0 
 21:29:46       0     23     24      -      0      0      0      0      0      0    405    225      0      0 
 21:29:47       0     22     24      -      0      0      0      0      0      0    405    225      0      0 
 21:29:48       0     22     24      -      1      0      0      0      0      0    405    225     68      3 
 21:29:49       0     22     24      -      0      0      0      0      0      0    405    225      1      1 
 21:29:50       0     22     24      -      0      0      0      0      0      0    405    225      0      0 
#Time         gpu    pwr  gtemp  mtemp     sm    mem    enc    dec    jpg    ofa   mclk   pclk  rxpci  txpci 
#HH:MM:SS     Idx      W      C      C      %      %      %      %      %      %    MHz    MHz   MB/s   MB/s 
 21:29:51       0     22     24      -      0      0      0      0      0      0    405    225      0      0 
 21:29:52       0     21     23      -      0      0      0      0      0      0    405    225      0      0 
 21:29:53       0     21     23      -      0      0      0      0      0      0    405    225      0      0 
 21:29:54       0     21     23      -      1      0      0      0      0      0    405    225      0      0 
 21:29:55       0     22     23      -      0      0      0      0      0      0    405    225      0      0 
 21:29:56       0     38     26      -      1      0      0      0      0      0  14801   2737      0      3 
 21:29:57       0     49     26      -      0      0      0      0      0      0  14801   2722      0      0 
 21:29:59       0     48     27      -      0      0      0      0      0      0  14801   2722      0      0 
 21:30:00       0     60     28      -      0      0      0      0      0      0  14801   2850      0      0 
 21:30:01       0     54     27      -      0      0      0      0      0      0  14801   2955      0      0 
 21:30:02       0     65     28      -      0      0      0      0      0      0  14801   2955      0      0 
 21:30:03       0     64     28      -      0      0      0      0      0      0  14801   2955      0      0 
 21:30:04       0     54     28      -      0      0      0      0      0      0  14801   2955      0      0 
 21:30:05       0     64     28      -      0      0      0      0      0      0  14801   2955      0      0 
 21:30:06       0     65     28      -      0      0      0      0      0      0  14801   2955      0      0 
 21:30:07       0     54     28      -      0      0      0      0      0      0  14801   2955      0      0 
 21:30:08       0     54     28      -      0      0      0      0      0      0  14801   2955      0      0 
 21:30:09       0     52     27      -      0      0      0      0      0      0  14801   2722      0      0 
 21:30:10       0     48     27      -      0      0      0      0      0      0  14801   2722      0      0 
 21:30:11       0     48     27      -      0      0      0      0      0      0  14801   2722      0      0 
 21:30:12       0     48     27      -      0      0      0      0      0      0  14801   2722      0      0 
 21:30:13       0     48     27      -      0      0      0      0      0      0  14801   2722      0      0 
 21:30:14       0     48     27      -      0      0      0      0      0      0  14801   2722      0      0 
 21:30:15       0     49     28      -     62      4      0      0      0      0  14801   2737  30229   2014 
 21:30:16       0     66     28      -     99      7      0      0      0      0  14801   2955      0      0 
 21:30:17       0     58     28      -      0      0      0      0      0      0  14801   2955      0      0 
 21:30:18       0     51     27      -      0      0      0      0      0      0  14801   2722      0      0 
 21:30:19       0     48     27      -      0      0      0      0      0      0  14801   2722      0      1 
 21:30:21       0     48     27      -      0      0      0      0      0      0  14801   2722      0      0 
 21:30:22       0     48     27      -      0      0      0      0      0      0  14801   2722      0      0 
 21:30:23       0     48     27      -      0      0      0      0      0      0  14801   2730      0      0 
 21:30:24       0     48     27      -      0      0      0      0      0      0  14801   2722      0      0 
 21:30:25       0     54     28      -     99      7      0      0      0      0  14801   2827      0      0 
 21:30:26       0     58     28      -      0      0      0      0      0      0  14801   2955      0      0 
 21:30:27       0     53     28      -      0      0      0      0      0      0  14801   2865      0      0 
 21:30:28       0     48     27      -      0      0      0      0      0      0  14801   2722      0      1 
 21:30:29       0     48     27      -      0      0      0      0      0      0  14801   2722      0      0 
 21:30:30       0     48     27      -      0      0      0      0      0      0  14801   2722      0      0 
 21:30:31       0     48     27      -      0      0      0      0      0      0  14801   2722      5      9 
 21:30:32       0     48     28      -      0      0      0      0      0      0  14801   2722      0      1 
 21:30:33       0     48     28      -      0      0      0      0      0      0  14801   2722      0      0 
 21:30:34       0     48     28      -      0      0      0      0      0      0  14801   2722      0      1 
 21:30:35       0     48     28      -      0      0      0      0      0      0  14801   2722      0      0 
 21:30:36       0     48     28      -      0      0      0      0      0      0  14801   2722      0      1 
#Time         gpu    pwr  gtemp  mtemp     sm    mem    enc    dec    jpg    ofa   mclk   pclk  rxpci  txpci 
#HH:MM:SS     Idx      W      C      C      %      %      %      %      %      %    MHz    MHz   MB/s   MB/s 
 21:30:37       0     48     28      -      0      0      0      0      0      0  14801   2722      0      0 
 21:30:38       0     48     28      -      0      0      0      0      0      0  14801   2722      0      2 
 21:30:39       0     48     28      -      0      0      0      0      0      0  14801   2722      0      0 
 21:30:40       0     48     28      -      0      0      0      0      0      0  14801   2722      0      1 
 21:30:42       0     43     27      -      0      0      0      0      0      0   7001    555      0      0 
 21:30:43       0     26     26      -      0      0      0      0      0      0    810    427      0      1 
 21:30:44       0     22     25      -      0      0      0      0      0      0    810    255      0      0 
 21:30:45       0     22     25      -      0      0      0      0      0      0    405    225      0      1 
 21:30:46       0     21     25      -      0      0      0      0      0      0    405    217      0      0 
 21:30:47       0     21     25      -      0      0      0      0      0      0    405    225      0      1 
 21:30:48       0     20     24      -      0      0      0      0      0      0    405    225      0      0 
 21:30:49       0     21     24      -      0      0      0      0      0      0    405    225      0      1 
 21:30:50       0     21     24      -      0      0      0      0      0      0    405    225      0      0 
 21:30:51       0     21     24      -      0      0      0      0      0      0    405    225      0      1 
 21:30:52       0     21     24      -      0      0      0      0      0      0    405    225      0      0 
 21:30:53       0     21     24      -      0      0      0      0      0      0    405    225      0      1 
 21:30:54       0     21     24      -      0      0      0      0      0      0    405    225      0      0 
 21:30:55       0     21     24      -      0      0      0      0      0      0    405    225      0      1 
 21:30:56       0     21     24      -      0      0      0      0      0      0    405    225      0      0 
 21:30:57       0     21     24      -      0      0      0      0      0      0    405    225      0      1 
 21:30:58       0     21     24      -      0      0      0      0      0      0    405    225      0      1 
 21:30:59       0     20     24      -      0      0      0      0      0      0    405    225      0      1 
 21:31:00       0     20     24      -      0      0      0      0      0      0    405    225      0      0 
 21:31:02       0     21     24      -      0      0      0      0      0      0    405    225      0      1 
 21:31:03       0     21     24      -      0      0      0      0      0      0    405    225      0      0 
 21:31:04       0     21     24      -      0      0      0      0      0      0    405    225      0      0 
 21:31:05       0     21     24      -      0      0      0      0      0      0    405    225      0      0 
 21:31:06       0     21     24      -      0      0      0      0      0      0    405    225      0      0 
 21:31:07       0     21     24      -      0      0      0      0      0      0    405    225      0      0 
 21:31:08       0     21     24      -      0      0      0      0      0      0    405    225      0      0 
 21:31:09       0     21     24      -      0      0      0      0      0      0    405    225      0      0 
 21:31:10       0     21     24      -      0      0      0      0      0      0    405    225      0      0 
 21:31:11       0     21     24      -      0      0      0      0      0      0    405    225      0      0 
 21:31:12       0     21     24      -      0      0      0      0      0      0    405    225      0      0 
 21:31:13       0     21     24      -      0      0      0      0      0      0    405    225      0      0 
 21:31:14       0     21     24      -      0      0      0      0      0      0    405    225      0      0 
 21:31:15       0     21     24      -      0      0      0      0      0      0    405    225      0      0 
 21:31:16       0     21     24      -      0      0      0      0      0      0    405    225      0      0 
 21:31:17       0     21     24      -      0      0      0      0      0      0    405    225      0      0 
 21:31:18       0     21     24      -      0      0      0      0      0      0    405    225      0      0 
 21:31:19       0     21     24      -      0      0      0      0      0      0    405    217      0      0 
 21:31:20       0     21     24      -      0      0      0      0      0      0    405    225      0      0 
 21:31:22       0     21     24      -      0      0      0      0      0      0    405    225      0      0 
 21:31:23       0     21     23      -      0      0      0      0      0      0    405    225      0      0 
#Time         gpu    pwr  gtemp  mtemp     sm    mem    enc    dec    jpg    ofa   mclk   pclk  rxpci  txpci 
#HH:MM:SS     Idx      W      C      C      %      %      %      %      %      %    MHz    MHz   MB/s   MB/s 
 21:31:24       0     21     23      -      0      0      0      0      0      0    405    225      0      0 
 21:31:25       0     21     23      -      0      0      0      0      0      0    405    225      0      0 
 21:31:26       0     21     23      -      0      0      0      0      0      0    405    225      0      0 
 21:31:27       0     21     23      -      0      0      0      0      0      0    405    225      0      3 
 21:31:28       0     21     23      -      0      0      0      0      0      0    405    225      0      0 
 21:31:29       0     21     23      -      0      0      0      0      0      0    405    225      0      1 
 21:31:30       0     21     23      -      0      0      0      0      0      0    405    225      0      0 
 21:31:31       0     21     23      -      0      0      0      0      0      0    405    225      1      4 
 21:31:32       0     21     23      -      0      0      0      0      0      0    405    225      0      5 
 21:31:33       0     21     23      -      0      0      0      0      0      0    405    225      0      0 
 21:31:34       0     21     23      -      0      0      0      0      0      0    405    225      0      0 
 21:31:35       0     21     23      -      0      0      0      0      0      0    405    225      0      0 
 21:31:36       0     21     23      -      0      0      0      0      0      0    405    225      0      0 
 21:31:37       0     21     23      -      0      0      0      0      0      0    405    217      1      7 
 21:31:38       0     21     23      -      0      0      0      0      0      0    405    225      0      0 
 21:31:39       0     21     23      -      0      0      0      0      0      0    405    225      0      0 
 21:31:40       0     21     23      -      0      0      0      0      0      0    405    225      0      0 
 21:31:42       0     21     23      -      0      0      0      0      0      0    405    225      0      0 
 21:31:43       0     21     23      -      0      0      0      0      0      0    405    225      4      1 
 21:31:44       0     21     23      -      0      0      0      0      0      0    405    225      0      0 
 21:31:45       0     21     23      -      0      0      0      0      0      0    405    225      0      0 
 21:31:46       0     21     23      -      0      0      0      0      0      0    405    225      0      0 
 21:31:47       0     21     23      -      0      0      0      0      0      0    405    225      0      0 
 21:31:48       0     21     23      -      0      0      0      0      0      0    405    225      2      0 
 21:31:49       0     28     25      -      0      0      0      0      0      0  14801   2722      0      1 
 21:31:50       0     52     27      -      6      3      0      0      0      0  14801   2797      0      0 
 21:31:51       0     50     27      -      0      0      0      0      0      0  14801   2722      0      0 
 21:31:52       0     48     27      -      0      0      0      0      0      0  14801   2722      0      0 
 21:31:53       0     48     27      -      0      0      0      0      0      0  14801   2722      1      1 
 21:31:54       0     48     27      -      0      0      0      0      0      0  14801   2722      0      0 
 21:31:55       0     48     27      -      0      0      0      0      0      0  14801   2722      0      0 
 21:31:56       0     48     27      -      0      0      0      0      0      0  14801   2722      0      0 
 21:31:57       0     48     27      -      0      0      0      0      0      0  14801   2722      5      1 
 21:32:02       0     47     27      -      0      0      0      0      0      0  15001   2722      0      0 
 21:32:03       0     47     27      -      0      0      0      0      0      0  15001   2722      0      0 
 21:32:04       0     36     25      -      0      0      0      0      0      0   7001    525      0      0 
 21:32:05       0     30     24      -      0      0      0      0      0      0    810    322      0      0 
 21:32:06       0     22     24      -      0      0      0      0      0      0    810    217      5      1 
 21:32:07       0     21     24      -      0      0      0      0      0      0    405    225      0      0 
 21:32:08       0     21     24      -      0      0      0      0      0      0    405    225      0      1 
 21:32:09       0     21     23      -      0      0      0      0      0      0    405    225      0      0 
 21:32:10       0     21     23      -      0      0      0      0      0      0    405    225      0      0 
 21:32:11       0     21     23      -      0      0      0      0      0      0    405    225      0      6 
 21:32:12       0     21     23      -      0      0      0      0      0      0    405    225      0      0 
#Time         gpu    pwr  gtemp  mtemp     sm    mem    enc    dec    jpg    ofa   mclk   pclk  rxpci  txpci 
#HH:MM:SS     Idx      W      C      C      %      %      %      %      %      %    MHz    MHz   MB/s   MB/s 
 21:32:13       0     21     23      -      0      0      0      0      0      0    405    225      0      0 
 21:32:14       0     21     23      -      0      0      0      0      0      0    405    225      0      0 
 21:32:15       0     21     23      -      0      0      0      0      0      0    405    225      0      1 
 21:32:16       0     21     23      -      0      0      0      0      0      0    405    225      0      0 
 21:32:17       0     21     23      -      0      0      0      0      0      0    405    225      0      1 
 21:32:18       0     21     23      -      0      0      0      0      0      0    405    225      0      0 
 21:32:20       0     21     23      -      0      0      0      0      0      0    405    225      0      0 
 21:32:21       0     21     23      -      0      0      0      0      0      0    405    225      0      0 
 21:32:22       0     21     24      -      0      0      0      0      0      0    405    225      0      0 
 21:32:23       0     20     23      -      0      0      0      0      0      0    405    217      0      0 
 21:32:24       0     21     23      -      0      0      0      0      0      0    405    225      0      0 
 21:32:25       0     21     23      -      0      0      0      0      0      0    405    225      0      1 
 21:32:26       0     21     23      -      0      0      0      0      0      0    405    225      0      0 
 21:32:27       0     21     23      -      0      0      0      0      0      0    405    225      0      3 
 21:32:28       0     21     23      -      0      0      0      0      0      0    405    225      0      1 
 21:32:29       0     21     23      -      0      0      0      0      0      0    405    225      0      1 
 21:32:30       0     21     23      -      0      0      0      0      0      0    405    225      0      0 
 21:32:31       0     21     23      -      0      0      0      0      0      0    405    225      3      2 
 21:32:32       0     21     23      -      0      0      0      0      0      0    405    225      0      0 
 21:32:33       0     21     23      -      0      0      0      0      0      0    405    225      0      0 
 21:32:34       0     21     23      -      0      0      0      0      0      0    405    225      0      0 
 21:32:35       0     21     23      -      0      0      0      0      0      0    405    225      0      0 
 21:32:36       0     21     23      -      0      0      0      0      0      0    405    225      0      1 
 21:32:37       0     21     23      -      0      0      0      0      0      0    405    225      0      0 
 21:32:38       0     21     23      -      0      0      0      0      0      0    405    225      0      1 
 21:32:39       0     21     23      -      0      0      0      0      0      0    405    225      0      0 
 21:32:40       0     21     23      -      0      0      0      0      0      0    405    225      0      1 
 21:32:42       0     21     23      -      0      0      0      0      0      0    405    225      0      0 
 21:32:43       0     21     23      -      0      0      0      0      0      0    405    225      0      0 
 21:32:44       0     21     23      -      0      0      0      0      0      0    405    225      0      0 
 21:32:45       0     21     23      -      0      0      0      0      0      0    405    225      0      0 
 21:32:46       0     21     23      -      0      0      0      0      0      0    405    225      0      0 
 21:32:47       0     21     23      -      0      0      0      0      0      0    405    225      0      0 
