#Time         gpu    pwr  gtemp  mtemp     sm    mem    enc    dec    jpg    ofa   mclk   pclk  rxpci  txpci 
#HH:MM:SS     Idx      W      C      C      %      %      %      %      %      %    MHz    MHz   MB/s   MB/s 
 21:27:05       0     21     23      -      0      0      0      0      0      0    405    225      0      0 
 21:27:07       0     21     23      -      0      0      0      0      0      0    405    225      2     14 
 21:27:08       0     21     23      -      0      0      0      0      0      0    405    225      0      0 
 21:27:09       0     21     23      -      0      0      0      0      0      0    405    225      0      0 
 21:27:10       0     21     23      -      0      0      0      0      0      0    405    225      0      0 
 21:27:11       0     21     23      -      0      0      0      0      0      0    405    225      0      1 
 21:27:12       0     21     23      -      0      0      0      0      0      0    405    225      1     11 
 21:27:13       0     21     24      -      0      0      0      0      0      0    405    225      0      1 
 21:27:14       0     21     23      -      0      0      0      0      0      0    405    225      0      0 
 21:27:15       0     21     23      -      0      0      0      0      0      0    405    225      0      1 
 21:27:16       0     21     23      -      0      0      0      0      0      0    405    225      0      0 
 21:27:17       0     21     23      -      0      0      0      0      0      0    405    225      1     15 
 21:27:18       0     21     23      -      0      0      0      0      0      0    405    225      0      0 
 21:27:19       0     21     23      -      0      0      0      0      0      0    405    225      0      1 
 21:27:20       0     23     24      -      0      0      0      0      0      0  14801    975      0      0 
 21:27:21       0     48     26      -      0      0      0      0      0      0  14801   2722      0      0 
 21:27:22       0     48     26      -      0      0      0      0      0      0  14801   2722   1059     41 
 21:27:23       0     49     26      -      6      0      0      0      0      0  14801   2752    592     70 
 21:27:24       0     49     27      -      0      0      0      0      0      0  14801   2737      0      0 
 21:27:25       0     48     26      -      0      0      0      0      0      0  14801   2722      0      0 
 21:27:26       0     49     27      -      5      0      0      0      0      0  14801   2760    169     96 
 21:27:28       0     50     27      -      0      0      0      0      0      0  14801   2722      0      0 
 21:27:29       0     48     27      -      1      0      0      0      0      0  14801   2722      0      0 
 21:27:30       0     48     27      -      0      0      0      0      0      0  14801   2722      0      0 
 21:27:31       0     48     27      -      0      0      0      0      0      0  14801   2722     34      0 
 21:27:32       0     48     27      -      0      0      0      0      0      0  14801   2722      0      0 
 21:27:33       0     48     27      -      0      0      0      0      0      0  14801   2722      0      1 
 21:27:34       0     48     27      -      0      0      0      0      0      0  14801   2722      0      0 
 21:27:35       0     48     27      -      0      0      0      0      0      0  14801   2722      0      1 
 21:27:36       0     48     27      -      1      0      0      0      0      0  14801   2722      0      0 
 21:27:37       0     48     27      -      0      0      0      0      0      0  14801   2722     34      1 
 21:27:38       0     48     27      -      0      0      0      0      0      0  14801   2722      0      0 
 21:27:39       0     48     27      -      1      0      0      0      0      0  14801   2722      0      0 
 21:27:40       0     48     27      -      0      0      0      0      0      0  14801   2722      0      0 
 21:27:41       0     48     27      -      0      0      0      0      0      0  14801   2722      0      0 
 21:27:42       0     48     27      -      0      0      0      0      0      0  14801   2722      0      0 
 21:27:43       0     48     27      -      0      0      0      0      0      0  14801   2722      0      0 
 21:27:44       0     48     27      -      0      0      0      0      0      0  14801   2722      2      0 
 21:27:45       0     32     25      -      0      0      0      0      0      0    810    435      0      1 
 21:27:46       0     23     25      -      0      0      0      0      0      0    405    225      0      0 
 21:27:47       0     22     24      -      0      0      0      0      0      0    405    225      0      0 
 21:27:49       0     22     24      -      0      0      0      0      0      0    405    225      0      0 
 21:27:50       0     22     24      -      0      0      0      0      0      0    405    225      0      0 
 21:27:51       0     22     24      -      2      0      0      0      0      0    405    225      0      0 
#Time         gpu    pwr  gtemp  mtemp     sm    mem    enc    dec    jpg    ofa   mclk   pclk  rxpci  txpci 
#HH:MM:SS     Idx      W      C      C      %      %      %      %      %      %    MHz    MHz   MB/s   MB/s 
 21:27:52       0     22     24      -      0      0      0      0      0      0    405    225      0      0 
 21:27:53       0     22     24      -      0      0      0      0      0      0    405    225      0      1 
 21:27:54       0     22     24      -      0      0      0      0      0      0    405    225      0      0 
 21:27:55       0     21     24      -      0      0      0      0      0      0    405    225      0      1 
 21:27:56       0     24     25      -      1      0      0      0      0      0  14801   1305      1      1 
 21:27:57       0     48     26      -      0      0      0      0      0      0  14801   2730      0      1 
 21:27:58       0     49     27      -      0      0      0      0      0      0  14801   2737      0      0 
 21:27:59       0     48     27      -      0      0      0      0      0      0  14801   2722      0      1 
 21:28:00       0     48     27      -      0      0      0      0      0      0  14801   2722      0      0 
 21:28:01       0     48     27      -      0      0      0      0      0      0  14801   2722      0      1 
 21:28:02       0     48     27      -      0      0      0      0      0      0  14801   2722      0      0 
 21:28:03       0     48     27      -      0      0      0      0      0      0  14801   2722      0      1 
 21:28:04       0     48     27      -      0      0      0      0      0      0  14801   2722      2      0 
 21:28:08       0     47     27      -      0      0      0      0      0      0  15001   2722      0      0 
 21:28:10       0     47     27      -      0      0      0      0      0      0  15001   2722      0      0 
 21:28:11       0     40     26      -      0      0      0      0      0      0   7001    570      0      0 
 21:28:12       0     25     25      -      0      0      0      0      0      0    810    367      0      0 
