#Time         gpu    pwr  gtemp  mtemp     sm    mem    enc    dec    jpg    ofa   mclk   pclk  rxpci  txpci 
#HH:MM:SS     Idx      W      C      C      %      %      %      %      %      %    MHz    MHz   MB/s   MB/s 
 21:16:49       0     21     22      -      0      0      0      0      0      0    405    225      1      1 
 21:16:50       0     22     22      -      0      0      0      0      0      0    405    225      0      0 
 21:16:51       0     21     22      -      0      0      0      0      0      0    405    225      0      0 
 21:16:52       0     21     22      -      0      1      0      0      0      0    405    225      0      0 
 21:16:53       0     21     22      -      0      0      0      0      0      0    405    225      0      0 
 21:16:55       0     21     22      -      0      0      0      0      0      0    405    225      0      0 
 21:16:56       0     21     22      -      0      0      0      0      0      0    405    225      0      0 
 21:16:57       0     21     22      -      0      0      0      0      0      0    405    225      0      0 
 21:16:58       0     21     22      -      0      0      0      0      0      0    405    225      0      0 
 21:16:59       0     21     22      -      0      0      0      0      0      0    405    225      0      0 
 21:17:00       0     21     22      -      0      0      0      0      0      0    405    225      0      0 
 21:17:01       0     21     22      -      0      0      0      0      0      0    405    225      0      1 
 21:17:02       0     21     22      -      0      0      0      0      0      0    405    225      0      0 
 21:17:03       0     21     22      -      0      0      0      0      0      0    405    225      0      2 
 21:17:04       0     21     22      -      0      2      0      0      0      0    405    225      0      0 
 21:17:05       0     21     22      -      0      0      0      0      0      0    405    225      0      3 
 21:17:06       0     21     22      -      0      0      0      0      0      0    405    225      0      0 
 21:17:07       0     21     22      -      0      0      0      0      0      0    405    225      0      2 
 21:17:08       0     26     23      -      1      0      0      0      0      0  14801   1455      0      0 
 21:17:09       0     48     25      -      0      0      0      0      0      0  14801   2722      0      0 
 21:17:10       0     48     25      -      4      0      0      0      0      0  14801   2730   3696      0 
 21:17:11       0     50     25      -      0      0      0      0      0      0  14801   2760      0      0 
 21:17:12       0     48     26      -     14      1      0      0      0      0  14801   2752      4  25919 
 21:17:14       0     49     26      -      0      0      0      0      0      0  14801   2722      0      0 
 21:17:15       0     48     26      -      0      0      0      0      0      0  14801   2722      0      0 
 21:17:16       0     48     26      -      0      0      0      0      0      0  14801   2722      0      0 
 21:17:17       0     48     26      -      0      0      0      0      0      0  14801   2722      0      0 
 21:17:18       0     48     26      -      0      0      0      0      0      0  14801   2722      0      0 
 21:17:19       0     47     26      -      0      0      0      0      0      0  14801   2722      0      0 
 21:17:20       0     47     26      -      0      0      0      0      0      0  14801   2722      0      0 
 21:17:21       0     47     26      -      0      0      0      0      0      0  14801   2722      0      3 
 21:17:22       0     48     26      -      0      0      0      0      0      0  14801   2722      0      0 
 21:17:23       0     48     26      -      0      0      0      0      0      0  14801   2722      0      1 
 21:17:24       0     48     26      -      0      0      0      0      0      0  14801   2722      0      0 
 21:17:25       0     47     26      -      0      0      0      0      0      0  14801   2722      0      1 
 21:17:26       0     48     26      -      0      0      0      0      0      0  14801   2722      0      1 
 21:17:27       0     48     26      -      0      0      0      0      0      0  14801   2722      0      1 
 21:17:28       0     48     26      -      0      0      0      0      0      0  14801   2722      0      0 
 21:17:29       0     48     26      -      0      0      0      0      0      0  14801   2722      0      1 
 21:17:30       0     43     26      -      0      0      0      0      0      0    810   1327      6      0 
 21:17:31       0     26     25      -      0      0      0      0      0      0    810    397      0      1 
 21:17:32       0     22     24      -      0      0      0      0      0      0    405    225      0      0 
 21:17:33       0     21     24      -      0      0      0      0      0      0    405    225      0      1 
 21:17:35       0     21     23      -      0      0      0      0      0      0    405    225      0      0 
#Time         gpu    pwr  gtemp  mtemp     sm    mem    enc    dec    jpg    ofa   mclk   pclk  rxpci  txpci 
#HH:MM:SS     Idx      W      C      C      %      %      %      %      %      %    MHz    MHz   MB/s   MB/s 
 21:17:36       0     21     23      -      0      0      0      0      0      0    405    225      0      1 
 21:17:37       0     21     23      -      0      0      0      0      0      0    405    225      0      1 
 21:17:38       0     21     23      -      0      0      0      0      0      0    405    225      0      1 
 21:17:39       0     21     23      -      0      0      0      0      0      0    405    225      0      0 
 21:17:40       0     21     23      -      0      0      0      0      0      0    405    225      0      1 
 21:17:41       0     21     23      -      0      0      0      0      0      0    405    225      0      0 
 21:17:42       0     21     23      -      0      0      0      0      0      0    405    225      0      1 
 21:17:43       0     21     23      -      0      0      0      0      0      0    405    225      0      0 
 21:17:44       0     21     23      -      0      0      0      0      0      0    405    225      0      1 
 21:17:45       0     21     23      -      0      0      0      0      0      0    405    225      2      0 
 21:17:46       0     21     23      -      0      0      0      0      0      0    405    225      0      1 
 21:17:47       0     21     23      -      0      0      0      0      0      0    405    225      2      0 
 21:17:48       0     26     24      -      0      0      0      0      0      0  14801    615      0      0 
 21:17:49       0     47     25      -      0      0      0      0      0      0  15001   2722      0      1 
 21:17:50       0     41     24      -      0      0      0      0      0      0   7001    562      0      0 
 21:17:51       0     24     24      -      0      0      0      0      0      0    810    330      0      0 
 21:17:52       0     22     23      -      0      0      0      0      0      0    810    225      0      0 
 21:17:53       0     21     23      -      0      0      0      0      0      0    405    225      0      0 
 21:17:54       0     21     23      -      0      0      0      0      0      0    405    225      0      1 
 21:17:56       0     21     23      -      0      0      0      0      0      0    405    225      0      0 
