#Time         gpu    pwr  gtemp  mtemp     sm    mem    enc    dec    jpg    ofa   mclk   pclk  rxpci  txpci 
#HH:MM:SS     Idx      W      C      C      %      %      %      %      %      %    MHz    MHz   MB/s   MB/s 
 21:45:40       0     20     26      -      0      0      0      0      0      0    405    225      0      1 
 21:45:41       0     20     26      -      0      0      0      0      0      0    405    225      0      0 
 21:45:42       0     21     26      -      0      0      0      0      0      0    405    225      0      0 
 21:45:43       0     21     26      -      0      0      0      0      0      0    405    225      0      0 
 21:45:44       0     21     26      -      0      0      0      0      0      0    405    225      0      0 
 21:45:45       0     21     26      -      0      0      0      0      0      0    405    225      0      0 
 21:45:46       0     21     26      -      0      0      0      0      0      0    405    225      0      0 
 21:45:47       0     21     26      -      0      0      0      0      0      0    405    225      0      0 
 21:45:49       0     20     26      -      0      0      0      0      0      0    405    225      0      0 
 21:45:50       0     21     25      -      0      0      0      0      0      0    405    225      0      0 
 21:45:51       0     20     25      -      0      0      0      0      0      0    405    225      0      1 
 21:45:52       0     20     25      -      0      0      0      0      0      0    405    225      0      0 
 21:45:53       0     20     25      -      0      0      0      0      0      0    405    225      0      0 
 21:45:54       0     20     25      -      0      0      0      0      0      0    405    225      1      0 
 21:45:55       0     26     26      -      1      0      0      0      0      0  14801   1890      0      0 
 21:45:56       0     48     28      -      0      0      0      0      0      0  14801   2722      9      0 
 21:45:57       0     49     28      -      3      0      0      0      0      0  14801   2737   1185     68 
 21:45:58       0     49     28      -      2      0      0      0      0      0  14801   2737    530     70 
 21:45:59       0     49     28      -      6      0      0      0      0      0  14801   2760      0      0 
 21:46:00       0     48     28      -      1      0      0      0      0      0  14801   2722      0      0 
 21:46:01       0     49     28      -      5      0      0      0      0      0  14801   2760    150      0 
 21:46:02       0     49     28      -      0      0      0      0      0      0  14801   2722      0      0 
 21:46:03       0     48     28      -      0      0      0      0      0      0  14801   2722      0      0 
 21:46:04       0     48     28      -      0      0      0      0      0      0  14801   2722      0      0 
 21:46:05       0     48     28      -      0      0      0      0      0      0  14801   2722      0      0 
 21:46:06       0     48     29      -      0      0      0      0      0      0  14801   2722     39      0 
 21:46:07       0     48     29      -      0      0      0      0      0      0  14801   2722      0      0 
 21:46:08       0     48     29      -      0      0      0      0      0      0  14801   2722      0      0 
 21:46:10       0     48     29      -      0      0      0      0      0      0  14801   2722      0      0 
 21:46:11       0     48     29      -      0      0      0      0      0      0  14801   2722      0      1 
 21:46:12       0     48     29      -      0      0      0      0      0      0  14801   2722      0      1 
 21:46:13       0     48     28      -      0      0      0      0      0      0  14801   2722      0      7 
 21:46:14       0     48     28      -      0      0      0      0      0      0  14801   2722      0      0 
 21:46:15       0     48     28      -      0      0      0      0      0      0  14801   2722      0      1 
 21:46:16       0     48     28      -      0      0      0      0      0      0  14801   2722      0      0 
 21:46:17       0     48     28      -      0      0      0      0      0      0  14801   2722      0      1 
 21:46:18       0     48     28      -      0      0      0      0      0      0  14801   2722     68      3 
 21:46:19       0     38     27      -      1      0      0      0      0      0   7001    517      0      1 
 21:46:20       0     24     26      -      0      0      0      0      0      0    810    315      0      0 
 21:46:21       0     23     26      -      2      0      0      0      0      0    405    225     34      0 
 21:46:22       0     22     25      -      0      0      0      0      0      0    405    225      0      0 
 21:46:23       0     22     25      -      0      0      0      0      0      0    405    225      0      0 
 21:46:24       0     22     25      -      0      0      0      0      0      0    405    225      0      0 
 21:46:25       0     21     25      -      0      1      0      0      0      0    405    225      0      0 
#Time         gpu    pwr  gtemp  mtemp     sm    mem    enc    dec    jpg    ofa   mclk   pclk  rxpci  txpci 
#HH:MM:SS     Idx      W      C      C      %      %      %      %      %      %    MHz    MHz   MB/s   MB/s 
 21:46:26       0     21     25      -      0      0      0      0      0      0    405    225      0      0 
 21:46:27       0     21     25      -      0      0      0      0      0      0    405    225      0      0 
 21:46:28       0     25     26      -      0      0      0      0      0      0  14801    930      0      0 
 21:46:29       0     49     27      -      0      0      0      0      0      0  14801   2730   1942      0 
 21:46:30       0     49     27      -      0      0      0      0      0      0  14801   2730      0      0 
 21:46:32       0     48     28      -      0      0      0      0      0      0  14801   2730      0      0 
 21:46:33       0     52     28      -     44      3      0      0      0      0  14801   2767  30427   2180 
 21:46:34       0     64     29      -      0      0      0      0      0      0  14801   2955      0      0 
 21:46:35       0     54     29      -      0      0      0      0      0      0  14801   2955      0      0 
 21:46:36       0     51     28      -      0      0      0      0      0      0  14801   2722      0      0 
 21:46:37       0     48     28      -      0      0      0      0      0      0  14801   2722      0      0 
 21:46:38       0     55     29      -      0      0      0      0      0      0  14801   2932      0      0 
 21:46:39       0    139     45      -    100     47      0      0      0      0  14801   2895  19643   3193 
 21:46:40       0    174     32      -     71     38      0      0      0      0  14801   2925      0      0 
 21:46:41       0     54     30      -      0      0      0      0      0      0  14801   2955      0      0 
 21:46:42       0     52     29      -      0      0      0      0      0      0  14801   2722      0      0 
 21:46:43       0     48     29      -      0      0      0      0      0      0  14801   2722      0      0 
 21:46:44       0     48     29      -      0      0      0      0      0      0  14801   2722      0      0 
 21:46:45       0     48     29      -      0      0      0      0      0      0  14801   2722      0      1 
 21:46:46       0     48     28      -      0      0      0      0      0      0  14801   2722      0      0 
 21:46:47       0     48     28      -      0      0      0      0      0      0  14801   2722      0      1 
 21:46:48       0     48     28      -      0      0      0      0      0      0  14801   2722      0      0 
 21:46:49       0     48     28      -      0      0      0      0      0      0  14801   2722      0      0 
 21:46:50       0     48     28      -      0      0      0      0      0      0  14801   2722      0      0 
 21:46:51       0     48     28      -      0      0      0      0      0      0  14801   2722      0      0 
 21:46:52       0     48     28      -      0      0      0      0      0      0  14801   2722      0      0 
 21:46:54       0     48     28      -      0      0      0      0      0      0  14801   2722      0      0 
 21:46:55       0     48     28      -      0      0      0      0      0      0  14801   2722      0      1 
 21:46:56       0     48     28      -      0      0      0      0      0      0  14801   2722      0      0 
 21:46:57       0     38     27      -      0      0      0      0      0      0    810    510      0      0 
 21:46:58       0     26     26      -      0      0      0      0      0      0    810    390      0      0 
 21:46:59       0     23     25      -      0      0      0      0      0      0    810    232      0      0 
 21:47:00       0     22     25      -      0      0      0      0      0      0    405    225   1016    165 
 21:47:01       0    100     36      -     94     63      0      0      0      0  14801   2925   2117    420 
 21:47:02       0    163     42      -     53     13      0      0      0      0  14801   2940  25633   2616 
 21:47:03       0    301     47      -    100     42      0      0      0      0  14801   2880   4726    471 
 21:47:04       0    306     47      -    100     33      0      0      0      0  14801   2880  29919   2289 
 21:47:05       0    299     49      -    100     28      0      0      0      0  14801   2880      0    862 
 21:47:06       0    238     40      -     95     61      0      0      0      0  14801   2917      0      1 
 21:47:07       0    204     48      -    100     48      0      0      0      0  14801   2872  18357   1298 
 21:47:08       0    302     51      -    100     30      0      0      0      0  14801   2872  26407   2609 
 21:47:09       0    306     52      -    100     22      0      0      0      0  14801   2872  30307   2519 
 21:47:10       0    312     50      -    100     31      0      0      0      0  14801   2872  21515   2574 
 21:47:11       0    309     55      -    100     15      0      0      0      0  14801   2865  14905   2654 
#Time         gpu    pwr  gtemp  mtemp     sm    mem    enc    dec    jpg    ofa   mclk   pclk  rxpci  txpci 
#HH:MM:SS     Idx      W      C      C      %      %      %      %      %      %    MHz    MHz   MB/s   MB/s 
 21:47:12       0    309     56      -    100      8      0      0      0      0  14801   2872  28440   2693 
 21:47:13       0    310     53      -    100     22      0      0      0      0  14801   2872      0      0 
 21:47:15       0    307     52      -    100     32      0      0      0      0  14801   2872      0   2081 
 21:47:16       0    294     53      -    100      2      0      0      0      0  14801   2887   8912   2497 
 21:47:17       0    280     53      -    100     21      0      0      0      0  14801   2880   1622   2435 
 21:47:18       0    271     52      -    100     24      0      0      0      0  14801   2887      0      0 
 21:47:19       0    274     54      -    100     32      0      0      0      0  14801   2880      0      0 
 21:47:20       0    266     53      -    100      6      0      0      0      0  14801   2895      0      0 
 21:47:21       0    265     52      -    100     21      0      0      0      0  14801   2880      0      0 
 21:47:22       0    245     45      -     95     64      0      0      0      0  14801   2902   1115    266 
 21:47:23       0    155     37      -      0      0      0      0      0      0  14801   2940      0      0 
 21:47:24       0    153     51      -     99     51      0      0      0      0  14801   2872  30464    553 
 21:47:25       0    308     56      -    100     42      0      0      0      0  14801   2865  24412      0 
 21:47:26       0    310     54      -    100     31      0      0      0      0  14801   2865  25196      0 
 21:47:27       0    310     57      -    100     23      0      0      0      0  14801   2865  30352   2482 
 21:47:28       0    316     52      -    100     31      0      0      0      0  14801   2865   9462   2361 
 21:47:29       0    313     58      -    100     25      0      0      0      0  14801   2872  26345   2638 
 21:47:30       0    309     52      -    100     30      0      0      0      0  14801   2872      0      2 
 21:47:31       0    309     55      -    100     29      0      0      0      0  14801   2872      0      0 
 21:47:32       0    290     55      -    100     31      0      0      0      0  14801   2880      0      1 
 21:47:33       0    281     55      -    100      3      0      0      0      0  14801   2880      0      0 
 21:47:34       0    275     53      -    100     31      0      0      0      0  14801   2880      0   1002 
 21:47:36       0    277     55      -    100     15      0      0      0      0  14801   2880      0      0 
 21:47:37       0    271     55      -    100      3      0      0      0      0  14801   2887      0      1 
 21:47:38       0    275     55      -    100     32      0      0      0      0  14801   2880      0      0 
 21:47:39       0    272     54      -     99     19      0      0      0      0  14801   2887      0      1 
 21:47:40       0    269     56      -    100      2      0      0      0      0  14801   2887  28731   2643 
 21:47:41       0    274     54      -    100     30      0      0      0      0  14801   2887      0      1 
 21:47:42       0    270     56      -    100      2      0      0      0      0  14801   2887      0      0 
 21:47:43       0    271     56      -    100      2      0      0      0      0  14801   2880      0      1 
 21:47:44       0    275     58      -    100     28      0      0      0      0  14801   2895   4951      0 
 21:47:45       0    270     56      -    100     22      0      0      0      0  14801   2887      0      1 
 21:47:46       0    271     57      -    100     15      0      0      0      0  14801   2880      0      0 
 21:47:47       0    272     57      -    100      6      0      0      0      0  14801   2880      0    946 
 21:47:48       0    267     57      -    100      2      0      0      0      0  14801   2887  15216   2276 
 21:47:49       0    272     57      -    100      2      0      0      0      0  14801   2880  23938   2433 
 21:47:50       0    272     57      -    100      2      0      0      0      0  14801   2880  26424   2636 
 21:47:51       0    274     57      -    100      2      0      0      0      0  14801   2880   5320   2233 
 21:47:52       0    268     55      -    100     31      0      0      0      0  14801   2887      0      0 
 21:47:53       0    273     57      -    100      2      0      0      0      0  14801   2887      0      1 
 21:47:54       0    273     57      -    100      2      0      0      0      0  14801   2880      0      0 
 21:47:56       0    265     53      -     98     23      0      0      0      0  14801   2887      0      1 
 21:47:57       0    260     56      -    100     13      0      0      0      0  14801   2887      0      3 
 21:47:58       0    260     56      -    100      2      0      0      0      0  14801   2895      0      2 
#Time         gpu    pwr  gtemp  mtemp     sm    mem    enc    dec    jpg    ofa   mclk   pclk  rxpci  txpci 
#HH:MM:SS     Idx      W      C      C      %      %      %      %      %      %    MHz    MHz   MB/s   MB/s 
 21:47:59       0    214     47      -     96     66      0      0      0      0  14801   2902   1716    161 
 21:48:00       0    252     47      -     95     56      0      0      0      0  14801   2880   2117    341 
 21:48:01       0    163     43      -     64     25      0      0      0      0  14801   2932  30145   2600 
 21:48:02       0    295     55      -    100     37      0      0      0      0  14801   2865  30635   2680 
 21:48:03       0    313     56      -    100     32      0      0      0      0  14801   2865  30998   2630 
 21:48:04       0    306     58      -    100     24      0      0      0      0  14801   2865      0   1145 
 21:48:05       0    258     47      -     95     62      0      0      0      0  14801   2902   1315    357 
 21:48:06       0    131     47      -     81     31      0      0      0      0  14801   2940  30844   2635 
 21:48:07       0    308     55      -    100     32      0      0      0      0  14801   2857  31710   2639 
 21:48:08       0    312     53      -    100     32      0      0      0      0  14801   2857      0      2 
 21:48:09       0    313     60      -    100     23      0      0      0      0  14801   2865      0      0 
 21:48:10       0    313     59      -    100     28      0      0      0      0  14801   2865      0      2 
 21:48:11       0    316     60      -    100     22      0      0      0      0  14801   2865      0    527 
 21:48:12       0    317     55      -     99     29      0      0      0      0  14801   2872      0      2 
 21:48:13       0    309     59      -    100     16      0      0      0      0  14801   2872      0      0 
 21:48:14       0    304     59      -    100     17      0      0      0      0  14801   2880  28097   2622 
 21:48:15       0    283     56      -    100     32      0      0      0      0  14801   2880  14300   2657 
 21:48:17       0    277     57      -    100      2      0      0      0      0  14801   2880      0      1 
 21:48:18       0    275     57      -    100      3      0      0      0      0  14801   2880      0   2020 
 21:48:19       0    280     57      -    100     27      0      0      0      0  14801   2880      0      1 
 21:48:20       0    269     58      -    100     22      0      0      0      0  14801   2887      0      0 
 21:48:21       0    253     49      -     95     65      0      0      0      0  14801   2895   1904    133 
 21:48:22       0    169     41      -      0      0      0      0      0      0  14801   2925      0      0 
 21:48:23       0    146     57      -     99     50      0      0      0      0  14801   2857  29908   2681 
 21:48:24       0    311     57      -    100     41      0      0      0      0  14801   2850  30970   2448 
 21:48:25       0    314     55      -    100     32      0      0      0      0  14801   2857   9178      0 
 21:48:26       0    315     60      -    100     31      0      0      0      0  14801   2857  23890      0 
 21:48:27       0    317     62      -    100     18      0      0      0      0  14801   2857  30450    324 
 21:48:28       0    316     60      -    100     29      0      0      0      0  14801   2865      0      0 
 21:48:29       0    323     62      -    100      6      0      0      0      0  14801   2857  29333   2478 
 21:48:30       0    320     61      -    100      2      0      0      0      0  14801   2865  28534      1 
 21:48:31       0    292     58      -    100      2      0      0      0      0  14801   2880      0      0 
 21:48:32       0    286     59      -    100     14      0      0      0      0  14801   2880      0      0 
 21:48:33       0    279     57      -    100      3      0      0      0      0  14801   2880      0   2179 
 21:48:34       0    283     57      -    100     28      0      0      0      0  14801   2880      0      0 
 21:48:35       0    277     51      -     99     31      0      0      0      0  14801   2880      0      0 
 21:48:37       0    276     57      -    100     13      0      0      0      0  14801   2880      0      0 
 21:48:38       0    281     57      -    100      2      0      0      0      0  14801   2880      0      0 
 21:48:39       0    278     56      -    100      4      0      0      0      0  14801   2880  13895      0 
 21:48:40       0    280     56      -    100      2      0      0      0      0  14801   2880      0   2056 
 21:48:41       0    279     52      -     99     29      0      0      0      0  14801   2887      0      0 
 21:48:42       0    279     56      -    100      2      0      0      0      0  14801   2880  11252   2473 
 21:48:43       0    281     56      -    100      2      0      0      0      0  14801   2880      0      0 
 21:48:44       0    280     53      -     99     11      0      0      0      0  14801   2887      0      0 
#Time         gpu    pwr  gtemp  mtemp     sm    mem    enc    dec    jpg    ofa   mclk   pclk  rxpci  txpci 
#HH:MM:SS     Idx      W      C      C      %      %      %      %      %      %    MHz    MHz   MB/s   MB/s 
 21:48:45       0    276     54      -    100     18      0      0      0      0  14801   2895   3277   2183 
 21:48:46       0    283     53      -    100     29      0      0      0      0  14801   2895  22603      0 
 21:48:47       0    284     56      -    100     31      0      0      0      0  14801   2887      0      0 
 21:48:48       0    274     55      -    100     14      0      0      0      0  14801   2895      0      0 
 21:48:49       0    281     55      -    100      2      0      0      0      0  14801   2887      0      1 
 21:48:50       0    283     55      -    100     31      0      0      0      0  14801   2887      0      0 
 21:48:51       0    277     55      -    100      2      0      0      0      0  14801   2895  14232      0 
 21:48:52       0    281     55      -    100      2      0      0      0      0  14801   2880  24317   2636 
 21:48:53       0    282     55      -    100     18      0      0      0      0  14801   2880      0      0 
 21:48:54       0    279     55      -     99      9      0      0      0      0  14801   2895      0   1116 
 21:48:55       0    264     54      -    100      2      0      0      0      0  14801   2887      0   2073 
 21:48:56       0    268     54      -    100      2      0      0      0      0  14801   2895   8602   2519 
 21:48:58       0    244     46      -     96     67      0      0      0      0  14801   2902    911     83 
 21:48:59       0    173     38      -      0      0      0      0      0      0  14801   2940      0      0 
 21:49:00       0     65     36      -      0      0      0      0      0      0  14801   2940      0      1 
 21:49:01       0     58     35      -      0      0      0      0      0      0  14801   2715      0      0 
 21:49:02       0     55     34      -      0      0      0      0      0      0  14801   2715      0      0 
 21:49:03       0     52     33      -      0      0      0      0      0      0  14801   2715      0      1 
 21:49:04       0     50     33      -      0      0      0      0      0      0  14801   2722      0      0 
 21:49:05       0     49     33      -      0      0      0      0      0      0  14801   2722      0      1 
 21:49:06       0     49     32      -      0      0      0      0      0      0  14801   2722      0      0 
 21:49:07       0     49     32      -      0      0      0      0      0      0  14801   2722      0      1 
 21:49:08       0     48     32      -      0      0      0      0      0      0  14801   2722      0      0 
 21:49:09       0     48     32      -      0      0      0      0      0      0  14801   2722     77     24 
 21:49:10       0     51     32      -      0      0      0      0      0      0  14801   2722      6     14 
