#Time         gpu    pwr  gtemp  mtemp     sm    mem    enc    dec    jpg    ofa   mclk   pclk  rxpci  txpci 
#HH:MM:SS     Idx      W      C      C      %      %      %      %      %      %    MHz    MHz   MB/s   MB/s 
 21:41:36       0     21     23      -      0      0      0      0      0      0    405    225      0      0 
 21:41:37       0     21     23      -      0      0      0      0      0      0    405    217      0      1 
 21:41:38       0     21     23      -      0      0      0      0      0      0    405    225      0      0 
 21:41:39       0     21     23      -      0      0      0      0      0      0    405    225      0      0 
 21:41:40       0     21     23      -      0      0      0      0      0      0    405    225      0      0 
 21:41:41       0     21     23      -      0      0      0      0      0      0    405    225      0      0 
 21:41:43       0     21     23      -      0      0      0      0      0      0    405    225      0      0 
 21:41:44       0     21     23      -      0      0      0      0      0      0    405    225      0      0 
 21:41:45       0     21     22      -      0      0      0      0      0      0    405    225      0      0 
 21:41:46       0     21     22      -      0      0      0      0      0      0    405    225      0      0 
 21:41:47       0     21     22      -      0      0      0      0      0      0    405    225      0      0 
 21:41:48       0     21     22      -      0      0      0      0      0      0    405    225      0      0 
 21:41:49       0     21     22      -      0      0      0      0      0      0    405    225      0      0 
 21:41:50       0     21     22      -      0      0      0      0      0      0    405    225      0      0 
 21:41:51       0     24     24      -      1      0      0      0      0      0  14801   2662      0      0 
 21:41:52       0     48     25      -      0      0      0      0      0      0  14801   2722      0      0 
 21:41:53       0     48     25      -      6      0      0      0      0      0  14801   2752   1185     68 
 21:41:54       0     49     26      -      5      0      0      0      0      0  14801   2767    610     64 
 21:41:55       0     49     26      -      0      0      0      0      0      0  14801   2722      0      0 
 21:41:56       0     48     26      -      0      0      0      0      0      0  14801   2722  29169     64 
 21:41:57       0     49     26      -      5      0      0      0      0      0  14801   2760     14  25180 
 21:41:58       0     49     26      -      0      0      0      0      0      0  14801   2722      0      0 
 21:41:59       0     48     26      -      0      0      0      0      0      0  14801   2722      0      0 
 21:42:00       0     48     26      -      0      0      0      0      0      0  14801   2722      0      0 
 21:42:01       0     48     26      -      0      0      0      0      0      0  14801   2722      0      0 
 21:42:03       0     48     26      -      0      0      0      0      0      0  14801   2722      0      0 
 21:42:04       0     48     26      -      0      0      0      0      0      0  14801   2722      0      0 
 21:42:05       0     48     26      -      0      0      0      0      0      0  14801   2722      0      0 
 21:42:06       0     48     27      -      1      0      0      0      0      0  14801   2722      0      0 
 21:42:07       0     48     27      -      0      0      0      0      0      0  14801   2722      0      2 
 21:42:08       0     48     27      -      1      0      0      0      0      0  14801   2722      0      6 
 21:42:09       0     48     27      -      0      0      0      0      0      0  14801   2722      0      0 
 21:42:10       0     48     27      -      0      0      0      0      0      0  14801   2722      0      0 
 21:42:11       0     48     27      -      0      0      0      0      0      0  14801   2722      0      0 
 21:42:12       0     48     27      -      0      0      0      0      0      0  14801   2722      0      0 
 21:42:13       0     48     27      -      0      0      0      0      0      0  14801   2722      0      0 
 21:42:14       0     48     27      -      0      0      0      0      0      0  14801   2722      0      1 
 21:42:15       0     28     25      -      0      0      0      0      0      0    810    405      0      0 
 21:42:16       0     23     24      -      1      0      0      0      0      0    810    240      3      9 
 21:42:17       0     22     24      -      0      0      0      0      0      0    405    225      0      0 
 21:42:18       0     22     24      -      0      0      0      0      0      0    405    225      0      1 
 21:42:19       0     22     23      -      0      0      0      0      0      0    405    225      0      0 
 21:42:20       0     22     23      -      0      0      0      0      0      0    405    225      0      1 
 21:42:21       0     21     23      -      0      1      0      0      0      0    405    225      0      0 
#Time         gpu    pwr  gtemp  mtemp     sm    mem    enc    dec    jpg    ofa   mclk   pclk  rxpci  txpci 
#HH:MM:SS     Idx      W      C      C      %      %      %      %      %      %    MHz    MHz   MB/s   MB/s 
 21:42:22       0     21     23      -      0      0      0      0      0      0    405    225      0      1 
 21:42:24       0     21     23      -      1      0      0      0      0      0    405    225      0      0 
 21:42:25       0     22     23      -      0      0      0      0      0      0    405    225      0      2 
 21:42:26       0     49     26      -      0      0      0      0      0      0  14801   2722      1   2170 
 21:42:27       0     49     26      -      0      0      0      0      0      0  14801   2730      0      1 
 21:42:28       0     48     26      -      0      0      0      0      0      0  14801   2722      0      0 
 21:42:29       0     54     27      -     99      7      0      0      0      0  14801   2872  30279   2649 
 21:42:30       0     68     28      -     63      5      0      0      0      0  14801   2955      0      0 
 21:42:31       0     55     27      -      0      0      0      0      0      0  14801   2955      0      3 
 21:42:32       0     52     27      -      0      0      0      0      0      0  14801   2722      0      0 
 21:42:33       0     48     27      -      0      0      0      0      0      0  14801   2722      0      1 
 21:42:34       0     53     29      -    100      7      0      0      0      0  14801   2850      0      0 
 21:42:35       0     90     41      -     99     49      0      0      0      0  14801   2917  19539   2575 
 21:42:36       0    109     29      -      0      0      0      0      0      0  14801   2955      0      0 
 21:42:37       0     54     28      -      0      0      0      0      0      0  14801   2955      0      0 
 21:42:38       0     50     28      -      0      0      0      0      0      0  14801   2722      0      0 
 21:42:39       0     48     27      -      0      0      0      0      0      0  14801   2722      0      0 
 21:42:40       0     48     27      -      0      0      0      0      0      0  14801   2722      0      0 
 21:42:41       0     48     27      -      0      0      0      0      0      0  14801   2722      0      0 
 21:42:42       0     48     27      -      0      0      0      0      0      0  14801   2722      0      1 
 21:42:43       0     48     27      -      0      0      0      0      0      0  14801   2722      0      0 
 21:42:44       0     48     27      -      0      0      0      0      0      0  14801   2722      0      0 
 21:42:46       0     48     27      -      0      0      0      0      0      0  14801   2722      0      0 
 21:42:47       0     48     27      -      0      0      0      0      0      0  14801   2722      0      0 
 21:42:48       0     48     27      -      0      0      0      0      0      0  14801   2722      0      1 
 21:42:49       0     48     27      -      0      0      0      0      0      0  14801   2722      0      0 
 21:42:50       0     48     27      -      0      0      0      0      0      0  14801   2722      0      1 
 21:42:51       0     48     27      -      0      0      0      0      0      0  14801   2722      0      0 
 21:42:52       0     48     27      -      0      0      0      0      0      0  14801   2722      0      0 
 21:42:53       0     40     26      -      0      0      0      0      0      0    810    510      0      0 
 21:42:54       0     26     25      -      0      0      0      0      0      0    810    390      0      0 
 21:42:55       0     23     25      -      0      0      0      0      0      0    405    232      0      0 
 21:42:56       0     22     24      -      0      0      0      0      0      0    405    225   1017    165 
 21:42:57       0     78     29      -     14      5      0      0      0      0  14801   2947   2719    322 
 21:42:58       0    160     30      -      0      0      0      0      0      0  14801   2947  26108   2609 
 21:42:59       0    303     48      -    100     33      0      0      0      0  14801   2872     24   1572 
 21:43:00       0    306     50      -    100     32      0      0      0      0  14801   2872  25783   2583 
 21:43:01       0    295     51      -    100     24      0      0      0      0  14801   2880      1   2210 
 21:43:02       0    217     39      -     95     60      0      0      0      0  14801   2917      0      0 
 21:43:03       0    159     45      -     99     50      0      0      0      0  14801   2880  19487   2446 
 21:43:04       0    304     48      -    100     37      0      0      0      0  14801   2872  30819   2413 
 21:43:05       0    307     51      -    100     33      0      0      0      0  14801   2865  30524    516 
 21:43:06       0    306     51      -    100     31      0      0      0      0  14801   2865  30260   2620 
 21:43:08       0    307     51      -    100     29      0      0      0      0  14801   2872  30168   2626 
#Time         gpu    pwr  gtemp  mtemp     sm    mem    enc    dec    jpg    ofa   mclk   pclk  rxpci  txpci 
#HH:MM:SS     Idx      W      C      C      %      %      %      %      %      %    MHz    MHz   MB/s   MB/s 
 21:43:09       0    308     52      -    100     30      0      0      0      0  14801   2872  30474   2639 
 21:43:10       0    309     54      -    100     20      0      0      0      0  14801   2865      0     53 
 21:43:11       0    314     55      -    100     21      0      0      0      0  14801   2865  25040   2714 
 21:43:12       0    278     52      -    100     12      0      0      0      0  14801   2880  27205   2613 
 21:43:13       0    279     52      -    100      2      0      0      0      0  14801   2880  18112   2627 
 21:43:14       0    267     52      -    100     14      0      0      0      0  14801   2895      0      0 
 21:43:15       0    274     51      -    100     33      0      0      0      0  14801   2880      0      0 
 21:43:16       0    256     41      -     51     14      0      0      0      0  14801   2902  30471   1940 
 21:43:17       0    250     52      -    100      6      0      0      0      0  14801   2887  25872      0 
 21:43:18       0    265     53      -    100      2      0      0      0      0  14801   2887   1015     65 
 21:43:19       0    203     43      -     84     56      0      0      0      0  14801   2910      0      1 
 21:43:20       0    211     51      -     99     49      0      0      0      0  14801   2872  10672   2586 
 21:43:21       0    303     55      -    100     31      0      0      0      0  14801   2872  21139   2575 
 21:43:22       0    310     56      -    100     23      0      0      0      0  14801   2865  20436   2580 
 21:43:23       0    314     54      -    100     31      0      0      0      0  14801   2865      0      0 
 21:43:24       0    310     58      -    100     22      0      0      0      0  14801   2865      0      0 
 21:43:25       0    312     58      -    100     17      0      0      0      0  14801   2865      0      0 
 21:43:26       0    312     56      -    100     20      0      0      0      0  14801   2872  31019   2520 
 21:43:27       0    316     58      -    100     23      0      0      0      0  14801   2872   4717      0 
 21:43:29       0    292     55      -    100      2      0      0      0      0  14801   2880  12429      0 
 21:43:30       0    280     55      -    100     20      0      0      0      0  14801   2880  24807      0 
 21:43:31       0    268     55      -    100     13      0      0      0      0  14801   2880      0      0 
 21:43:32       0    278     54      -    100     32      0      0      0      0  14801   2880  23938   2631 
 21:43:33       0    270     55      -    100     31      0      0      0      0  14801   2880  30166   1670 
 21:43:34       0    274     55      -    100     16      0      0      0      0  14801   2880  30394    805 
 21:43:35       0    274     55      -    100      2      0      0      0      0  14801   2887  30659   2270 
 21:43:36       0    270     55      -    100     11      0      0      0      0  14801   2880      0      0 
 21:43:37       0    272     55      -    100      5      0      0      0      0  14801   2880      0      0 
 21:43:38       0    274     56      -    100      2      0      0      0      0  14801   2880  29946   2394 
 21:43:39       0    266     55      -    100      2      0      0      0      0  14801   2895      0      0 
 21:43:40       0    272     56      -    100     16      0      0      0      0  14801   2880  22196   2391 
 21:43:41       0    267     56      -    100      2      0      0      0      0  14801   2895      0      0 
 21:43:42       0    270     56      -    100      2      0      0      0      0  14801   2887      0      0 
 21:43:43       0    272     56      -    100      2      0      0      0      0  14801   2887      0      0 
 21:43:44       0    271     56      -    100      4      0      0      0      0  14801   2887      0      0 
 21:43:45       0    267     56      -    100      2      0      0      0      0  14801   2895      0      0 
 21:43:46       0    271     56      -    100      2      0      0      0      0  14801   2895      0      0 
 21:43:47       0    273     56      -    100      2      0      0      0      0  14801   2880      0      0 
 21:43:49       0    267     56      -    100     30      0      0      0      0  14801   2880      0      1 
 21:43:50       0    272     56      -    100      2      0      0      0      0  14801   2887      0      0 
 21:43:51       0    268     56      -    100      4      0      0      0      0  14801   2880      0      1 
 21:43:52       0    222     41      -      0      0      0      0      0      0  14801   2940      0      0 
 21:43:53       0    197     55      -    100      6      0      0      0      0  14801   2887      0      1 
 21:43:54       0    258     55      -    100      2      0      0      0      0  14801   2895      0      0 
#Time         gpu    pwr  gtemp  mtemp     sm    mem    enc    dec    jpg    ofa   mclk   pclk  rxpci  txpci 
#HH:MM:SS     Idx      W      C      C      %      %      %      %      %      %    MHz    MHz   MB/s   MB/s 
 21:43:55       0    247     48      -     96     67      0      0      0      0  14801   2902    195     68 
 21:43:56       0    196     41      -     42      9      0      0      0      0  14801   2925  30282   2699 
 21:43:57       0    242     46      -     95     58      0      0      0      0  14801   2902    814    148 
 21:43:58       0    183     54      -     99     50      0      0      0      0  14801   2872  30291   2611 
 21:43:59       0    310     54      -    100     33      0      0      0      0  14801   2857  30445    446 
 21:44:00       0    313     57      -    100     33      0      0      0      0  14801   2865  30549   2476 
 21:44:01       0    294     48      -     97     39      0      0      0      0  14801   2887    213     21 
 21:44:02       0    167     39      -      0      0      0      0      0      0  14801   2940      0      0 
 21:44:03       0    229     49      -     99     42      0      0      0      0  14801   2872  30052   2638 
 21:44:04       0    306     58      -     99     31      0      0      0      0  14801   2865      0   1632 
 21:44:05       0    312     56      -    100     30      0      0      0      0  14801   2865  19920      2 
 21:44:06       0    311     54      -     99     21      0      0      0      0  14801   2865  21125   2577 
 21:44:07       0    319     59      -    100     23      0      0      0      0  14801   2865      0      1 
 21:44:08       0    315     59      -    100     28      0      0      0      0  14801   2872      0    883 
 21:44:10       0    317     60      -    100     17      0      0      0      0  14801   2872  30459   1190 
 21:44:11       0    321     61      -    100     18      0      0      0      0  14801   2857  30285   1448 
 21:44:12       0    281     58      -    100     14      0      0      0      0  14801   2880  30417   2034 
 21:44:13       0    284     57      -    100     32      0      0      0      0  14801   2880   1825   2114 
 21:44:14       0    270     57      -    100     29      0      0      0      0  14801   2880      0      2 
 21:44:15       0    280     57      -    100      3      0      0      0      0  14801   2880      0      0 
 21:44:16       0    259     56      -    100      2      0      0      0      0  14801   2887   1844      2 
 21:44:17       0    269     57      -    100     10      0      0      0      0  14801   2880      0      0 
 21:44:18       0    245     48      -     96     61      0      0      0      0  14801   2902   1015    142 
 21:44:19       0    160     40      -      0      0      0      0      0      0  14801   2940      0      0 
 21:44:20       0    162     55      -     99     51      0      0      0      0  14801   2850  30633   2395 
 21:44:21       0    312     58      -    100     42      0      0      0      0  14801   2857  26636   2648 
 21:44:22       0    314     56      -    100     31      0      0      0      0  14801   2857      0    537 
 21:44:23       0    315     60      -    100     20      0      0      0      0  14801   2865  30537   2572 
 21:44:24       0    321     59      -    100     31      0      0      0      0  14801   2857   2665   2414 
 21:44:25       0    318     62      -    100     13      0      0      0      0  14801   2857  15225   2630 
 21:44:26       0    318     56      -    100     30      0      0      0      0  14801   2865  14091      2 
 21:44:27       0    322     61      -    100     32      0      0      0      0  14801   2865  13389      0 
 21:44:28       0    290     58      -    100     29      0      0      0      0  14801   2880  20358      2 
 21:44:30       0    286     57      -    100      2      0      0      0      0  14801   2872  28583   2542 
 21:44:31       0    277     57      -    100     30      0      0      0      0  14801   2880      0      1 
 21:44:32       0    283     57      -    100     32      0      0      0      0  14801   2880      1   1244 
 21:44:33       0    278     57      -    100     29      0      0      0      0  14801   2880  10265   2431 
 21:44:34       0    282     57      -    100     32      0      0      0      0  14801   2880  25502   2657 
 21:44:35       0    281     55      -     99     11      0      0      0      0  14801   2880      0    764 
 21:44:36       0    278     56      -    100      2      0      0      0      0  14801   2880      0      0 
 21:44:37       0    282     56      -    100     19      0      0      0      0  14801   2880      0      0 
 21:44:38       0    277     56      -    100      2      0      0      0      0  14801   2887      0      0 
 21:44:39       0    279     54      -    100      2      0      0      0      0  14801   2887      0      0 
 21:44:40       0    282     55      -    100     19      0      0      0      0  14801   2880      0      0 
#Time         gpu    pwr  gtemp  mtemp     sm    mem    enc    dec    jpg    ofa   mclk   pclk  rxpci  txpci 
#HH:MM:SS     Idx      W      C      C      %      %      %      %      %      %    MHz    MHz   MB/s   MB/s 
 21:44:41       0    278     55      -    100     24      0      0      0      0  14801   2880  13830   2343 
 21:44:42       0    281     55      -    100      2      0      0      0      0  14801   2895  10186      0 
 21:44:43       0    282     54      -    100      2      0      0      0      0  14801   2887      0      0 
 21:44:44       0    277     52      -    100      2      0      0      0      0  14801   2895      0      0 
 21:44:45       0    282     55      -    100      2      0      0      0      0  14801   2895      0      0 
 21:44:46       0    282     55      -    100      2      0      0      0      0  14801   2880      0      0 
 21:44:47       0    282     55      -    100      2      0      0      0      0  14801   2880      0      0 
 21:44:48       0    277     55      -    100     30      0      0      0      0  14801   2880      0      0 
 21:44:49       0    282     54      -    100      2      0      0      0      0  14801   2895  30529   1369 
 21:44:51       0    282     55      -    100      2      0      0      0      0  14801   2880      0   2061 
 21:44:52       0    266     51      -     53     10      0      0      0      0  14801   2902  14822      1 
 21:44:53       0    268     51      -    100      2      0      0      0      0  14801   2887   7546      0 
 21:44:54       0    268     54      -    100      2      0      0      0      0  14801   2887   4790    197 
 21:44:55       0    219     45      -     96     66      0      0      0      0  14801   2902      0      0 
 21:44:56       0    102     36      -      0      0      0      0      0      0  14801   2940      0      0 
 21:44:57       0     64     35      -      0      0      0      0      0      0  14801   2805      0      0 
 21:44:58       0     58     34      -      0      0      0      0      0      0  14801   2715      0      0 
 21:44:59       0     54     34      -      0      0      0      0      0      0  14801   2715      0      0 
 21:45:00       0     52     33      -      0      0      0      0      0      0  14801   2722      0      1 
 21:45:01       0     50     33      -      0      0      0      0      0      0  14801   2722      0      0 
 21:45:02       0     49     33      -      0      0      0      0      0      0  14801   2722      0      1 
 21:45:03       0     49     32      -      0      0      0      0      0      0  14801   2722      0      0 
 21:45:04       0     49     32      -      0      0      0      0      0      0  14801   2722      0      1 
 21:45:05       0     48     32      -      0      0      0      0      0      0  14801   2722      0      0 
 21:45:06       0     49     32      -     10      0      0      0      0      0  14801   2722      7      3 
