#Time         gpu    pwr  gtemp  mtemp     sm    mem    enc    dec    jpg    ofa   mclk   pclk  rxpci  txpci 
#HH:MM:SS     Idx      W      C      C      %      %      %      %      %      %    MHz    MHz   MB/s   MB/s 
 21:23:11       0     21     23      -      0      0      0      0      0      0    405    225      0      0 
 21:23:12       0     21     23      -      0      0      0      0      0      0    405    225      0      1 
 21:23:13       0     21     23      -      0      0      0      0      0      0    405    225      0      0 
 21:23:14       0     21     23      -      0      0      0      0      0      0    405    225      0      0 
 21:23:15       0     21     23      -      0      0      0      0      0      0    405    225      0      0 
 21:23:16       0     21     23      -      0      0      0      0      0      0    405    225      0      1 
 21:23:17       0     21     23      -      0      0      0      0      0      0    405    225      0      0 
 21:23:18       0     21     23      -      0      0      0      0      0      0    405    225      0      0 
 21:23:19       0     21     23      -      0      0      0      0      0      0    405    225      0      0 
 21:23:21       0     21     23      -      0      0      0      0      0      0    405    225      0      0 
 21:23:22       0     21     23      -      0      0      0      0      0      0    405    225      0      0 
 21:23:23       0     21     23      -      0      0      0      0      0      0    405    225      0      0 
 21:23:24       0     21     23      -      0      0      0      0      0      0    405    225      0      1 
 21:23:25       0     21     23      -      0      0      0      0      0      0    405    217      0      0 
 21:23:26       0     21     23      -      0      0      0      0      0      0    405    225      0      1 
 21:23:27       0     34     25      -      0      0      0      0      0      0  14801   2722      0      1 
 21:23:28       0     48     26      -      6      0      0      0      0      0  14801   2745   1045     42 
 21:23:29       0     49     26      -      0      0      0      0      0      0  14801   2722      0      0 
 21:23:30       0     49     26      -      5      0      0      0      0      0  14801   2760      0      1 
 21:23:31       0     48     26      -      0      0      0      0      0      0  14801   2722      0      0 
 21:23:32       0     49     26      -      5      0      0      0      0      0  14801   2767   1326     46 
 21:23:33       0     49     26      -      0      0      0      0      0      0  14801   2722      0      0 
 21:23:34       0     48     26      -      0      0      0      0      0      0  14801   2722      0      1 
 21:23:35       0     48     26      -      0      0      0      0      0      0  14801   2722      0      0 
 21:23:36       0     48     26      -      0      0      0      0      0      0  14801   2722      0      1 
 21:23:37       0     48     26      -      0      0      0      0      0      0  14801   2722      0      1 
 21:23:38       0     48     26      -      1      0      0      0      0      0  14801   2722      0      0 
 21:23:39       0     48     27      -      0      0      0      0      0      0  14801   2722     68      3 
 21:23:40       0     48     27      -      0      0      0      0      0      0  14801   2722      0      0 
 21:23:41       0     48     27      -      0      0      0      0      0      0  14801   2722      0      0 
 21:23:43       0     48     27      -      1      0      0      0      0      0  14801   2722      0      0 
 21:23:44       0     48     27      -      0      0      0      0      0      0  14801   2722      0      0 
 21:23:45       0     48     27      -      0      0      0      0      0      0  14801   2722      0      0 
 21:23:46       0     48     27      -      0      0      0      0      0      0  14801   2722      0      0 
 21:23:47       0     48     27      -      0      0      0      0      0      0  14801   2722      0      0 
 21:23:48       0     48     27      -      0      0      0      0      0      0  14801   2722      0      0 
 21:23:49       0     48     27      -      0      0      0      0      0      0  14801   2722      0      0 
 21:23:50       0     29     25      -      0      0      0      0      0      0    810    427     92      1 
 21:23:51       0     24     25      -      1      0      0      0      0      0    810    255      0      0 
 21:23:52       0     23     24      -      0      0      0      0      0      0    405    225      0      0 
 21:23:53       0     22     24      -      0      0      0      0      0      0    405    225      0      0 
 21:23:54       0     22     24      -      0      0      0      0      0      0    405    225      0      0 
 21:23:55       0     22     24      -      0      0      0      0      0      0    405    225      0      0 
 21:23:56       0     21     24      -      0      0      0      0      0      0    405    225      0      0 
#Time         gpu    pwr  gtemp  mtemp     sm    mem    enc    dec    jpg    ofa   mclk   pclk  rxpci  txpci 
#HH:MM:SS     Idx      W      C      C      %      %      %      %      %      %    MHz    MHz   MB/s   MB/s 
 21:23:57       0     21     24      -      0      0      0      0      0      0    405    225      0      0 
 21:23:58       0     21     23      -      1      0      0      0      0      0    405    225      0      0 
 21:23:59       0     22     23      -      0      0      0      0      0      0    405    225     14      1 
 21:24:00       0     42     26      -      0      0      0      0      0      0  14801   2730      0      0 
 21:24:01       0     49     26      -      0      0      0      0      0      0  14801   2722      0      0 
 21:24:03       0     48     26      -      0      0      0      0      0      0  14801   2722      0      0 
 21:24:04       0     48     26      -      0      0      0      0      0      0  14801   2722      0      0 
 21:24:05       0     48     27      -      0      0      0      0      0      0  14801   2722      0      0 
 21:24:06       0     48     27      -      0      0      0      0      0      0  14801   2722      0      0 
 21:24:07       0     48     27      -      0      0      0      0      0      0  14801   2722      0      0 
 21:24:08       0     49     27      -      3      4      0      0      0      0  14801   2722      1      1 
 21:24:12       0     47     27      -      0      0      0      0      0      0  15001   2722      0      0 
