#Time         gpu    pwr  gtemp  mtemp     sm    mem    enc    dec    jpg    ofa   mclk   pclk  rxpci  txpci 
#HH:MM:SS     Idx      W      C      C      %      %      %      %      %      %    MHz    MHz   MB/s   MB/s 
 21:21:15       0     21     22      -      0      0      0      0      0      0    405    225      1      1 
 21:21:16       0     21     22      -      0      0      0      0      0      0    405    225      0      0 
 21:21:17       0     21     22      -      0      0      0      0      0      0    405    225      0      0 
 21:21:18       0     21     22      -      0      0      0      0      0      0    405    225      1      6 
 21:21:19       0     21     22      -      0      0      0      0      0      0    405    225      0      0 
 21:21:20       0     21     22      -      0      0      0      0      0      0    405    225      0      0 
 21:21:21       0     21     22      -      0      0      0      0      0      0    405    225      0      0 
 21:21:22       0     21     22      -      0      0      0      0      0      0    405    225      0      0 
 21:21:23       0     21     22      -      0      0      0      0      0      0    405    225      8      3 
 21:21:24       0     21     23      -      0      0      0      0      0      0    405    225      0      0 
 21:21:25       0     21     23      -      0      0      0      0      0      0    405    225      1      2 
 21:21:26       0     21     23      -      0      0      0      0      0      0    405    225      0      0 
 21:21:27       0     21     23      -      0      0      0      0      0      0    405    225      1      2 
 21:21:28       0     21     23      -      0      0      0      0      0      0    405    225      1      1 
 21:21:29       0     27     24      -      0      0      0      0      0      0  14801   1402      0      1 
 21:21:30       0     48     25      -      0      0      0      0      0      0  14801   2722      1      1 
 21:21:31       0     48     26      -      7      0      0      0      0      0  14801   2730    522     80 
 21:21:33       0     49     26      -      0      0      0      0      0      0  14801   2737   1326     43 
 21:21:34       0     49     26      -      4      0      0      0      0      0  14801   2760      1      2 
 21:21:35       0     48     26      -      0      0      0      0      0      0  14801   2722      0      0 
 21:21:36       0     49     26      -      5      0      0      0      0      0  14801   2752    150      1 
 21:21:37       0     49     26      -      0      0      0      0      0      0  14801   2745      0      1 
 21:21:38       0     48     26      -      0      0      0      0      0      0  14801   2722      0      1 
 21:21:39       0     48     26      -      0      0      0      0      0      0  14801   2722      0     17 
 21:21:40       0     48     26      -      0      0      0      0      0      0  14801   2722      0      1 
 21:21:41       0     48     26      -      0      0      0      0      0      0  14801   2722      0      0 
 21:21:42       0     48     26      -      0      0      0      0      0      0  14801   2722      0      1 
 21:21:43       0     48     26      -      0      0      0      0      0      0  14801   2722      0      4 
 21:21:44       0     48     26      -      0      0      0      0      0      0  14801   2722      1     16 
 21:21:45       0     48     26      -      1      0      0      0      0      0  14801   2722      0      6 
 21:21:46       0     48     26      -      0      0      0      0      0      0  14801   2722      0      0 
 21:21:47       0     48     26      -      0      0      0      0      0      0  14801   2722      0      1 
 21:21:48       0     47     26      -      0      0      0      0      0      0  14801   2722      0      0 
 21:21:49       0     47     26      -      0      0      0      0      0      0  14801   2722      0      0 
 21:21:50       0     47     26      -      0      0      0      0      0      0  14801   2722      0      0 
 21:21:51       0     48     26      -      0      0      0      0      0      0  14801   2722      0      0 
 21:21:52       0     48     26      -      0      0      0      0      0      0  14801   2722      0      0 
 21:21:54       0     43     26      -      0      0      0      0      0      0   7001   2175      0      0 
 21:21:55       0     24     24      -      0      0      0      0      0      0    810    375      0      9 
 21:21:56       0     23     24      -      2      0      0      0      0      0    405    225      0      0 
 21:21:57       0     22     24      -      0      0      0      0      0      0    405    225      0      0 
 21:21:58       0     22     24      -      2      0      0      0      0      0    405    225      0      0 
 21:21:59       0     22     24      -      0      0      0      0      0      0    405    225      0      0 
 21:22:00       0     21     23      -      0      1      0      0      0      0    405    225      0      0 
#Time         gpu    pwr  gtemp  mtemp     sm    mem    enc    dec    jpg    ofa   mclk   pclk  rxpci  txpci 
#HH:MM:SS     Idx      W      C      C      %      %      %      %      %      %    MHz    MHz   MB/s   MB/s 
 21:22:01       0     21     23      -      0      0      0      0      0      0    405    225      0      0 
 21:22:02       0     21     23      -      0      0      0      0      0      0    405    225      0      0 
 21:22:03       0     22     23      -      0      0      0      0      0      0    405    225      0      0 
 21:22:04       0     21     23      -      0      0      0      0      0      0    405    225      0      0 
 21:22:05       0     21     23      -      0      0      0      0      0      0    405    225      0      0 
 21:22:06       0     21     23      -      0      1      0      0      0      0    405    225      0      0 
 21:22:07       0     21     23      -      0      0      0      0      0      0    405    225      0      0 
 21:22:08       0     21     23      -      0      0      0      0      0      0    405    225      0      0 
 21:22:09       0     21     23      -      0      1      0      0      0      0    405    225      0      2 
 21:22:10       0     21     23      -      0      0      0      0      0      0    405    225      0      0 
 21:22:11       0     21     23      -      0      0      0      0      0      0    405    225      0      2 
 21:22:13       0     21     23      -      0      0      0      0      0      0    405    225      2      0 
 21:22:14       0     21     23      -      0      0      0      0      0      0    405    225      0      0 
 21:22:15       0     21     23      -      0      0      0      0      0      0    405    225      0      0 
 21:22:16       0     21     23      -      0      0      0      0      0      0    405    225      0      0 
 21:22:17       0     21     23      -      0      0      0      0      0      0    405    225      0      0 
 21:22:18       0     21     23      -      0      0      0      0      0      0    405    225      0      0 
 21:22:19       0     21     23      -      0      0      0      0      0      0    405    225      0      0 
 21:22:20       0     21     23      -      0      0      0      0      0      0    405    225      0      0 
 21:22:21       0     21     23      -      0      2      0      0      0      0    405    225      0      2 
 21:22:22       0     21     23      -      0      0      0      0      0      0    405    225      0      0 
 21:22:23       0     21     23      -      0      0      0      0      0      0    405    225      0      2 
 21:22:24       0     21     23      -      0      0      0      0      0      0    405    225     13      1 
 21:22:25       0     38     25      -      3      0      0      0      0      0  14801   2737      0      1 
 21:22:26       0     48     26      -      0      0      0      0      0      0  14801   2722      4      3 
 21:22:27       0     49     26      -      0      0      0      0      0      0  14801   2722      0      1 
 21:22:28       0     48     26      -      0      0      0      0      0      0  14801   2722      0      0 
 21:22:29       0     48     26      -      0      0      0      0      0      0  14801   2722      0      1 
 21:22:31       0     48     26      -      0      0      0      0      0      0  14801   2722      0      0 
 21:22:32       0     48     26      -      0      0      0      0      0      0  14801   2722      0      1 
 21:22:33       0     48     27      -      0      0      0      0      0      0  14801   2722      0      0 
 21:22:34       0     51     27      -      0      0      0      0      0      0  14801   2722      1      0 
 21:22:37       0     47     27      -      0      0      0      0      0      0  15001   2722      0      1 
 21:22:39       0     47     27      -      0      0      0      0      0      0  15001   2722      0      0 
 21:22:40       0     40     26      -      0      0      0      0      0      0   7001    562      0      1 
 21:22:41       0     25     25      -      0      0      0      0      0      0    810    352      0      0 
