#Time         gpu    pwr  gtemp  mtemp     sm    mem    enc    dec    jpg    ofa   mclk   pclk  rxpci  txpci 
#HH:MM:SS     Idx      W      C      C      %      %      %      %      %      %    MHz    MHz   MB/s   MB/s 
 21:49:43       0     20     26      -      0      0      0      0      0      0    405    225      0      0 
 21:49:44       0     20     26      -      0      0      0      0      0      0    405    225      0      1 
 21:49:45       0     21     26      -      0      0      0      0      0      0    405    225      0      0 
 21:49:46       0     21     26      -      0      0      0      0      0      0    405    225      0      0 
 21:49:47       0     21     26      -      0      0      0      0      0      0    405    225      0      0 
 21:49:48       0     20     26      -      0      0      0      0      0      0    405    225      0      0 
 21:49:50       0     20     26      -      0      0      0      0      0      0    405    225      0      1 
 21:49:51       0     21     26      -      0      0      0      0      0      0    405    225      0      0 
 21:49:52       0     20     25      -      0      0      0      0      0      0    405    225      0      2 
 21:49:53       0     21     25      -      0      0      0      0      0      0    405    225      0      0 
 21:49:54       0     21     25      -      0      0      0      0      0      0    405    225      0      1 
 21:49:55       0     20     25      -      0      0      0      0      0      0    405    225      0      0 
 21:49:56       0     21     25      -      0      0      0      0      0      0    405    225      0      1 
 21:49:57       0     20     25      -      0      0      0      0      0      0    405    225      1      0 
 21:49:58       0     24     26      -      1      0      0      0      0      0  14801    885      0      0 
 21:49:59       0     48     28      -      0      0      0      0      0      0  14801   2722      3      0 
 21:50:00       0     48     28      -     12      1      0      0      0      0  14801   2722    942     78 
 21:50:01       0     49     28      -      5      0      0      0      0      0  14801   2745    610     96 
 21:50:02       0     49     28      -      5      0      0      0      0      0  14801   2760      0      1 
 21:50:03       0     48     28      -      0      0      0      0      0      0  14801   2722      0      0 
 21:50:04       0     49     29      -      5      0      0      0      0      0  14801   2760   1325     36 
 21:50:05       0     49     29      -      0      0      0      0      0      0  14801   2722      0      0 
 21:50:06       0     48     29      -      0      0      0      0      0      0  14801   2722      0      0 
 21:50:07       0     48     29      -      0      0      0      0      0      0  14801   2722      0      0 
 21:50:08       0     48     29      -      0      0      0      0      0      0  14801   2722      0      0 
 21:50:09       0     48     29      -      0      0      0      0      0      0  14801   2722      0      0 
 21:50:11       0     48     29      -      0      0      0      0      0      0  14801   2722      0      0 
 21:50:12       0     48     29      -      0      0      0      0      0      0  14801   2722      0      0 
 21:50:13       0     48     29      -      1      0      0      0      0      0  14801   2722      0      1 
 21:50:14       0     48     28      -      0      0      0      0      0      0  14801   2722     11      0 
 21:50:15       0     48     28      -      0      0      0      0      0      0  14801   2722      0      0 
 21:50:16       0     48     28      -      0      0      0      0      0      0  14801   2722      0      0 
 21:50:17       0     48     28      -      0      0      0      0      0      0  14801   2722      0      0 
 21:50:18       0     48     28      -      0      0      0      0      0      0  14801   2722      0      0 
 21:50:19       0     48     28      -      0      0      0      0      0      0  14801   2722      0      0 
 21:50:20       0     48     28      -      0      0      0      0      0      0  14801   2722      0      0 
 21:50:21       0     48     28      -      0      0      0      0      0      0  14801   2722      1      0 
 21:50:22       0     39     27      -      0      0      0      0      0      0    810    517     92      0 
 21:50:23       0     24     26      -      1      0      0      0      0      0    810    315      0      0 
 21:50:24       0     22     25      -      0      0      0      0      0      0    405    225      0      0 
 21:50:25       0     22     25      -      2      0      0      0      0      0    405    225      0      0 
 21:50:26       0     22     25      -      0      0      0      0      0      0    405    217      0      0 
 21:50:27       0     22     25      -      0      0      0      0      0      0    405    225      0      0 
 21:50:28       0     21     25      -      0      0      0      0      0      0    405    225      0      0 
#Time         gpu    pwr  gtemp  mtemp     sm    mem    enc    dec    jpg    ofa   mclk   pclk  rxpci  txpci 
#HH:MM:SS     Idx      W      C      C      %      %      %      %      %      %    MHz    MHz   MB/s   MB/s 
 21:50:29       0     20     25      -      0      0      0      0      0      0    405    225      0      0 
 21:50:30       0     21     25      -      0      0      0      0      0      0    405    225      0      0 
 21:50:32       0     22     25      -      0      0      0      0      0      0    405    225      0      0 
 21:50:33       0     40     27      -      3      0      0      0      0      0  14801   2745      0      0 
 21:50:34       0     49     28      -      0      0      0      0      0      0  14801   2722      0      0 
 21:50:35       0     58     29      -     98      7      0      0      0      0  14801   2887  30249   2631 
 21:50:36       0     66     29      -      0      0      0      0      0      0  14801   2955      0      0 
 21:50:37       0     54     29      -      0      0      0      0      0      0  14801   2955      0      0 
 21:50:38       0     52     28      -      0      0      0      0      0      0  14801   2722      0      0 
 21:50:39       0     48     28      -      0      0      0      0      0      0  14801   2722      0      1 
 21:50:40       0     48     28      -      0      0      0      0      0      0  14801   2722      0      0 
 21:50:41       0     54     29      -      0      0      0      0      0      0  14801   2850      0      1 
 21:50:42       0    120     44      -    100     49      0      0      0      0  14801   2910  20904   3106 
 21:50:43       0    201     37      -     81     43      0      0      0      0  14801   2917      0      1 
 21:50:44       0     64     30      -      0      0      0      0      0      0  14801   2955      0      0 
 21:50:45       0     53     29      -      0      0      0      0      0      0  14801   2812      0      3 
 21:50:46       0     48     29      -      0      0      0      0      0      0  14801   2722      0      0 
 21:50:47       0     48     29      -      0      0      0      0      0      0  14801   2722      0      0 
 21:50:48       0     48     29      -      0      0      0      0      0      0  14801   2722      0      0 
 21:50:49       0     48     28      -      0      0      0      0      0      0  14801   2722      0      0 
 21:50:50       0     48     28      -      0      0      0      0      0      0  14801   2722      0      0 
 21:50:51       0     48     28      -      0      0      0      0      0      0  14801   2722      0      0 
 21:50:52       0     48     28      -      0      0      0      0      0      0  14801   2722      0      1 
 21:50:54       0     48     28      -      0      0      0      0      0      0  14801   2722      0      0 
 21:50:55       0     48     28      -      0      0      0      0      0      0  14801   2722      0      1 
 21:50:56       0     48     28      -      0      0      0      0      0      0  14801   2722      0      0 
 21:50:57       0     48     28      -      0      0      0      0      0      0  14801   2722      0      1 
 21:50:58       0     48     28      -      0      0      0      0      0      0  14801   2722      0      0 
 21:50:59       0     48     28      -      0      0      0      0      0      0  14801   2722      0      0 
 21:51:00       0     38     27      -      0      0      0      0      0      0    810    517      0      1 
 21:51:01       0     26     26      -      0      0      0      0      0      0    810    397      0      0 
 21:51:02       0     23     26      -      0      0      0      0      0      0    810    232      0      1 
 21:51:03       0     22     25      -      0      0      0      0      0      0    405    225    715      4 
 21:51:04       0     87     35      -     94     63      0      0      0      0  14801   2940   2619    273 
 21:51:05       0    148     32      -     47      9      0      0      0      0  14801   2955  30312   2579 
 21:51:06       0    281     49      -     99     40      0      0      0      0  14801   2872   1280   2123 
 21:51:07       0    305     51      -    100     34      0      0      0      0  14801   2872  27126   2105 
 21:51:08       0    295     50      -    100     25      0      0      0      0  14801   2880    661   3130 
 21:51:09       0    201     39      -     64     38      0      0      0      0  14801   2917      0      0 
 21:51:10       0    182     49      -    100     49      0      0      0      0  14801   2872  30315   2629 
 21:51:11       0    302     49      -     99     31      0      0      0      0  14801   2872  31201    378 
 21:51:12       0    304     51      -     99     23      0      0      0      0  14801   2872  11672      0 
 21:51:13       0    307     54      -    100     27      0      0      0      0  14801   2872  30264   1461 
 21:51:14       0    308     49      -    100     32      0      0      0      0  14801   2872  30557   2119 
#Time         gpu    pwr  gtemp  mtemp     sm    mem    enc    dec    jpg    ofa   mclk   pclk  rxpci  txpci 
#HH:MM:SS     Idx      W      C      C      %      %      %      %      %      %    MHz    MHz   MB/s   MB/s 
 21:51:16       0    309     52      -    100     30      0      0      0      0  14801   2872  30453    808 
 21:51:17       0    312     54      -     99     10      0      0      0      0  14801   2872      0   2043 
 21:51:18       0    310     57      -    100     11      0      0      0      0  14801   2872  30457   2648 
 21:51:19       0    277     53      -    100      2      0      0      0      0  14801   2880  30507   2671 
 21:51:20       0    280     53      -    100     29      0      0      0      0  14801   2880  30622   2632 
 21:51:21       0    269     53      -    100      2      0      0      0      0  14801   2880      0      0 
 21:51:22       0    274     53      -    100      2      0      0      0      0  14801   2880      0     19 
 21:51:23       0    267     52      -    100     18      0      0      0      0  14801   2895      0      0 
 21:51:24       0    265     53      -    100      3      0      0      0      0  14801   2887      0      0 
 21:51:25       0    252     45      -     95     65      0      0      0      0  14801   2895    745     35 
 21:51:26       0    171     37      -      0      0      0      0      0      0  14801   2925      0      0 
 21:51:27       0    138     51      -    100     48      0      0      0      0  14801   2872   6986   2548 
 21:51:28       0    307     55      -    100     43      0      0      0      0  14801   2857      0   1983 
 21:51:29       0    310     57      -    100     22      0      0      0      0  14801   2865      0      0 
 21:51:30       0    309     57      -    100     22      0      0      0      0  14801   2872  30402   1620 
 21:51:31       0    316     58      -    100     22      0      0      0      0  14801   2865  29668   2511 
 21:51:32       0    312     55      -    100     31      0      0      0      0  14801   2865  30549   2631 
 21:51:33       0    314     59      -    100      1      0      0      0      0  14801   2872      0      0 
 21:51:34       0    317     59      -    100      1      0      0      0      0  14801   2865      0      0 
 21:51:36       0    286     55      -    100      2      0      0      0      0  14801   2880      0      3 
 21:51:37       0    283     57      -    100     22      0      0      0      0  14801   2880      0      0 
 21:51:38       0    269     55      -    100      2      0      0      0      0  14801   2880      0   1678 
 21:51:39       0    276     55      -    100     12      0      0      0      0  14801   2880      0      0 
 21:51:40       0    271     55      -    100     12      0      0      0      0  14801   2880      0      0 
 21:51:41       0    275     56      -    100      2      0      0      0      0  14801   2887      0      0 
 21:51:42       0    276     56      -    100      2      0      0      0      0  14801   2887      0      0 
 21:51:43       0    270     57      -    100     31      0      0      0      0  14801   2887  30328   2634 
 21:51:44       0    274     56      -    100      2      0      0      0      0  14801   2880      0      0 
 21:51:45       0    270     54      -     99     31      0      0      0      0  14801   2887     23      1 
 21:51:46       0    272     56      -    100      3      0      0      0      0  14801   2880      0      0 
 21:51:47       0    272     56      -    100      2      0      0      0      0  14801   2880      0      0 
 21:51:48       0    271     56      -     97     11      0      0      0      0  14801   2887      0      0 
 21:51:49       0    267     56      -    100     11      0      0      0      0  14801   2887      0      0 
 21:51:50       0    272     56      -    100      2      0      0      0      0  14801   2880      0   2023 
 21:51:51       0    267     56      -    100      2      0      0      0      0  14801   2887  25555   2763 
 21:51:52       0    272     57      -    100      2      0      0      0      0  14801   2880  27750   2606 
 21:51:53       0    273     57      -    100     24      0      0      0      0  14801   2880  27807   2638 
 21:51:54       0    275     58      -    100     31      0      0      0      0  14801   2887  25273   2556 
 21:51:55       0    267     57      -    100      2      0      0      0      0  14801   2887      0      0 
 21:51:57       0    272     57      -    100      2      0      0      0      0  14801   2887      0      0 
 21:51:58       0    272     57      -    100     32      0      0      0      0  14801   2880      0      0 
 21:51:59       0    270     57      -    100      2      0      0      0      0  14801   2895      0      0 
 21:52:00       0    258     56      -    100      2      0      0      0      0  14801   2895      2      0 
 21:52:01       0    259     55      -    100     16      0      0      0      0  14801   2895      0      0 
#Time         gpu    pwr  gtemp  mtemp     sm    mem    enc    dec    jpg    ofa   mclk   pclk  rxpci  txpci 
#HH:MM:SS     Idx      W      C      C      %      %      %      %      %      %    MHz    MHz   MB/s   MB/s 
 21:52:02       0    219     47      -     96     68      0      0      0      0  14801   2902   1014    192 
 21:52:03       0    250     48      -     98     34      0      0      0      0  14801   2857   3020    163 
 21:52:04       0    168     39      -      0      0      0      0      0      0  14801   2925  30893   2548 
 21:52:05       0    298     53      -    100     36      0      0      0      0  14801   2865  28621    625 
 21:52:06       0    312     56      -    100     32      0      0      0      0  14801   2865  23933      0 
 21:52:07       0    307     59      -    100     25      0      0      0      0  14801   2865  30458   2632 
 21:52:08       0    266     47      -     95     63      0      0      0      0  14801   2902   1315    519 
 21:52:09       0    134     38      -      9      5      0      0      0      0  14801   2940  29808   2639 
 21:52:10       0    310     58      -     99     40      0      0      0      0  14801   2857   3677    880 
 21:52:11       0    312     59      -     99     31      0      0      0      0  14801   2857  27648   2628 
 21:52:12       0    311     56      -    100     31      0      0      0      0  14801   2857  18402   2420 
 21:52:13       0    314     59      -    100     19      0      0      0      0  14801   2865  10346   2624 
 21:52:14       0    316     61      -    100     25      0      0      0      0  14801   2872  30336   2636 
 21:52:15       0    322     61      -    100      4      0      0      0      0  14801   2865      0   1589 
 21:52:17       0    316     61      -    100      4      0      0      0      0  14801   2865  29473   2639 
 21:52:18       0    299     58      -    100     30      0      0      0      0  14801   2880  13217      0 
 21:52:19       0    284     58      -    100      2      0      0      0      0  14801   2880  28270      0 
 21:52:20       0    277     56      -    100     22      0      0      0      0  14801   2887      0      1 
 21:52:21       0    280     58      -    100      2      0      0      0      0  14801   2880  30420   2652 
 21:52:22       0    273     57      -    100      3      0      0      0      0  14801   2887      0      0 
 21:52:23       0    271     57      -    100      2      0      0      0      0  14801   2887      0      1 
 21:52:24       0    259     49      -     96     58      0      0      0      0  14801   2895    313    218 
 21:52:25       0    183     41      -      0      0      0      0      0      0  14801   2917      0      0 
 21:52:26       0    138     54      -     99     50      0      0      0      0  14801   2865   7014   2099 
 21:52:27       0    315     53      -    100     33      0      0      0      0  14801   2857  30496   2742 
 21:52:28       0    318     58      -    100     33      0      0      0      0  14801   2857  30427   2454 
 21:52:29       0    317     60      -    100     23      0      0      0      0  14801   2865  18979   2583 
 21:52:30       0    319     60      -    100     23      0      0      0      0  14801   2865  11502   2622 
 21:52:31       0    321     57      -    100     31      0      0      0      0  14801   2872  25329   2694 
 21:52:32       0    321     60      -    100     16      0      0      0      0  14801   2872      3      0 
 21:52:33       0    327     60      -    100     15      0      0      0      0  14801   2857      0   1177 
 21:52:34       0    295     57      -    100      3      0      0      0      0  14801   2880      0   1478 
 21:52:35       0    290     56      -    100     32      0      0      0      0  14801   2872      0    237 
 21:52:36       0    280     56      -    100      2      0      0      0      0  14801   2880  25209      0 
 21:52:38       0    283     56      -    100      2      0      0      0      0  14801   2880      0      1 
 21:52:39       0    282     55      -     99     14      0      0      0      0  14801   2880      0      0 
 21:52:40       0    280     55      -    100      2      0      0      0      0  14801   2880      0      1 
 21:52:41       0    286     55      -    100      2      0      0      0      0  14801   2880      0      0 
 21:52:42       0    280     55      -    100     30      0      0      0      0  14801   2887      0      1 
 21:52:43       0    285     55      -    100      2      0      0      0      0  14801   2880      0      0 
 21:52:44       0    280     50      -     99     30      0      0      0      0  14801   2887      0      1 
 21:52:45       0    279     54      -    100      7      0      0      0      0  14801   2880      0      0 
 21:52:46       0    282     54      -    100      2      0      0      0      0  14801   2880      0      1 
 21:52:47       0    282     54      -     99      8      0      0      0      0  14801   2887  26662   2631 
#Time         gpu    pwr  gtemp  mtemp     sm    mem    enc    dec    jpg    ofa   mclk   pclk  rxpci  txpci 
#HH:MM:SS     Idx      W      C      C      %      %      %      %      %      %    MHz    MHz   MB/s   MB/s 
 21:52:48       0    275     54      -    100      8      0      0      0      0  14801   2895      0      1 
 21:52:49       0    280     51      -    100     20      0      0      0      0  14801   2895      0      0 
 21:52:50       0    280     54      -    100     30      0      0      0      0  14801   2895      0      1 
 21:52:51       0    278     54      -    100      2      0      0      0      0  14801   2880      0      0 
 21:52:52       0    277     54      -    100     26      0      0      0      0  14801   2880      0      1 
 21:52:53       0    277     55      -    100     31      0      0      0      0  14801   2887      0      0 
 21:52:54       0    272     54      -    100      2      0      0      0      0  14801   2887      0      1 
 21:52:55       0    277     54      -    100      2      0      0      0      0  14801   2880      0      0 
 21:52:56       0    276     54      -    100     30      0      0      0      0  14801   2880  30502     92 
 21:52:57       0    276     54      -    100      2      0      0      0      0  14801   2895      0      0 
 21:52:59       0    256     54      -    100      2      0      0      0      0  14801   2887      0      2 
 21:53:00       0    261     54      -    100      6      0      0      0      0  14801   2887      0      0 
 21:53:01       0    240     46      -     96     67      0      0      0      0  14801   2902   1412    246 
 21:53:02       0     91     36      -      0      0      0      0      0      0  14801   2940      0      0 
 21:53:03       0     60     35      -      0      0      0      0      0      0  14801   2940      0      1 
 21:53:04       0     52     35      -      0      0      0      0      0      0  14801   2715      0      0 
 21:53:05       0     50     34      -      0      0      0      0      0      0  14801   2715      0      1 
 21:53:06       0     49     34      -      0      0      0      0      0      0  14801   2715      0      0 
 21:53:07       0     49     33      -      0      0      0      0      0      0  14801   2715      1      2 
 21:53:08       0     49     33      -      0      0      0      0      0      0  14801   2722      0      0 
 21:53:09       0     48     33      -      0      0      0      0      0      0  14801   2722      0      1 
 21:53:10       0     48     33      -      0      0      0      0      0      0  14801   2722      0      0 
 21:53:11       0     48     32      -      0      0      0      0      0      0  14801   2722      0      1 
 21:53:12       0     49     32      -      5      0      0      0      0      0  14801   2722      6      1 
