#Time         gpu    pwr  gtemp  mtemp     sm    mem    enc    dec    jpg    ofa   mclk   pclk     fb   bar1   ccpm 
#HH:MM:SS     Idx      W      C      C      %      %      %      %      %      %    MHz    MHz     MB     MB     MB 
 12:13:03       0     32     28      -      0      0      0      0      0      0   7001    487      2      1      0 
 12:13:08       0     22     26      -      0      0      0      0      0      0    810    225      2      1      0 
 12:13:13       0     20     26      -      0      0      0      0      0      0    405    225      2      1      0 
 12:13:18       0     28     27      -      0      0      0      0      0      0  14801   2647    338      4      0 
 12:13:23       0     48     29      -      5      0      0      0      0      0  14801   2737   2458      4      0 
 12:13:28       0     48     29      -      0      0      0      0      0      0  14801   2722   2702      4      0 
 12:13:33       0     48     29      -      0      0      0      0      0      0  14801   2722  15096      4      0 
 12:13:38       0     53     29      -      0      0      0      0      0      0  14801   2910  15096      4      0 
 12:13:43       0     48     29      -      0      0      0      0      0      0  14801   2722  11478      4      0 
 12:13:48       0     49     29      -      0      0      0      0      0      0  14801   2722  11478      4      0 
 12:13:53       0     49     29      -      0      0      0      0      0      0  14801   2722  11530      4      0 
 12:13:58       0     61     30      -      0      0      0      0      0      0  14801   2955  11530      4      0 
 12:14:03       0     48     29      -      0      0      0      0      0      0  14801   2722  11530      4      0 
 12:14:08       0     52     29      -      0      0      0      0      0      0  14801   2722  11530      4      0 
 12:14:13       0     62     30      -      0      0      0      0      0      0  14801   2955  11538      4      0 
 12:14:18       0     54     29      -      0      0      0      0      0      0  14801   2955  11538      4      0 
 12:14:23       0    270     47      -    100     29      0      0      0      0  14801   2910  12134      4      0 
 12:14:28       0     50     31      -     71      4      0      0      0      0  14801   2737  12134      4      0 
 12:14:33       0     48     30      -      0      0      0      0      0      0  14801   2722  15116      4      0 
 12:14:38       0     89     41      -    100     36      0      0      0      0  14801   2947  15700      4      0 
 12:14:43       0     48     30      -      0      0      0      0      0      0  14801   2722  15700      4      0 
 12:14:48       0     48     29      -      0      0      0      0      0      0  14801   2722  15700      4      0 
 12:14:53       0     48     29      -      0      0      0      0      0      0  14801   2722  15700      4      0 
 12:14:58       0     27     28      -      0      0      0      0      0      0    810    435  15700      4      0 
 12:15:03       0    245     49      -    100     30      0      0      0      0  14801   2902  15722      4      0 
 12:15:08       0    295     51      -     99     39      0      0      0      0  14801   2887  15722      4      0 
 12:15:13       0    292     56      -    100      2      0      0      0      0  14801   2880  15680      4      0 
 12:15:18       0    291     53      -    100     27      0      0      0      0  14801   2880  15680      4      0 
 12:15:23       0    295     55      -    100     22      0      0      0      0  14801   2880  15680      4      0 
 12:15:28       0    276     46      -     95     53      0      0      0      0  14801   2887  15682      4      0 
 12:15:33       0     48     35      -      0      0      0      0      0      0  14801   2715  15680      4      0 
