#Time         gpu    pwr  gtemp  mtemp     sm    mem    enc    dec    jpg    ofa   mclk   pclk  rxpci  txpci 
#HH:MM:SS     Idx      W      C      C      %      %      %      %      %      %    MHz    MHz   MB/s   MB/s 
 14:57:49       0     14     41      -      0      0      0      0      0      0    405    277      0      0 
 14:57:50       0     14     41      -      0      0      0      0      0      0    405    277      0      0 
 14:57:51       0     14     41      -      0      0      0      0      0      0    405    277      0      0 
 14:57:53       0     14     41      -      0      0      0      0      0      0    405    277      0      0 
 14:57:54       0     14     41      -      0      0      0      0      0      0    405    277      0      1 
 14:57:55       0     14     41      -      0      0      0      0      0      0    405    277      4      0 
 14:57:56       0     14     41      -      0      0      0      0      0      0    405    277      0      1 
 14:57:57       0     14     41      -      0      7      0      0      0      0    405    277      0      0 
 14:57:58       0     14     41      -      0      0      0      0      0      0    405    277      0      0 
 14:57:59       0     14     41      -      0      0      0      0      0      0    405    277      0      0 
 14:58:00       0     22     42      -      0      0      0      0      0      0  15016   1845      0      0 
 14:58:01       0     43     42      -      0      0      0      0      0      0  15016   2632     29     15 
 14:58:02       0     47     43      -      7      1      0      0      0      0  15016   2677      0      0 
 14:58:03       0     46     43      -      0      0      0      0      0      0  15016   2632      0      0 
 14:58:04       0     43     43      -      0      0      0      0      0      0  15016   2610      0      0 
 14:58:05       0     43     43      -      0      0      0      0      0      0  15016   2610      0      0 
 14:58:06       0     39     43      -      0      0      0      0      0      0  15016   2610      0      0 
 14:58:07       0     26     42      -      0      0      0      0      0      0    810    457      0      0 
 14:58:08       0     18     42      -      0      0      0      0      0      0    810    277      0      0 
 14:58:09       0     16     42      -      0      0      0      0      0      0    405    277      0      0 
 14:58:10       0     15     41      -      0      0      0      0      0      0    405    277      0      0 
 14:58:12       0     15     41      -      0      0      0      0      0      0    405    277      0      0 
 14:58:13       0     15     41      -      0      0      0      0      0      0    405    277      0      0 
 14:58:14       0     15     41      -      0      0      0      0      0      0    405    277      0      0 
 14:58:15       0     16     41      -      0      0      0      0      0      0    405    277      0      0 
 14:58:16       0     15     41      -      0      0      0      0      0      0    405    277      0      0 
 14:58:17       0     15     41      -      0      0      0      0      0      0    405    277      0      0 
 14:58:18       0     15     41      -      0      0      0      0      0      0    405    277      0      0 
 14:58:19       0     15     41      -      0      0      0      0      0      0    405    277      0      0 
 14:58:20       0     15     41      -      0      0      0      0      0      0    405    277      0      0 
 14:58:21       0     15     41      -      0      0      0      0      0      0    405    277      0      3 
 14:58:22       0     15     41      -      0      0      0      0      0      0    405    277      0      0 
 14:58:23       0     15     41      -      0      0      0      0      0      0    405    277      0      0 
 14:58:24       0     15     41      -      0      0      0      0      0      0    405    277      0      0 
 14:58:25       0     16     42      -      0      0      0      0      0      0    405    277      0      0 
 14:58:27       0     15     41      -      0      0      0      0      0      0    405    277      0      1 
 14:58:28       0     16     42      -      0      0      0      0      0      0    405    277      0      0 
 14:58:29       0     16     42      -      0      0      0      0      0      0    405    277      0      0 
 14:58:30       0     16     42      -      0      0      0      0      0      0    405    277      0      0 
 14:58:31       0     16     42      -      0      0      0      0      0      0    405    277      0      0 
 14:58:32       0     16     42      -      0      0      0      0      0      0    405    277      0      0 
 14:58:33       0     16     42      -      0      0      0      0      0      0    405    277      0      0 
 14:58:34       0     16     42      -      0      0      0      0      0      0    405    270      0      0 
 14:58:35       0     16     42      -      1      0      0      0      0      0    405    277      0      0 
#Time         gpu    pwr  gtemp  mtemp     sm    mem    enc    dec    jpg    ofa   mclk   pclk  rxpci  txpci 
#HH:MM:SS     Idx      W      C      C      %      %      %      %      %      %    MHz    MHz   MB/s   MB/s 
 14:58:36       0     16     42      -      1      0      0      0      0      0    405    277      0      1 
 14:58:37       0     16     42      -      0      0      0      0      0      0    405    277      0      0 
 14:58:38       0     16     42      -      1      0      0      0      0      0    405    277      0      0 
 14:58:39       0     16     42      -      1      0      0      0      0      0    405    277      0      0 
 14:58:40       0     16     42      -      0      0      0      0      0      0    405    277     86     13 
 14:58:41       0     16     42      -      0      0      0      0      0      0    405    277      0      0 
 14:58:42       0     16     42      -      0      0      0      0      0      0    405    277      0      0 
 14:58:43       0     15     42      -      0      0      0      0      0      0    405    277      0      0 
 14:58:44       0     16     42      -      0      0      0      0      0      0    405    277      0      0 
 14:58:45       0     16     42      -      0      0      0      0      0      0    405    277      0      1 
 14:58:46       0     16     42      -      0      0      0      0      0      0    405    277      0      0 
 14:58:47       0     16     42      -      0      0      0      0      0      0    405    277      0      0 
 14:58:48       0     15     42      -      0      0      0      0      0      0    405    277      0      0 
 14:58:49       0     15     42      -      0      0      0      0      0      0    405    277      0      0 
 14:58:50       0     15     42      -      0      0      0      0      0      0    405    277      0      0 
 14:58:51       0     15     42      -      0      0      0      0      0      0    405    277      0      0 
 14:58:52       0     15     42      -      0      0      0      0      0      0    405    277      0      0 
 14:58:53       0     16     42      -      0      0      0      0      0      0    405    277      0      0 
 14:58:54       0     16     42      -      0      0      0      0      0      0    405    277      0      0 
 14:58:55       0     15     42      -      0      0      0      0      0      0    405    277      0      0 
 14:58:56       0     15     42      -      0      0      0      0      0      0    405    277      0      0 
 14:58:57       0     15     42      -      0      0      0      0      0      0    405    277      0      0 
 14:58:58       0     15     42      -      0      0      0      0      0      0    405    277      0      0 
 14:59:01       0     15     42      -      0      5      0      0      0      0    405    277     45      7 
 14:59:02       0     15     42      -      0      0      0      0      0      0    405    277      0      0 
 14:59:03       0     15     42      -      0      0      0      0      0      0    405    277      0      0 
 14:59:04       0     15     42      -      0      0      0      0      0      0    405    277      0      1 
 14:59:05       0     15     42      -      0      0      0      0      0      0    405    277      0      0 
 14:59:06       0     15     42      -      0      2      0      0      0      0    405    277      0      1 
 14:59:07       0     15     42      -      0      0      0      0      0      0    405    277      0      0 
 14:59:08       0     15     42      -      0      0      0      0      0      0    405    277      0      0 
 14:59:09       0     14     42      -      0      0      0      0      0      0    405    277      0      0 
 14:59:10       0     15     42      -      0      0      0      0      0      0    405    277      0      0 
 14:59:11       0     15     42      -      0      0      0      0      0      0    405    277      0      0 
 14:59:12       0     14     42      -      0      0      0      0      0      0    405    277      0      0 
 14:59:13       0     14     42      -      0      0      0      0      0      0    405    277      0      0 
 14:59:14       0     15     42      -      0      0      0      0      0      0    405    277      0      0 
 14:59:15       0     16     42      -      0      0      0      0      0      0    405    277      0      0 
 14:59:16       0     14     42      -      0      0      0      0      0      0    405    277      0      0 
 14:59:17       0     14     42      -      0      2      0      0      0      0    405    277      0      0 
 14:59:18       0     14     42      -      0      0      0      0      0      0    405    277      0      0 
 14:59:19       0     14     42      -      0      0      0      0      0      0    405    277      0      0 
 14:59:20       0     14     42      -      0      0      0      0      0      0    405    270     46      0 
 14:59:21       0     14     42      -      0      0      0      0      0      0    405    277      0      0 
#Time         gpu    pwr  gtemp  mtemp     sm    mem    enc    dec    jpg    ofa   mclk   pclk  rxpci  txpci 
#HH:MM:SS     Idx      W      C      C      %      %      %      %      %      %    MHz    MHz   MB/s   MB/s 
 14:59:22       0     14     42      -      0      0      0      0      0      0    405    277      0      0 
 14:59:23       0     15     42      -      1      0      0      0      0      0    405    277      0      0 
 14:59:24       0     16     42      -      0      0      0      0      0      0    405    277      0      0 
 14:59:25       0     15     42      -      0      0      0      0      0      0    405    277      0      0 
 14:59:26       0     15     42      -      0      0      0      0      0      0    405    277      0      0 
 14:59:27       0     15     42      -      0      0      0      0      0      0    405    277      0      0 
 14:59:28       0     15     42      -      0      0      0      0      0      0    405    270      0      0 
 14:59:29       0     14     42      -      0      0      0      0      0      0    405    277      0      0 
 14:59:30       0     14     42      -      0      0      0      0      0      0    405    277      0      0 
 14:59:31       0     14     42      -      0      0      0      0      0      0    405    277      0      0 
 14:59:33       0     14     42      -      0      0      0      0      0      0    405    277      0      0 
 14:59:34       0     15     42      -      0      0      0      0      0      0    405    277      0      0 
 14:59:35       0     15     42      -      0      0      0      0      0      0    405    277      0      0 
 14:59:36       0     15     42      -      0      0      0      0      0      0    405    277      0      0 
 14:59:37       0     14     42      -      0      0      0      0      0      0    405    277      0      0 
 14:59:38       0     15     42      -      0      0      0      0      0      0    405    277      0      0 
 14:59:39       0     15     42      -      0      0      0      0      0      0    405    277      0      3 
 14:59:40       0     15     42      -      0      0      0      0      0      0    405    277      0      0 
 14:59:41       0     15     42      -      0      0      0      0      0      0    405    277      0      0 
 14:59:42       0     15     42      -      0      0      0      0      0      0    405    277      0      0 
 14:59:44       0     15     42      -      0      0      0      0      0      0    405    277      0      0 
 14:59:45       0     16     42      -      0      0      0      0      0      0    405    277      0      0 
 14:59:46       0     14     42      -      0      0      0      0      0      0    405    277      0      0 
 14:59:47       0     14     42      -      0      0      0      0      0      0    405    277      0      0 
 14:59:48       0     14     42      -      0      0      0      0      0      0    405    277      0      0 
 14:59:49       0     14     42      -      0      0      0      0      0      0    405    277      0      0 
 14:59:50       0     14     42      -      0      0      0      0      0      0    405    277      0      0 
 14:59:51       0     14     42      -      0      0      0      0      0      0    405    277      0      0 
 14:59:52       0     14     42      -      0      0      0      0      0      0    405    277     97      3 
 14:59:53       0     16     42      -      0      0      0      0      0      0    405    277      0      0 
 14:59:54       0     15     42      -      0      0      0      0      0      0    405    277      0      0 
 14:59:55       0     14     42      -      0      0      0      0      0      0    405    277      0      0 
 14:59:56       0     14     42      -      0      0      0      0      0      0    405    277      0      0 
 14:59:57       0     15     42      -      0      0      0      0      0      0    405    277      0      0 
 14:59:58       0     15     42      -      0      0      0      0      0      0    405    277      0      0 
 14:59:59       0     15     42      -      0      0      0      0      0      0    405    277      0      6 
 15:00:00       0     15     42      -      0      0      0      0      0      0    405    277     46      0 
 15:00:01       0     15     42      -      0      0      0      0      0      0    405    277      0      0 
 15:00:02       0     16     42      -      0      0      0      0      0      0    405    277      0      0 
 15:00:03       0     15     42      -      0      0      0      0      0      0    405    277      0      0 
 15:00:04       0     15     42      -      0      0      0      0      0      0    405    277      0      1 
 15:00:05       0     15     42      -      0      0      0      0      0      0    405    270      0      0 
 15:00:07       0     15     42      -      0      0      0      0      0      0    405    277      0      0 
 15:00:08       0     15     42      -      0      0      0      0      0      0    405    277      0      0 
#Time         gpu    pwr  gtemp  mtemp     sm    mem    enc    dec    jpg    ofa   mclk   pclk  rxpci  txpci 
#HH:MM:SS     Idx      W      C      C      %      %      %      %      %      %    MHz    MHz   MB/s   MB/s 
 15:00:09       0     15     42      -      0      0      0      0      0      0    405    277      0      0 
 15:00:10       0     15     42      -      0      0      0      0      0      0    405    277      0      0 
 15:00:11       0     15     42      -      0      0      0      0      0      0    405    277      0      0 
 15:00:12       0     16     42      -      0      0      0      0      0      0    405    277      0      0 
 15:00:13       0     15     42      -      0      0      0      0      0      0    405    277      0      0 
 15:00:14       0     15     42      -      0      0      0      0      0      0    405    277      0      0 
 15:00:15       0     15     42      -      0      0      0      0      0      0    405    277      0      0 
 15:00:16       0     15     42      -      0      0      0      0      0      0    405    277      0      0 
 15:00:17       0     15     42      -      0      0      0      0      0      0    405    277      0      0 
 15:00:18       0     15     42      -      0      0      0      0      0      0    405    277      0      0 
 15:00:19       0     15     42      -      1      0      0      0      0      0    405    277     49      7 
 15:00:20       0     16     42      -      0      0      0      0      0      0    405    277      0      0 
 15:00:21       0     15     42      -      0      4      0      0      0      0    405    277      0      0 
 15:00:22       0     15     42      -      0      0      0      0      0      0    405    277      0      0 
 15:00:23       0     15     42      -      0      0      0      0      0      0    405    277      0      0 
 15:00:24       0     15     42      -      0      0      0      0      0      0    405    277      0      1 
 15:00:25       0     15     42      -      0      0      0      0      0      0    405    277      0      0 
 15:00:26       0     15     42      -      0      0      0      0      0      0    405    277      0      0 
 15:00:27       0     15     42      -      0      0      0      0      0      0    405    277      0      0 
 15:00:28       0     15     42      -      0      0      0      0      0      0    405    277      0      0 
 15:00:29       0     15     42      -      0      0      0      0      0      0    405    277      0      0 
 15:00:30       0     15     42      -      0      0      0      0      0      0    405    277      0      0 
 15:00:31       0     14     42      -      0      0      0      0      0      0    405    277      0      0 
 15:00:32       0     14     42      -      0      0      0      0      0      0    405    277      0      0 
 15:00:33       0     15     42      -      0      0      0      0      0      0    405    277      0      0 
 15:00:34       0     15     42      -      0      0      0      0      0      0    405    277      0      0 
 15:00:35       0     15     42      -      0      0      0      0      0      0    405    277      0      0 
 15:00:37       0     15     42      -      0      8      0      0      0      0    405    277      0      0 
 15:00:38       0     15     42      -      0      0      0      0      0      0    405    277     57      0 
 15:00:39       0     16     42      -      0      0      0      0      0      0    405    277      0     11 
 15:00:41       0     15     42      -      0      0      0      0      0      0    405    277      0      0 
 15:00:42       0     15     42      -      0      0      0      0      0      0    405    277      0      0 
 15:00:43       0     15     42      -      0      3      0      0      0      0    405    277      0      0 
 15:00:44       0     15     42      -      0      0      0      0      0      0    405    277      0      0 
 15:00:45       0     15     42      -      0      0      0      0      0      0    405    277      0      1 
 15:00:46       0     15     42      -      0      0      0      0      0      0    405    277      0      1 
 15:00:47       0     15     42      -      0      0      0      0      0      0    405    277      0      0 
 15:00:48       0     15     42      -      0      0      0      0      0      0    405    277      0      0 
 15:00:49       0     16     42      -      0      0      0      0      0      0    405    277      0      0 
 15:00:50       0     15     42      -      0      0      0      0      0      0    405    277      0      0 
 15:00:51       0     15     42      -      0      4      0      0      0      0    405    277      0      0 
 15:00:52       0     15     42      -      0      0      0      0      0      0    405    277      0      0 
 15:00:53       0     15     42      -      0      0      0      0      0      0    405    277      0      0 
 15:00:54       0     15     42      -      0      0      0      0      0      0    405    277      0      0 
#Time         gpu    pwr  gtemp  mtemp     sm    mem    enc    dec    jpg    ofa   mclk   pclk  rxpci  txpci 
#HH:MM:SS     Idx      W      C      C      %      %      %      %      %      %    MHz    MHz   MB/s   MB/s 
 15:00:55       0     15     42      -      0      0      0      0      0      0    405    277      0      0 
 15:00:56       0     15     42      -      0      0      0      0      0      0    405    277      0      0 
 15:00:57       0     15     42      -      0      0      0      0      0      0    405    277      0      0 
 15:00:58       0     16     42      -      0      0      0      0      0      0    405    277      0      0 
 15:00:59       0     15     42      -      0      0      0      0      0      0    405    277      0      7 
 15:01:00       0     15     42      -      0      0      0      0      0      0    405    277     45      0 
 15:01:01       0     15     42      -      0      0      0      0      0      0    405    277      0      0 
 15:01:02       0     15     42      -      0      0      0      0      0      0    405    277      0      0 
 15:01:03       0     16     42      -      0      0      0      0      0      0    405    277      0      0 
 15:01:04       0     15     42      -      0      0      0      0      0      0    405    277      0      0 
 15:01:05       0     15     42      -      0      0      0      0      0      0    405    277      0      0 
 15:01:06       0     15     42      -      0      0      0      0      0      0    405    277      0      0 
 15:01:07       0     15     42      -      0      0      0      0      0      0    405    277      0      0 
 15:01:08       0     15     42      -      0      0      0      0      0      0    405    277      0      0 
 15:01:09       0     15     42      -      0      0      0      0      0      0    405    277      0      1 
 15:01:10       0     15     42      -      0      0      0      0      0      0    405    277      0      0 
 15:01:11       0     15     42      -      0      0      0      0      0      0    405    277      0      0 
 15:01:13       0     16     42      -      0      8      0      0      0      0    405    277      0      0 
 15:01:14       0     15     42      -      0      0      0      0      0      0    405    277      0      0 
 15:01:15       0     15     42      -      0      0      0      0      0      0    405    277      0      0 
 15:01:16       0     14     42      -      0      0      0      0      0      0    405    277      0      0 
 15:01:17       0     14     42      -      0      0      0      0      0      0    405    277      0      0 
 15:01:18       0     14     42      -      0      0      0      0      0      0    405    277      0      0 
 15:01:19       0     14     42      -      0      0      0      0      0      0    405    270     44      8 
 15:01:20       0     14     42      -      0      0      0      0      0      0    405    277      0      0 
 15:01:21       0     15     42      -      0      0      0      0      0      0    405    277      0      0 
 15:01:22       0     16     42      -      0      0      0      0      0      0    405    277      0      0 
 15:01:23       0     15     42      -      0      0      0      0      0      0    405    277      0      0 
 15:01:24       0     15     42      -      0      0      0      0      0      0    405    277      0      0 
 15:01:25       0     15     42      -      0      0      0      0      0      0    405    277      0      0 
 15:01:26       0     15     42      -      0      0      0      0      0      0    405    277      0      0 
 15:01:27       0     15     42      -      0      0      0      0      0      0    405    277      0      0 
 15:01:29       0     15     42      -      0      0      0      0      0      0    405    270      0      0 
 15:01:30       0     15     42      -      1      0      0      0      0      0    405    277      0      0 
 15:01:31       0     16     42      -      0      0      0      0      0      0    405    277      0      0 
 15:01:32       0     15     42      -      0      0      0      0      0      0    405    277      0      0 
 15:01:33       0     15     42      -      0      0      0      0      0      0    405    277      0      1 
 15:01:34       0     15     42      -      0      0      0      0      0      0    405    277      0      0 
 15:01:35       0     15     42      -      0      0      0      0      0      0    405    277      0      0 
 15:01:36       0     15     42      -      0      0      0      0      0      0    405    277      0      0 
 15:01:37       0     15     42      -      0      0      0      0      0      0    405    277      0      0 
 15:01:38       0     15     42      -      0      0      0      0      0      0    405    277      0      0 
 15:01:39       0     15     42      -      0      0      0      0      0      0    405    277      0      7 
 15:01:40       0     15     42      -      0      0      0      0      0      0    405    277      0      0 
#Time         gpu    pwr  gtemp  mtemp     sm    mem    enc    dec    jpg    ofa   mclk   pclk  rxpci  txpci 
#HH:MM:SS     Idx      W      C      C      %      %      %      %      %      %    MHz    MHz   MB/s   MB/s 
 15:01:41       0     16     42      -      0      0      0      0      0      0    405    277      0      0 
 15:01:42       0     15     42      -      0      0      0      0      0      0    405    277      0      0 
 15:01:43       0     15     42      -      0      0      0      0      0      0    405    277      0      0 
 15:01:44       0     15     42      -      0      0      0      0      0      0    405    277      0      1 
 15:01:45       0     15     42      -      0      0      0      0      0      0    405    277      0      0 
 15:01:47       0     15     42      -      0      0      0      0      0      0    405    277      0      0 
 15:01:48       0     15     42      -      0      0      0      0      0      0    405    277      0      0 
 15:01:49       0     16     42      -      1      0      0      0      0      0    405    277     20      6 
 15:01:50       0     43     43      -      1      0      0      0      0      0  15016   2625      0      0 
 15:01:51       0     42     43      -     20      7      0      0      0      0  15016   2610      0      0 
 15:01:52       0     34     43      -     40     11      0      0      0      0   7001    810  59845   5188 
 15:01:53       0    196     54      -    100     52      0      0      0      0  15016   2940  44446   2392 
 15:01:54       0    291     64      -     85     31      0      0      0      0  15016   2895     52     17 
 15:01:55       0     58     48      -      0      0      0      0      0      0  15016   2947      0      1 
 15:01:56       0    102     59      -     93     44      0      0      0      0  15016   2460  32105   3169 
 15:01:57       0    206     51      -     58     32      0      0      0      0  15016   2910      1      1 
 15:01:58       0     57     47      -      0      0      0      0      0      0  15016   2947      0      0 
 15:01:59       0     46     45      -      0      0      0      0      0      0   7001   2790      1      0 
 15:02:00       0     28     44      -      0      0      0      0      0      0   7001    412     66      0 
 15:02:01       0     27     44      -      0      0      0      0      0      0   7001    277      0      0 
 15:02:02       0     27     44      -      0      0      0      0      0      0   7001    277      0      0 
 15:02:03       0     27     44      -      0      0      0      0      0      0   7001    277      0      0 
 15:02:04       0     27     44      -      0      0      0      0      0      0   7001    277      0      0 
 15:02:05       0     20     44      -      0      0      0      0      0      0    810    277      0      1 
 15:02:07       0     18     44      -      0      0      0      0      0      0    810    277      0      0 
 15:02:08       0     15     44      -      0      0      0      0      0      0    405    277      0      0 
 15:02:09       0     15     44      -      0      0      0      0      0      0    405    277      0      0 
 15:02:10       0     15     44      -      0      0      0      0      0      0    405    277      0      0 
 15:02:11       0     15     43      -      0      0      0      0      0      0    405    277      0      0 
 15:02:12       0     15     43      -      0      0      0      0      0      0    405    277      0      0 
 15:02:13       0     15     43      -      0      0      0      0      0      0    405    277      0      0 
 15:02:14       0     15     43      -      0      0      0      0      0      0    405    277      0      0 
 15:02:15       0     15     43      -      0      0      0      0      0      0    405    277      0      0 
 15:02:16       0     15     43      -      0      0      0      0      0      0    405    277      0      0 
 15:02:17       0     15     43      -      0      0      0      0      0      0    405    277      0      0 
 15:02:18       0     62     50      -     90     49      0      0      0      0  15016   2917    225    622 
 15:02:19       0    171     53      -     87     50      0      0      0      0  15016   2910      0      1 
 15:02:21       0    314     67      -    100     42      0      0      0      0  15016   2887  47646     28 
 15:02:22       0    333     67      -    100     34      0      0      0      0  15016   2872     48   1224 
 15:02:23       0    328     69      -    100     27      0      0      0      0  15016   2865  37974   1169 
 15:02:24       0    221     60      -     93     56      0      0      0      0  15016   2895      0      1 
 15:02:25       0    273     67      -     99     41      0      0      0      0  15016   2872  28185   3778 
 15:02:26       0    336     65      -    100     30      0      0      0      0  15016   2865      0   2082 
 15:02:27       0    331     73      -    100     29      0      0      0      0  15016   2865  13909   2926 
#Time         gpu    pwr  gtemp  mtemp     sm    mem    enc    dec    jpg    ofa   mclk   pclk  rxpci  txpci 
#HH:MM:SS     Idx      W      C      C      %      %      %      %      %      %    MHz    MHz   MB/s   MB/s 
 15:02:28       0    329     74      -    100     20      0      0      0      0  15016   2865      1      0 
 15:02:29       0    328     74      -    100     26      0      0      0      0  15016   2872      1      2 
 15:02:30       0    330     74      -    100     25      0      0      0      0  15016   2865      1   1284 
 15:02:31       0    324     75      -    100     21      0      0      0      0  15016   2865  41926      1 
 15:02:32       0    314     73      -    100     14      0      0      0      0  15016   2872  45660   3086 
 15:02:33       0    283     72      -    100     17      0      0      0      0  15016   2865  30911   3559 
 15:02:34       0    272     63      -    100     16      0      0      0      0  15016   2880      0      0 
 15:02:35       0    276     71      -    100     16      0      0      0      0  15016   2865  24188   3609 
 15:02:36       0    276     71      -    100     16      0      0      0      0  15016   2865      0      1 
 15:02:37       0    277     70      -    100     13      0      0      0      0  15016   2872      0      0 
 15:02:38       0    265     70      -     96     42      0      0      0      0  15016   2865    931    253 
 15:02:39       0    161     56      -      3      1      0      0      0      0  15016   2932      0      1 
 15:02:40       0    319     73      -    100     36      0      0      0      0  15016   2850  43417    395 
 15:02:41       0    335     75      -    100     35      0      0      0      0  15016   2865  19228      1 
 15:02:42       0    332     75      -    100     27      0      0      0      0  15016   2865  24112      2 
 15:02:43       0    332     74      -    100     20      0      0      0      0  15016   2865  21020   2747 
 15:02:44       0    331     74      -    100     19      0      0      0      0  15016   2865      1      2 
 15:02:45       0    331     73      -    100     20      0      0      0      0  15016   2857      0      2 
 15:02:46       0    329     75      -    100     16      0      0      0      0  15016   2872  41167      1 
 15:02:47       0    307     74      -    100     16      0      0      0      0  15016   2865      0      0 
 15:02:48       0    286     72      -    100     14      0      0      0      0  15016   2865      1      0 
 15:02:49       0    272     72      -    100     16      0      0      0      0  15016   2872      2      0 
 15:02:50       0    280     70      -    100     16      0      0      0      0  15016   2865      0      0 
 15:02:51       0    277     71      -     99     16      0      0      0      0  15016   2865  14818   3004 
 15:02:52       0    276     70      -    100     16      0      0      0      0  15016   2880  36456   3066 
 15:02:54       0    277     71      -    100     16      0      0      0      0  15016   2865  33756   1718 
 15:02:55       0    273     71      -    100     11      0      0      0      0  15016   2872      0      0 
 15:02:56       0    275     71      -    100     16      0      0      0      0  15016   2865      0      0 
 15:02:57       0    275     71      -    100      2      0      0      0      0  15016   2872      1      0 
 15:02:58       0    272     71      -    100     15      0      0      0      0  15016   2865      0      0 
 15:02:59       0    271     71      -    100     16      0      0      0      0  15016   2872  44517    307 
 15:03:00       0    272     71      -     99     16      0      0      0      0  15016   2872      0      1 
 15:03:01       0    272     71      -    100     16      0      0      0      0  15016   2872      0      0 
 15:03:02       0    271     71      -    100     16      0      0      0      0  15016   2872      0    982 
 15:03:03       0    272     71      -    100     15      0      0      0      0  15016   2872  37246   1667 
 15:03:04       0    268     71      -    100      2      0      0      0      0  15016   2865  35136   1688 
 15:03:05       0    270     71      -    100      2      0      0      0      0  15016   2865  34725   1390 
 15:03:06       0    269     71      -    100      2      0      0      0      0  15016   2865  28855      9 
 15:03:07       0    267     71      -    100     16      0      0      0      0  15016   2865      0   1999 
 15:03:08       0    271     71      -    100      2      0      0      0      0  15016   2872      0      0 
 15:03:09       0    270     71      -    100     16      0      0      0      0  15016   2865      0      0 
 15:03:10       0    266     71      -     99      7      0      0      0      0  15016   2865      1      0 
 15:03:11       0    265     70      -    100      8      0      0      0      0  15016   2887      0      1 
 15:03:12       0    266     71      -    100      5      0      0      0      0  15016   2887  24184   4066 
#Time         gpu    pwr  gtemp  mtemp     sm    mem    enc    dec    jpg    ofa   mclk   pclk  rxpci  txpci 
#HH:MM:SS     Idx      W      C      C      %      %      %      %      %      %    MHz    MHz   MB/s   MB/s 
 15:03:13       0    226     63      -     94     63      0      0      0      0  15016   2895   1028    153 
 15:03:14       0    275     70      -     98     46      0      0      0      0  15016   2857    936    154 
 15:03:15       0    223     66      -     87     43      0      0      0      0  15016   2895  46208   2082 
 15:03:16       0    341     72      -    100     40      0      0      0      0  15016   2842  36934   2018 
 15:03:17       0    331     75      -     99     28      0      0      0      0  15016   2850  21098      1 
 15:03:18       0    309     76      -     97     36      0      0      0      0  15016   2857    124     89 
 15:03:19       0    186     62      -     12      5      0      0      0      0  15016   2887  24107   3397 
 15:03:20       0    342     72      -    100     39      0      0      0      0  15016   2857  46799    106 
 15:03:21       0    335     75      -    100     34      0      0      0      0  15016   2857  11379   4935 
 15:03:23       0    333     76      -    100     30      0      0      0      0  15016   2857      1      2 
 15:03:24       0    332     75      -    100     27      0      0      0      0  15016   2857      1      2 
 15:03:25       0    331     77      -    100     15      0      0      0      0  15016   2857  44880    258 
 15:03:26       0    329     76      -    100     15      0      0      0      0  15016   2865  44906   2368 
 15:03:28       0    329     77      -    100     20      0      0      0      0  15016   2850      1      2 
 15:03:29       0    297     71      -    100     16      0      0      0      0  15016   2865     97      1 
 15:03:30       0    285     70      -    100     13      0      0      0      0  15016   2865      0      2 
 15:03:31       0    271     71      -    100      9      0      0      0      0  15016   2880  25608      1 
 15:03:32       0    281     72      -    100     16      0      0      0      0  15016   2865      0      0 
 15:03:33       0    276     72      -    100     13      0      0      0      0  15016   2865      0      0 
 15:03:34       0    279     71      -    100     13      0      0      0      0  15016   2857      0      1 
 15:03:35       0    233     63      -     94     60      0      0      0      0  15016   2887   1167    122 
 15:03:36       0    191     68      -    100     50      0      0      0      0  15016   2880  30952   2750 
 15:03:37       0    341     74      -    100     38      0      0      0      0  15016   2850  24092      2 
 15:03:38       0    332     75      -     99     32      0      0      0      0  15016   2857  18323      1 
 15:03:39       0    334     75      -    100     23      0      0      0      0  15016   2857      1   2085 
 15:03:40       0    333     74      -    100     24      0      0      0      0  15016   2857  46490   2111 
 15:03:41       0    331     77      -    100     15      0      0      0      0  15016   2865      1      2 
 15:03:42       0    329     75      -    100     25      0      0      0      0  15016   2872  34756   1998 
 15:03:43       0    329     77      -    100     17      0      0      0      0  15016   2865      0      1 
 15:03:44       0    288     73      -    100     16      0      0      0      0  15016   2865      0      0 
 15:03:45       0    285     72      -    100     15      0      0      0      0  15016   2857      0      1 
 15:03:46       0    269     72      -    100     16      0      0      0      0  15016   2880      0   1663 
 15:03:47       0    278     72      -    100     16      0      0      0      0  15016   2865      0      1 
 15:03:48       0    279     72      -    100     16      0      0      0      0  15016   2865      0      0 
 15:03:49       0    278     72      -    100     16      0      0      0      0  15016   2865      0      0 
 15:03:50       0    276     72      -     99     12      0      0      0      0  15016   2865     95      0 
 15:03:51       0    273     72      -    100     16      0      0      0      0  15016   2865      0      0 
 15:03:52       0    276     71      -    100      2      0      0      0      0  15016   2865  24162   4129 
 15:03:53       0    275     69      -    100     16      0      0      0      0  15016   2865      0      0 
 15:03:54       0    272     71      -    100     14      0      0      0      0  15016   2865  43686   3009 
 15:03:55       0    277     71      -    100      2      0      0      0      0  15016   2865      0      0 
 15:03:56       0    271     71      -    100     16      0      0      0      0  15016   2865      0      0 
 15:03:57       0    271     71      -    100      2      0      0      0      0  15016   2887  24164   3374 
 15:03:58       0    272     71      -    100      2      0      0      0      0  15016   2865      1      0 
#Time         gpu    pwr  gtemp  mtemp     sm    mem    enc    dec    jpg    ofa   mclk   pclk  rxpci  txpci 
#HH:MM:SS     Idx      W      C      C      %      %      %      %      %      %    MHz    MHz   MB/s   MB/s 
 15:03:59       0    272     71      -    100      2      0      0      0      0  15016   2872      1      0 
 15:04:01       0    269     71      -    100      2      0      0      0      0  15016   2865      0      0 
 15:04:02       0    272     71      -    100     16      0      0      0      0  15016   2865      0      0 
 15:04:03       0    268     71      -     99     10      0      0      0      0  15016   2865      0      0 
 15:04:04       0    267     71      -    100      2      0      0      0      0  15016   2857  33539      2 
 15:04:05       0    270     71      -    100     16      0      0      0      0  15016   2865      0   1583 
 15:04:06       0    272     71      -    100      2      0      0      0      0  15016   2865      0      0 
 15:04:07       0    264     69      -    100      4      0      0      0      0  15016   2872      0      1 
 15:04:08       0    268     68      -    100      6      0      0      0      0  15016   2895      0      0 
 15:04:09       0    258     67      -    100      5      0      0      0      0  15016   2872    729    120 
 15:04:10       0    187     62      -     12      7      0      0      0      0  15016   2902      0      0 
 15:04:11       0     62     53      -      0      0      0      0      0      0  15016   2932      1      1 
 15:04:12       0     52     50      -      0      0      0      0      0      0  15016    645      0     16 
 15:04:13       0     32     49      -      0      0      0      0      0      0   7001    405      0      0 
 15:04:14       0     31     49      -      0      0      0      0      0      0   7001    405      1      0 
 15:04:15       0     31     48      -      0      0      0      0      0      0   7001    277      0      0 
 15:04:16       0     26     47      -      0      0      0      0      0      0    810    285     26      5 
 15:04:17       0     21     47      -      5      0      0      0      0      0    810    277      1      0 
 15:04:18       0     18     46      -      0      0      0      0      0      0    405    277      0      0 
