#Time         gpu    pwr  gtemp  mtemp     sm    mem    enc    dec    jpg    ofa   mclk   pclk  rxpci  txpci 
#HH:MM:SS     Idx      W      C      C      %      %      %      %      %      %    MHz    MHz   MB/s   MB/s 
 15:10:11       0     15     44      -      0      0      0      0      0      0    405    277      0      6 
 15:10:12       0     15     44      -      0      0      0      0      0      0    405    277     45      0 
 15:10:13       0     15     44      -      0      0      0      0      0      0    405    277      0      0 
 15:10:14       0     15     44      -      0      0      0      0      0      0    405    277      0      0 
 15:10:15       0     15     44      -      0      0      0      0      0      0    405    277      0      0 
 15:10:16       0     15     44      -      0      0      0      0      0      0    405    277      0      1 
 15:10:17       0     15     44      -      0      0      0      0      0      0    405    277      0      0 
 15:10:18       0     15     44      -      0      0      0      0      0      0    405    277      0      0 
 15:10:19       0     15     44      -      0      0      0      0      0      0    405    277      0      0 
 15:10:20       0     15     44      -      0      0      0      0      0      0    405    277      0      0 
 15:10:21       0     33     45      -      1      0      0      0      0      0  15016   2610      9      1 
 15:10:22       0     44     45      -      0      0      0      0      0      0  15016   2617      0      5 
 15:10:23       0     46     45      -      4      1      0      0      0      0  15016   2632    628    169 
 15:10:24       0     47     45      -      6      1      0      0      0      0  15016   2685   1628    141 
 15:10:25       0     45     45      -     13      2      0      0      0      0  15016   2617      0      0 
 15:10:26       0     43     45      -      0      0      0      0      0      0  15016   2610      0      0 
 15:10:27       0     31     45      -      0      0      0      0      0      0   7001    817      0      1 
 15:10:28       0     19     44      -      2      0      0      0      0      0    810    390      1      0 
 15:10:29       0     17     44      -      0      0      0      0      0      0    405    277    174     22 
 15:10:30       0     17     44      -      0      0      0      0      0      0    405    277      0      0 
 15:10:31       0     16     44      -      0      0      0      0      0      0    405    277     44      0 
 15:10:32       0     15     44      -      0      0      0      0      0      0    405    277      0      0 
 15:10:33       0     15     44      -      0      0      0      0      0      0    405    277      0      0 
 15:10:34       0     15     44      -      0      0      0      0      0      0    405    277      0      0 
 15:10:35       0     15     44      -      0      0      0      0      0      0    405    277      0      0 
 15:10:36       0     15     44      -      0      4      0      0      0      0    405    277      0      0 
 15:10:37       0     15     44      -      0      0      0      0      0      0    405    277      0      1 
 15:10:38       0     15     44      -      0      0      0      0      0      0    405    277      0      0 
 15:10:39       0     15     44      -      0      0      0      0      0      0    405    277      0      0 
 15:10:40       0     22     44      -     26      9      0      0      0      0  15016    300     53     17 
 15:10:42       0     45     45      -      0      0      0      0      0      0  15016   2610      0      0 
 15:10:43       0     37     45      -      0      0      0      0      0      0   7001   1380      0      0 
 15:10:44       0     30     44      -      0      0      0      0      0      0   7001    517      0      0 
 15:10:45       0     28     44      -      0      0      0      0      0      0   7001    330      0      0 
 15:10:47       0     27     44      -      0      0      0      0      0      0   7001    277      0      0 
 15:10:48       0     28     44      -      0      0      0      0      0      0   7001    277      0      0 
 15:10:49       0     23     44      -      0      0      0      0      0      0    810    285      1      0 
 15:10:50       0     17     44      -      0      0      0      0      0      0    810    270      0      0 
 15:10:51       0     17     44      -      0      0      0      0      0      0    405    277      0      0 
 15:10:52       0     15     44      -      0      0      0      0      0      0    405    277      0      0 
 15:10:53       0     31     46      -    100     11      0      0      0      0  15016   2947     49     11 
 15:10:54       0     56     46      -      0      0      0      0      0      0  15016   2947      0      0 
 15:10:55       0     45     45      -      0      0      0      0      0      0   7001   2332      0      0 
 15:10:56       0     28     45      -      0      0      0      0      0      0   7001    405      0      0 
#Time         gpu    pwr  gtemp  mtemp     sm    mem    enc    dec    jpg    ofa   mclk   pclk  rxpci  txpci 
#HH:MM:SS     Idx      W      C      C      %      %      %      %      %      %    MHz    MHz   MB/s   MB/s 
 15:10:57       0     27     45      -      0      0      0      0      0      0   7001    405      0      0 
 15:10:58       0     21     44      -      0      0      0      0      0      0   7001    277      0      0 
 15:10:59       0     16     44      -      0      0      0      0      0      0    810    277      0      0 
 15:11:00       0     16     44      -      0      0      0      0      0      0    810    277      0      0 
 15:11:00       0     15     44      -      0      0      0      0      0      0    405    277      0      0 
 15:11:01       0     15     44      -      0      0      0      0      0      0    405    277      0      0 
 15:11:02       0     17     44      -      1      0      0      0      0      0    405    360      0     11 
 15:11:03       0     17     44      -      0      0      0      0      0      0    405    345      0      0 
 15:11:04       0     31     45      -      0      0      0      0      0      0  15016   1492      0      0 
 15:11:05       0     35     45      -      0      0      0      0      0      0  15016   1500      1      0 
 15:11:06       0     27     44      -      0      0      0      0      0      0   7001    307      0      0 
 15:11:07       0     21     44      -      0      0      0      0      0      0   7001    277      0      0 
 15:11:08       0     16     44      -      0      0      0      0      0      0    810    277   8073   1532 
 15:11:09       0     54     46      -      0      0      0      0      0      0  15016   2602      0      2 
 15:11:10       0     56     46      -      0      0      0      0      0      0   7001   2947      0      0 
 15:11:11       0     28     45      -      0      0      0      0      0      0   7001    435      0      0 
 15:11:12       0     27     45      -      0      0      0      0      0      0   7001    277      0      0 
 15:11:13       0     19     44      -      0      0      0      0      0      0    810    277     45      9 
 15:11:16       0     17     44      -      0      0      0      0      0      0    810    277      0      0 
 15:11:17       0     16     44      -      0      0      0      0      0      0    405    277      0      0 
 15:11:18       0     16     44      -      0      0      0      0      0      0    405    277      0      0 
 15:11:19       0     15     44      -      0      0      0      0      0      0    405    277      0      0 
 15:11:20       0     15     44      -      0      0      0      0      0      0    405    277      0      0 
 15:11:21       0     16     44      -      0      0      0      0      0      0    405    382      0      1 
 15:11:22       0     16     44      -      0      0      0      0      0      0    405    277      0      0 
 15:11:23       0     15     44      -      0      0      0      0      0      0    405    277      0      1 
 15:11:24       0     28     45      -      0      0      0      0      0      0  15016   2767      0      0 
 15:11:25       0     45     45      -      0      0      0      0      0      0  15016   2617      0      0 
 15:11:26       0     33     45      -      0      0      0      0      0      0   7001    547      0      0 
 15:11:27       0     26     45      -      0      0      0      0      0      0    810    427      0      0 
 15:11:28       0     18     44      -      0      0      0      0      0      0    810    277      0      0 
 15:11:29       0     24     44      -     84     11      0      0      0      0    405    277      0      0 
 15:11:30       0     56     46      -      0      0      0      0      0      0  15016   2947      0      0 
 15:11:31       0     48     46      -      0      0      0      0      0      0  15016   2947      0      0 
 15:11:32       0     25     45      -      0      0      0      0      0      0    810    472      0      1 
 15:11:33       0     17     44      -      0      0      0      0      0      0    810    277      0      0 
 15:11:34       0     16     44      -      0      0      0      0      0      0    405    277      0      0 
 15:11:35       0     15     44      -      0      0      0      0      0      0    405    277     46      7 
 15:11:36       0     15     44      -      0      0      0      0      0      0    405    277      0      0 
 15:11:37       0     16     44      -      0      0      0      0      0      0    405    277      0      0 
 15:11:38       0     15     44      -      0      0      0      0      0      0    405    277      0      0 
 15:11:39       0     15     44      -      0      0      0      0      0      0    405    277      0      0 
 15:11:40       0     15     44      -      0      0      0      0      0      0    405    270      0      0 
 15:11:41       0     15     44      -      0      4      0      0      0      0    405    277   1545    755 
#Time         gpu    pwr  gtemp  mtemp     sm    mem    enc    dec    jpg    ofa   mclk   pclk  rxpci  txpci 
#HH:MM:SS     Idx      W      C      C      %      %      %      %      %      %    MHz    MHz   MB/s   MB/s 
 15:11:42       0     60     46      -      0      0      0      0      0      0  15016   2880      0      0 
 15:11:43       0     56     46      -      0      0      0      0      0      0  15016   2947      0      0 
 15:11:44       0     29     45      -      0      0      0      0      0      0   7001    465      0      0 
 15:11:45       0     28     45      -      0      0      0      0      0      0   7001    465      0      0 
 15:11:46       0     17     45      -      0      0      0      0      0      0   7001    292      0      0 
 15:11:47       0     17     44      -      0      0      0      0      0      0    810    277      0      0 
 15:11:49       0     16     44      -      0      0      0      0      0      0    405    277      0      0 
 15:11:51       0     22     44      -     82     21      0      0      0      0    405    367  53107  10105 
 15:11:52       0     79     47      -      0      0      0      0      0      0  15016   2947      0      0 
 15:11:53       0     56     47      -      0      0      0      0      0      0  15016   2947      0      1 
 15:11:54       0     35     45      -      0      0      0      0      0      0   7001    480      0      0 
 15:11:55       0     29     45      -      0      0      0      0      0      0   7001    427      1      0 
 15:11:56       0     28     45      -      0      0      0      0      0      0   7001    277      0      0 
 15:11:57       0     36     46      -     11      1      0      0      0      0  15016   2317     48      0 
 15:11:58       0     56     47      -      0      0      0      0      0      0  15016   2947      0      0 
 15:11:59       0     40     46      -      0      0      0      0      0      0   7001    652      0      0 
 15:12:00       0     29     45      -      0      0      0      0      0      0    810    532      0      0 
 15:12:01       0     17     45      -      0      0      0      0      0      0    810    307      0      0 
 15:12:02       0     16     45      -      0      0      0      0      0      0    405    277      0      0 
 15:12:03       0     15     45      -      0      1      0      0      0      0    405    277      0      0 
 15:12:04       0     21     45      -     43     34      0      0      0      0    405    277  28465   6643 
 15:12:05       0    307     66      -    100     35      0      0      0      0  15016   2895  16924      2 
 15:12:06       0    162     51      -      0      0      0      0      0      0  15016   2932      0      0 
 15:12:07       0     58     48      -      0      0      0      0      0      0  15016   2947      0      1 
 15:12:08       0     33     46      -      0      0      0      0      0      0   7001    510      0      0 
 15:12:09       0     30     46      -      0      0      0      0      0      0   7001    450      0      0 
 15:12:10       0     29     46      -      0      0      0      0      0      0   7001    285      0      0 
 15:12:11       0     36     46      -      0      0      0      0      0      0  15016   1867      0      0 
 15:12:12       0     46     46      -      0      0      0      0      0      0  15016   2625      0      0 
 15:12:13       0     34     46      -      0      0      0      0      0      0   7001   1237      1      1 
 15:12:14       0     29     45      -      0      0      0      0      0      0   7001    382      0      0 
 15:12:15       0     24     45      -      0      0      0      0      0      0    810    285      0      0 
 15:12:16       0     18     45      -      0      0      0      0      0      0    810    277     11     10 
 15:12:17       0     17     45      -      0      0      0      0      0      0    405    277      0      0 
 15:12:18       0     17     45      -      0      0      0      0      0      0    405    322      0      0 
 15:12:19       0     17     45      -      0      1      0      0      0      0    405    277      0      0 
 15:12:20       0     16     45      -      0      0      0      0      0      0    405    277      0      0 
 15:12:21       0     16     45      -      1      1      0      0      0      0    405    277   1937    317 
 15:12:23       0     47     47      -      0      0      0      0      0      0  15016   2947      0      0 
 15:12:24       0    219     59      -    100     50      0      0      0      0  15016   2947  16326   1824 
 15:12:25       0    128     49      -      0      0      0      0      0      0  15016   2940      0      1 
 15:12:26       0     57     48      -      0      0      0      0      0      0  15016   2947      0      0 
 15:12:27       0     35     46      -      0      0      0      0      0      0   7001    615      0      0 
 15:12:28       0     30     46      -      0      0      0      0      0      0   7001    547      0      0 
#Time         gpu    pwr  gtemp  mtemp     sm    mem    enc    dec    jpg    ofa   mclk   pclk  rxpci  txpci 
#HH:MM:SS     Idx      W      C      C      %      %      %      %      %      %    MHz    MHz   MB/s   MB/s 
 15:12:29       0     28     46      -      0      0      0      0      0      0   7001    345      0      0 
 15:12:30       0     28     46      -      0      0      0      0      0      0   7001    277      0      0 
 15:12:31       0     28     46      -      0      0      0      0      0      0   7001    277      0      0 
 15:12:32       0     21     46      -      0      0      0      0      0      0   7001    277      0      0 
 15:12:33       0     18     45      -      0      0      0      0      0      0    810    277      0      0 
 15:12:34       0     16     45      -      0      0      0      0      0      0    810    277      0      1 
 15:12:35       0     16     45      -      0      0      0      0      0      0    405    277      0      0 
 15:12:36       0     16     45      -      0      0      0      0      0      0    405    277      0      0 
 15:12:37       0     16     45      -      0      0      0      0      0      0    405    277     74      3 
 15:12:38       0     16     45      -      0      0      0      0      0      0    405    277      0      0 
 15:12:39       0     16     45      -      0      0      0      0      0      0    405    277      0      0 
 15:12:40       0     16     45      -      0      0      0      0      0      0    405    277      0      0 
 15:12:41       0     16     45      -      0      0      0      0      0      0    405    277      0      0 
 15:12:42       0     15     45      -      0      0      0      0      0      0    405    270      0      0 
 15:12:43       0     15     45      -      0      0      0      0      0      0    405    277      0      0 
 15:12:44       0     15     45      -      0      0      0      0      0      0    405    277      0      1 
 15:12:45       0     47     52      -     92     47      0      0      0      0  15016   2925    251   1783 
 15:12:46       0    166     55      -     93     49      0      0      0      0  15016   2910   3561   2413 
 15:12:47       0    295     68      -    100     35      0      0      0      0  15016   2880  30686   3063 
 15:12:48       0    328     71      -    100     30      0      0      0      0  15016   2865  28140   3747 
 15:12:49       0    322     72      -    100     27      0      0      0      0  15016   2872  15360      2 
 15:12:50       0    240     61      -     93     52      0      0      0      0  15016   2895    883    580 
 15:12:51       0    228     67      -    100     49      0      0      0      0  15016   2925  29725   3560 
 15:12:52       0    330     69      -     99     31      0      0      0      0  15016   2865  17920   5628 
 15:12:53       0    327     73      -     99     27      0      0      0      0  15016   2865      2      0 
 15:12:54       0    327     71      -     99     22      0      0      0      0  15016   2857      1      0 
 15:12:57       0    328     73      -    100     29      0      0      0      0  15016   2865      2      2 
 15:12:58       0    328     73      -    100     26      0      0      0      0  15016   2865      1   5153 
 15:12:59       0    325     77      -    100     15      0      0      0      0  15016   2872      1      1 
 15:13:00       0    322     77      -    100     16      0      0      0      0  15016   2872     46      0 
 15:13:01       0    287     74      -    100     16      0      0      0      0  15016   2865      0      0 
 15:13:02       0    285     73      -    100     16      0      0      0      0  15016   2865      0      0 
 15:13:03       0    189     69      -    100     16      0      0      0      0  15016   2917      1      0 
 15:13:04       0    279     70      -    100      6      0      0      0      0  15016   2872      0      0 
 15:13:05       0    277     72      -    100     13      0      0      0      0  15016   2865      1      0 
 15:13:06       0    276     72      -    100     14      0      0      0      0  15016   2865      0      1 
 15:13:07       0    246     72      -     94     53      0      0      0      0  15016   2872   1617    233 
 15:13:08       0    156     55      -      3      1      0      0      0      0  15016   2917  12296   4305 
 15:13:09       0    332     70      -    100     42      0      0      0      0  15016   2865  28273   3411 
 15:13:10       0    330     74      -    100     30      0      0      0      0  15016   2857      1   6138 
 15:13:11       0    329     76      -    100     23      0      0      0      0  15016   2865  18180      3 
 15:13:12       0    329     73      -    100     25      0      0      0      0  15016   2865      0   2923 
 15:13:13       0    329     77      -    100     18      0      0      0      0  15016   2865  17450      3 
 15:13:14       0    331     77      -    100     15      0      0      0      0  15016   2865      1      1 
#Time         gpu    pwr  gtemp  mtemp     sm    mem    enc    dec    jpg    ofa   mclk   pclk  rxpci  txpci 
#HH:MM:SS     Idx      W      C      C      %      %      %      %      %      %    MHz    MHz   MB/s   MB/s 
 15:13:15       0    323     75      -    100     15      0      0      0      0  15016   2865      0      1 
 15:13:16       0    310     77      -    100     16      0      0      0      0  15016   2865      2      0 
 15:13:17       0    286     73      -    100     13      0      0      0      0  15016   2865      2      1 
 15:13:18       0    272     72      -    100     16      0      0      0      0  15016   2902      0      0 
 15:13:19       0    280     72      -    100     16      0      0      0      0  15016   2865      9      1 
 15:13:20       0    279     72      -    100     16      0      0      0      0  15016   2865     18      0 
 15:13:21       0    278     72      -    100     16      0      0      0      0  15016   2865      0      1 
 15:13:22       0    277     72      -    100     16      0      0      0      0  15016   2865      0      0 
 15:13:23       0    275     72      -    100      2      0      0      0      0  15016   2872      1      0 
 15:13:24       0    277     72      -    100     16      0      0      0      0  15016   2865  23405   1927 
 15:13:25       0    275     72      -    100     14      0      0      0      0  15016   2872      0      0 
 15:13:26       0    270     71      -    100      3      0      0      0      0  15016   2865    369      0 
 15:13:27       0    277     72      -    100     16      0      0      0      0  15016   2865      0      0 
 15:13:28       0    271     72      -    100     16      0      0      0      0  15016   2865  19844   1685 
 15:13:30       0    271     71      -    100     14      0      0      0      0  15016   2865      0      0 
 15:13:31       0    274     70      -    100     16      0      0      0      0  15016   2865      0      0 
 15:13:32       0    271     71      -    100     16      0      0      0      0  15016   2865      0      0 
 15:13:33       0    270     71      -    100     16      0      0      0      0  15016   2865      0      0 
 15:13:34       0    272     71      -    100     14      0      0      0      0  15016   2872      0      0 
 15:13:35       0    271     71      -    100     16      0      0      0      0  15016   2865      0      0 
 15:13:36       0    269     71      -    100     16      0      0      0      0  15016   2865      1      0 
 15:13:37       0    271     72      -    100      3      0      0      0      0  15016   2872      0      0 
 15:13:38       0    271     71      -    100      2      0      0      0      0  15016   2865      1      0 
 15:13:39       0    269     71      -    100      2      0      0      0      0  15016   2865      3   2827 
 15:13:40       0    262     71      -    100     12      0      0      0      0  15016   2872  33932      4 
 15:13:41       0    264     71      -    100     12      0      0      0      0  15016   2872      1      0 
 15:13:42       0    234     63      -     95     60      0      0      0      0  15016   2895    499    517 
 15:13:43       0    256     67      -    100     49      0      0      0      0  15016   2895  23900   3504 
 15:13:44       0    215     61      -     93     51      0      0      0      0  15016   2887     24   1732 
 15:13:45       0    332     72      -    100     39      0      0      0      0  15016   2865  13410      1 
 15:13:46       0    330     74      -    100     32      0      0      0      0  15016   2865  30491    776 
 15:13:47       0    328     72      -    100     26      0      0      0      0  15016   2865      1   3023 
 15:13:48       0    227     64      -     93     53      0      0      0      0  15016   2880   1304   1836 
 15:13:49       0    259     67      -    100     49      0      0      0      0  15016   2925  14783   2840 
 15:13:50       0    331     74      -     99     30      0      0      0      0  15016   2857  22245   5971 
 15:13:51       0    329     75      -    100     29      0      0      0      0  15016   2865  20357   5814 
 15:13:52       0    329     74      -    100     23      0      0      0      0  15016   2865  29837   3778 
 15:13:53       0    329     75      -    100     16      0      0      0      0  15016   2865   9985   3379 
 15:13:54       0    329     77      -    100     15      0      0      0      0  15016   2865  15315   5953 
 15:13:55       0    323     76      -    100     22      0      0      0      0  15016   2872      1      1 
 15:13:56       0    321     74      -     99     23      0      0      0      0  15016   2865      0      0 
 15:13:57       0    288     74      -    100     16      0      0      0      0  15016   2872      0      0 
 15:13:58       0    278     71      -    100     16      0      0      0      0  15016   2865      1      0 
 15:13:59       0    279     72      -    100     17      0      0      0      0  15016   2872      0      1 
#Time         gpu    pwr  gtemp  mtemp     sm    mem    enc    dec    jpg    ofa   mclk   pclk  rxpci  txpci 
#HH:MM:SS     Idx      W      C      C      %      %      %      %      %      %    MHz    MHz   MB/s   MB/s 
 15:14:00       0    280     72      -    100     17      0      0      0      0  15016   2865  15916      2 
 15:14:01       0    276     72      -    100     13      0      0      0      0  15016   2895      9      1 
 15:14:04       0    278     72      -    100     14      0      0      0      0  15016   2865     49      0 
 15:14:05       0    199     62      -     94     57      0      0      0      0  15016   2887    876   1148 
 15:14:06       0    219     67      -    100     50      0      0      0      0  15016   2895    178   3414 
 15:14:07       0    330     74      -     99     36      0      0      0      0  15016   2857      0   2229 
 15:14:08       0    329     72      -     98     27      0      0      0      0  15016   2857  29568   5064 
 15:14:09       0    330     72      -    100     23      0      0      0      0  15016   2857  17646   2773 
 15:14:10       0    330     74      -    100     29      0      0      0      0  15016   2865   8076   3153 
 15:14:11       0    330     76      -    100     26      0      0      0      0  15016   2865  29981      2 
 15:14:12       0    327     74      -    100     15      0      0      0      0  15016   2865      0   3105 
 15:14:13       0    323     74      -    100     15      0      0      0      0  15016   2865  18258   1645 
 15:14:14       0    291     71      -    100     16      0      0      0      0  15016   2865  19006      2 
 15:14:15       0    285     72      -    100     16      0      0      0      0  15016   2865     65   2626 
 15:14:16       0    273     70      -    100     17      0      0      0      0  15016   2865      1      1 
 15:14:17       0    281     72      -    100     16      0      0      0      0  15016   2865      0   3204 
 15:14:18       0    277     73      -    100     16      0      0      0      0  15016   2865  17716   3955 
 15:14:19       0    278     72      -    100     16      0      0      0      0  15016   2865  34224   3275 
 15:14:20       0    275     70      -    100      3      0      0      0      0  15016   2865  16942   4172 
 15:14:21       0    276     72      -    100     17      0      0      0      0  15016   2865      0      0 
 15:14:22       0    277     72      -    100      2      0      0      0      0  15016   2865      1      0 
 15:14:23       0    275     72      -    100     16      0      0      0      0  15016   2872    100   5228 
 15:14:24       0    278     72      -    100     16      0      0      0      0  15016   2865      0      0 
 15:14:25       0    275     71      -    100     16      0      0      0      0  15016   2865      0   3200 
 15:14:26       0    273     72      -    100      9      0      0      0      0  15016   2872      9      1 
 15:14:27       0    275     69      -    100      4      0      0      0      0  15016   2865      0      0 
 15:14:28       0    272     71      -    100     16      0      0      0      0  15016   2865      0      0 
 15:14:29       0    271     71      -    100     18      0      0      0      0  15016   2865      0      0 
 15:14:30       0    273     70      -    100     17      0      0      0      0  15016   2865      1      0 
 15:14:31       0    273     71      -    100     15      0      0      0      0  15016   2865      0      0 
 15:14:32       0    270     71      -     99     16      0      0      0      0  15016   2865      1      0 
 15:14:33       0    269     71      -    100     16      0      0      0      0  15016   2865      0      0 
 15:14:34       0    272     71      -    100      2      0      0      0      0  15016   2865      0      1 
 15:14:35       0    270     71      -    100     13      0      0      0      0  15016   2865      3      1 
 15:14:38       0    265     71      -    100     12      0      0      0      0  15016   2880      0   3101 
 15:14:39       0    265     71      -    100     12      0      0      0      0  15016   2895  21042   7154 
 15:14:40       0    247     71      -     96     33      0      0      0      0  15016   2872    669    536 
 15:14:41       0    186     62      -     84     53      0      0      0      0  15016   2895      0      1 
 15:14:42       0     62     53      -      0      0      0      0      0      0  15016   2932      1      0 
 15:14:43       0     52     50      -      0      0      0      0      0      0   7001    592      0      0 
 15:14:44       0     33     49      -      0      0      0      0      0      0   7001    367      0      0 
 15:14:45       0     31     48      -      0      0      0      0      0      0   7001    277     94      0 
 15:14:46       0     31     48      -      0      0      0      0      0      0    810    277      0      0 
 15:14:47       0     21     47      -      2      0      0      0      0      0    810    277     17      7 
