#Time         gpu    pwr  gtemp  mtemp     sm    mem    enc    dec    jpg    ofa   mclk   pclk  rxpci  txpci 
#HH:MM:SS     Idx      W      C      C      %      %      %      %      %      %    MHz    MHz   MB/s   MB/s 
 14:52:36       0     15     41      -      0      0      0      0      0      0    405    277      0      0 
 14:52:37       0     15     41      -      0      0      0      0      0      0    405    277      0      0 
 14:52:38       0     15     41      -      0      0      0      0      0      0    405    277      0      0 
 14:52:39       0     15     41      -      0      0      0      0      0      0    405    277      0      1 
 14:52:40       0     15     41      -      0      0      0      0      0      0    405    277      0      0 
 14:52:41       0     16     41      -      0      0      0      0      0      0    405    277      0      0 
 14:52:42       0     15     41      -      0      0      0      0      0      0    405    277      0      0 
 14:52:43       0     15     41      -      0      0      0      0      0      0    405    277      0      0 
 14:52:44       0     15     41      -      0      0      0      0      0      0    405    277      0      0 
 14:52:45       0     15     41      -      0      0      0      0      0      0    405    277      0      0 
 14:52:46       0     15     41      -      0      0      0      0      0      0    405    277      0      0 
 14:52:47       0     28     41      -      0      0      0      0      0      0  15016    502      0      1 
 14:52:48       0     43     42      -      0      0      0      0      0      0  15016   2610      0      0 
 14:52:49       0     44     42      -     13      2      0      0      0      0  15016   2610   1500    157 
 14:52:50       0     47     43      -      4      1      0      0      0      0  15016   2685      0      0 
 14:52:52       0     45     43      -      1      0      0      0      0      0  15016   2640      0      0 
 14:52:54       0     43     43      -      0      0      0      0      0      0  15016   2610      0      1 
 14:52:55       0     43     43      -      0      0      0      0      0      0  15016   2610      0      0 
 14:52:56       0     26     42      -      0      0      0      0      0      0    810    562    175     36 
 14:52:57       0     19     42      -      0      0      0      0      0      0    810    352      0      0 
 14:52:58       0     19     41      -     62     61      0      0      0      0    405    277     20      7 
 14:52:59       0     42     42      -      0      0      0      0      0      0  15016   2610      0      0 
 14:53:00       0     42     43      -      0      0      0      0      0      0  15016   2610      0      0 
 14:53:01       0     29     42      -      0      0      0      0      0      0   7001    570      0      0 
 14:53:02       0     27     42      -      0      0      0      0      0      0   7001    315      0      0 
 14:53:03       0     27     42      -      0      0      0      0      0      0   7001    277      0      0 
 14:53:04       0     27     42      -      0      0      0      0      0      0   7001    277      0      0 
 14:53:05       0     22     42      -      0      0      0      0      0      0    810    285      0      0 
 14:53:06       0     31     43      -    100     12      0      0      0      0  15016   1200      0      1 
 14:53:07       0     56     43      -      0      0      0      0      0      0  15016   2947      0      0 
 14:53:08       0     48     44      -      0      0      0      0      0      0   7001   2947      0      0 
 14:53:09       0     28     42      -      0      0      0      0      0      0   7001    442      0      0 
 14:53:10       0     19     42      -      0      0      0      0      0      0    810    277      0      0 
 14:53:11       0     17     42      -      0      0      0      0      0      0    810    277      0      1 
 14:53:12       0     15     42      -      0      0      0      0      0      0    405    277      0      1 
 14:53:13       0     15     42      -      0      0      0      0      0      0    405    277      0      0 
 14:53:14       0     16     42      -      1      0      0      0      0      0    405    427      0      0 
 14:53:15       0     29     43      -     14      9      0      0      0      0  15016   1470      0      0 
 14:53:16       0     43     43      -      0      0      0      0      0      0  15016   2610     46     10 
 14:53:17       0     35     43      -      0      0      0      0      0      0   7001    870      0      0 
 14:53:18       0     28     42      -      0      0      0      0      0      0   7001    420      0      0 
 14:53:19       0     27     42      -      0      0      0      0      0      0   7001    277      0      0 
 14:53:20       0     27     42      -      0      0      0      0      0      0   7001    277      0      0 
 14:53:21       0     42     44      -      0      0      0      0      0      0  15016   2947      0      0 
#Time         gpu    pwr  gtemp  mtemp     sm    mem    enc    dec    jpg    ofa   mclk   pclk  rxpci  txpci 
#HH:MM:SS     Idx      W      C      C      %      %      %      %      %      %    MHz    MHz   MB/s   MB/s 
 14:53:22       0     56     44      -      0      0      0      0      0      0  15016   2947      0      0 
 14:53:23       0     31     43      -      0      0      0      0      0      0   7001    472      0      0 
 14:53:24       0     28     43      -      0      0      0      0      0      0   7001    420      0      0 
 14:53:26       0     20     42      -      0      0      0      0      0      0    810    277      0      0 
 14:53:27       0     16     42      -      0      0      0      0      0      0    810    277      0      0 
 14:53:28       0     15     42      -      0      0      0      0      0      0    405    277      0      0 
 14:53:29       0     15     42      -      0      0      0      0      0      0    405    277      0      0 
 14:53:30       0     31     42      -     12      4      0      0      0      0    405    585      0      0 
 14:53:31       0     55     44      -      0      0      0      0      0      0  15016   2947      0      0 
 14:53:32       0     42     44      -      0      0      0      0      0      0   7001   2947      0      0 
 14:53:33       0     28     43      -      0      0      0      0      0      0   7001    487      1      0 
 14:53:34       0     20     42      -      0      0      0      0      0      0    810    292      0      0 
 14:53:35       0     21     43      -     70     17      0      0      0      0    405    277  65310  12612 
 14:53:36       0     59     44      -      0      0      0      0      0      0  15016   2947      0      0 
 14:53:37       0     53     44      -      0      0      0      0      0      0  15016   2947     76      6 
 14:53:38       0     28     43      -      0      0      0      0      0      0   7001    450      0      1 
 14:53:39       0     23     43      -      0      0      0      0      0      0   7001    450      0      0 
 14:53:40       0     20     43      -      0      0      0      0      0      0    810    300      0      0 
 14:53:41       0     15     43      -      0      0      0      0      0      0    810    277      0      1 
 14:53:42       0     15     42      -      0      0      0      0      0      0    405    277      0      0 
 14:53:43       0     16     42      -      0      0      0      0      0      0    405    277      0      0 
 14:53:44       0     16     42      -      0      0      0      0      0      0    405    277      0      0 
 14:53:45       0     15     42      -      0      0      0      0      0      0    405    277      0      0 
 14:53:46       0     15     42      -      0      0      0      0      0      0    405    277      0      0 
 14:53:47       0     15     42      -      0      0      0      0      0      0    405    277      0      0 
 14:53:48       0     50     44      -      0      0      0      0      0      0  15016   2947      0      0 
 14:53:49       0     55     44      -      0      0      0      0      0      0  15016   2947      0      0 
 14:53:50       0     32     43      -      0      0      0      0      0      0   7001    562      0      0 
 14:53:51       0     25     43      -      0      0      0      0      0      0    810    457      0      1 
 14:53:52       0     17     43      -      0      0      0      0      0      0    810    277      0      0 
 14:53:54       0     15     43      -      0     13      0      0      0      0    405    277      0      0 
 14:53:55       0     15     43      -      0      0      0      0      0      0    405    277      0      0 
 14:53:56       0     49     45      -     90     17      0      0      0      0  15016   2925  52239  10556 
 14:53:57       0     63     45      -      0      0      0      0      0      0  15016   2947     94      0 
 14:53:58       0     56     45      -      0      0      0      0      0      0  15016   2947      0      1 
 14:54:00       0     28     43      -      0      0      0      0      0      0   7001    495      1      0 
 14:54:01       0     27     43      -      0      0      0      0      0      0   7001    435      0      0 
 14:54:02       0     27     43      -      0      0      0      0      0      0   7001    277      0      0 
 14:54:03       0     50     45      -      0      0      0      0      0      0  15016   2947      1      0 
 14:54:04       0     56     45      -      0      0      0      0      0      0  15016   2947      0      0 
 14:54:05       0     37     44      -      0      0      0      0      0      0   7001    517      0      0 
 14:54:06       0     29     44      -      0      0      0      0      0      0   7001    465      0      1 
 14:54:07       0     20     43      -      0      0      0      0      0      0    810    285      0      0 
 14:54:08       0     18     43      -      0      0      0      0      0      0    810    277      0      0 
#Time         gpu    pwr  gtemp  mtemp     sm    mem    enc    dec    jpg    ofa   mclk   pclk  rxpci  txpci 
#HH:MM:SS     Idx      W      C      C      %      %      %      %      %      %    MHz    MHz   MB/s   MB/s 
 14:54:09       0     16     43      -      0      0      0      0      0      0    405    277      0      0 
 14:54:10       0     34     45      -     95     57      0      0      0      0    810    277  31855   3083 
 14:54:11       0    315     64      -    100     34      0      0      0      0  15016   2902      3   5849 
 14:54:12       0    138     50      -      0      0      0      0      0      0  15016   2932      0      0 
 14:54:13       0     54     47      -      0      0      0      0      0      0  15016   2947      0      1 
 14:54:14       0     29     45      -      0      0      0      0      0      0   7001    540      0      0 
 14:54:15       0     28     44      -      0      0      0      0      0      0   7001    337      0      0 
 14:54:16       0     28     44      -      0      0      0      0      0      0   7001    277      0      0 
 14:54:17       0     48     46      -      0      0      0      0      0      0  15016   2947      0      0 
 14:54:18       0     56     46      -      0      0      0      0      0      0  15016   2947      0      0 
 14:54:19       0     29     45      -      0      0      0      0      0      0   7001    495     94      1 
 14:54:20       0     20     45      -      0      0      0      0      0      0   7001    435      0      0 
 14:54:21       0     16     44      -      0      0      0      0      0      0    810    277      0      0 
 14:54:22       0     16     44      -      0      0      0      0      0      0    810    270      0      0 
 14:54:23       0     15     44      -      0      0      0      0      0      0    405    277      0      0 
 14:54:24       0     17     44      -      0      0      0      0      0      0    405    307      0      1 
 14:54:25       0     16     44      -      0      1      0      0      0      0    405    277      0      0 
 14:54:26       0     66     54      -     50     15      0      0      0      0  15016   2947  14394   2988 
 14:54:27       0    236     54      -     94     40      0      0      0      0  15016   2910      0      1 
 14:54:28       0     57     48      -      0      0      0      0      0      0  15016   2947      0      0 
 14:54:29       0     52     47      -      0      0      0      0      0      0   7001   2947      0      0 
 14:54:30       0     29     45      -      0      0      0      0      0      0   7001    427      0      0 
 14:54:31       0     28     45      -      0      0      0      0      0      0   7001    277      0      0 
 14:54:33       0     28     45      -      0      0      0      0      0      0   7001    277      0      0 
 14:54:34       0     27     45      -      0      0      0      0      0      0   7001    277      0      0 
 14:54:35       0     27     45      -      0      0      0      0      0      0   7001    277      0      2 
 14:54:36       0     23     45      -      0      0      0      0      0      0    810    285      0      0 
 14:54:37       0     15     44      -      0      0      0      0      0      0    810    277      0      0 
 14:54:38       0     16     44      -      0      0      0      0      0      0    405    277      0      0 
 14:54:39       0     15     44      -      0      0      0      0      0      0    405    277      0      0 
 14:54:40       0     15     44      -      0      0      0      0      0      0    405    277     45      7 
 14:54:41       0     15     44      -      0      0      0      0      0      0    405    277      0      0 
 14:54:42       0     15     44      -      0      0      0      0      0      0    405    277      0      0 
 14:54:43       0     15     44      -      0      0      0      0      0      0    405    277      0      0 
 14:54:44       0     15     44      -      0      0      0      0      0      0    405    277      0      0 
 14:54:45       0     15     44      -      0      0      0      0      0      0    405    277      0      1 
 14:54:46       0     15     44      -      0      0      0      0      0      0    405    277      0      0 
 14:54:47       0     15     44      -      0      0      0      0      0      0    405    277      0      0 
 14:54:48       0     16     44      -      0      0      0      0      0      0    405    277      0      6 
 14:54:49       0    102     49      -     11      3      0      0      0      0  15016   2917    462    216 
 14:54:50       0    153     54      -     53     28      0      0      0      0  15016   2910  22447   4376 
 14:54:52       0    322     67      -    100     41      0      0      0      0  15016   2887     10   2759 
 14:54:53       0    328     70      -    100     32      0      0      0      0  15016   2880  12645      1 
 14:54:54       0    324     70      -    100     26      0      0      0      0  15016   2872      2   3223 
#Time         gpu    pwr  gtemp  mtemp     sm    mem    enc    dec    jpg    ofa   mclk   pclk  rxpci  txpci 
#HH:MM:SS     Idx      W      C      C      %      %      %      %      %      %    MHz    MHz   MB/s   MB/s 
 14:54:55       0    217     61      -     94     52      0      0      0      0  15016   2887    776    642 
 14:54:56       0    181     53      -    100     49      0      0      0      0  15016   2932  24907   4593 
 14:54:57       0    330     70      -     99     37      0      0      0      0  15016   2857  14601   2414 
 14:54:58       0    328     72      -     99     27      0      0      0      0  15016   2857      1      2 
 14:54:59       0    326     74      -    100     27      0      0      0      0  15016   2857      1   2799 
 14:55:00       0    325     75      -    100     29      0      0      0      0  15016   2865      0   3665 
 14:55:01       0    327     76      -    100     16      0      0      0      0  15016   2865  20165   3120 
 14:55:02       0    326     76      -    100     16      0      0      0      0  15016   2865      0   5157 
 14:55:03       0    321     76      -    100     18      0      0      0      0  15016   2865  19289   1663 
 14:55:04       0    294     71      -     99     16      0      0      0      0  15016   2865   1392      2 
 14:55:05       0    286     72      -    100     16      0      0      0      0  15016   2865      1      1 
 14:55:07       0    201     57      -    100     13      0      0      0      0  15016   2925  14954      1 
 14:55:08       0    280     70      -    100     11      0      0      0      0  15016   2865      0      0 
 14:55:09       0    275     71      -     98     14      0      0      0      0  15016   2872     12      1 
 14:55:10       0    278     71      -    100     14      0      0      0      0  15016   2872      1      0 
 14:55:11       0    248     63      -     95     51      0      0      0      0  15016   2865   5735   4302 
 14:55:12       0    157     59      -      0      0      0      0      0      0  15016   2895     30   1947 
 14:55:13       0    321     68      -    100     34      0      0      0      0  15016   2872  21100   1082 
 14:55:14       0    331     74      -    100     30      0      0      0      0  15016   2865  31144   3001 
 14:55:15       0    330     75      -    100     23      0      0      0      0  15016   2865  15121   3879 
 14:55:16       0    329     75      -    100     29      0      0      0      0  15016   2865      9      2 
 14:55:17       0    329     75      -    100     15      0      0      0      0  15016   2865  21000   4556 
 14:55:18       0    331     75      -    100     16      0      0      0      0  15016   2865   7539      1 
 14:55:19       0    323     73      -    100     16      0      0      0      0  15016   2872      1      2 
 14:55:20       0    309     73      -    100     16      0      0      0      0  15016   2872  13559      2 
 14:55:21       0    286     73      -    100     16      0      0      0      0  15016   2865  15699     29 
 14:55:22       0    218     61      -     41     15      0      0      0      0  15016   2865      1      1 
 14:55:23       0    276     71      -    100     16      0      0      0      0  15016   2865  25351   4712 
 14:55:24       0    280     71      -    100     16      0      0      0      0  15016   2872      0      1 
 14:55:25       0    276     71      -    100     16      0      0      0      0  15016   2872      0      0 
 14:55:26       0    278     72      -    100     16      0      0      0      0  15016   2865      0      1 
 14:55:27       0    275     73      -    100      5      0      0      0      0  15016   2872      0      0 
 14:55:28       0    275     71      -    100     16      0      0      0      0  15016   2865      4      1 
 14:55:29       0    275     71      -    100      7      0      0      0      0  15016   2887      0   2934 
 14:55:30       0    274     71      -    100     16      0      0      0      0  15016   2865      1      0 
 14:55:31       0    271     71      -    100     16      0      0      0      0  15016   2872      0      0 
 14:55:32       0    272     71      -    100     10      0      0      0      0  15016   2872      1      0 
 14:55:33       0    272     71      -    100     16      0      0      0      0  15016   2872      0      0 
 14:55:34       0    272     71      -    100     16      0      0      0      0  15016   2872      0      0 
 14:55:35       0    272     71      -    100     16      0      0      0      0  15016   2865  11060   2850 
 14:55:36       0    270     71      -    100     16      0      0      0      0  15016   2865  16179   5037 
 14:55:37       0    271     71      -    100     16      0      0      0      0  15016   2872  17326   3902 
 14:55:39       0    271     71      -    100      2      0      0      0      0  15016   2865  15862   3320 
 14:55:40       0    270     71      -    100      7      0      0      0      0  15016   2865      0    717 
#Time         gpu    pwr  gtemp  mtemp     sm    mem    enc    dec    jpg    ofa   mclk   pclk  rxpci  txpci 
#HH:MM:SS     Idx      W      C      C      %      %      %      %      %      %    MHz    MHz   MB/s   MB/s 
 14:55:42       0    270     68      -    100     16      0      0      0      0  15016   2872      0      0 
 14:55:43       0    270     71      -    100      3      0      0      0      0  15016   2865      0      0 
 14:55:44       0    270     71      -    100     16      0      0      0      0  15016   2865     48      0 
 14:55:45       0    265     71      -    100     11      0      0      0      0  15016   2895  32417      1 
 14:55:46       0    265     71      -    100     12      0      0      0      0  15016   2872      0      0 
 14:55:47       0    240     71      -     81     34      0      0      0      0  15016   2902   5412    707 
 14:55:48       0    225     62      -     99     49      0      0      0      0  15016   2895  14035   5957 
 14:55:49       0    247     63      -     92     50      0      0      0      0  15016   2872   1256    215 
 14:55:50       0    272     70      -    100     49      0      0      0      0  15016   2872  23939   2347 
 14:55:51       0    330     74      -     99     30      0      0      0      0  15016   2857   5490      1 
 14:55:52       0    328     73      -    100     25      0      0      0      0  15016   2865  25332   6140 
 14:55:53       0    269     64      -     94     52      0      0      0      0  15016   2872   1936    213 
 14:55:54       0    182     56      -     86     43      0      0      0      0  15016   2910  28170   4170 
 14:55:55       0    333     73      -    100     35      0      0      0      0  15016   2865  15423   5565 
 14:55:56       0    330     75      -    100     30      0      0      0      0  15016   2857     34   3382 
 14:55:57       0    329     74      -    100     27      0      0      0      0  15016   2865  22223   1265 
 14:55:58       0    329     76      -    100     24      0      0      0      0  15016   2865     10      1 
 14:55:59       0    329     75      -    100     15      0      0      0      0  15016   2865      0      1 
 14:56:00       0    329     77      -     99     15      0      0      0      0  15016   2865      1      0 
 14:56:01       0    325     72      -    100     15      0      0      0      0  15016   2865  15332   3909 
 14:56:02       0    302     73      -    100     15      0      0      0      0  15016   2865      1      0 
 14:56:03       0    291     73      -    100     16      0      0      0      0  15016   2865      1      2 
 14:56:04       0    226     69      -    100     14      0      0      0      0  15016   2917      0   3056 
 14:56:05       0    284     70      -    100     16      0      0      0      0  15016   2872     48     10 
 14:56:06       0    278     72      -     96     14      0      0      0      0  15016   2865      0   2656 
 14:56:07       0    279     70      -    100     14      0      0      0      0  15016   2880  34641      2 
 14:56:08       0    253     70      -     76     17      0      0      0      0  15016   2865   3411    298 
 14:56:09       0    176     62      -     71     42      0      0      0      0  15016   2895      0      0 
 14:56:10       0    302     67      -    100     41      0      0      0      0  15016   2880  26787   4034 
 14:56:11       0    331     74      -    100     32      0      0      0      0  15016   2865  17434   6214 
 14:56:13       0    330     75      -    100     30      0      0      0      0  15016   2865  15126   4818 
 14:56:14       0    330     75      -    100     18      0      0      0      0  15016   2865      1      1 
 14:56:15       0    330     76      -    100     16      0      0      0      0  15016   2865  11776      2 
 14:56:16       0    330     76      -    100     15      0      0      0      0  15016   2865      3      1 
 14:56:17       0    320     75      -    100     16      0      0      0      0  15016   2865      1      1 
 14:56:18       0    316     77      -     99     16      0      0      0      0  15016   2865      1      0 
 14:56:19       0    290     74      -    100     16      0      0      0      0  15016   2865      0      0 
 14:56:20       0    238     72      -      0      0      0      0      0      0  15016   2872   8487      1 
 14:56:21       0    280     71      -    100     14      0      0      0      0  15016   2887      1      0 
 14:56:22       0    280     72      -    100     16      0      0      0      0  15016   2872  33659   2754 
 14:56:23       0    277     72      -    100     16      0      0      0      0  15016   2865  14955      1 
 14:56:24       0    277     72      -    100      3      0      0      0      0  15016   2865     12      2 
 14:56:25       0    275     72      -    100     11      0      0      0      0  15016   2872  27867      2 
 14:56:26       0    276     71      -    100     17      0      0      0      0  15016   2865      0      0 
#Time         gpu    pwr  gtemp  mtemp     sm    mem    enc    dec    jpg    ofa   mclk   pclk  rxpci  txpci 
#HH:MM:SS     Idx      W      C      C      %      %      %      %      %      %    MHz    MHz   MB/s   MB/s 
 14:56:27       0    277     71      -    100      3      0      0      0      0  15016   2865      0      0 
 14:56:28       0    272     71      -    100      2      0      0      0      0  15016   2872  13695   2444 
 14:56:29       0    277     71      -    100     16      0      0      0      0  15016   2872      0      0 
 14:56:30       0    273     71      -    100     16      0      0      0      0  15016   2887  16501   4986 
 14:56:31       0    271     71      -    100      9      0      0      0      0  15016   2872      2      0 
 14:56:32       0    276     71      -    100     16      0      0      0      0  15016   2865      0      0 
 14:56:33       0    274     71      -    100     16      0      0      0      0  15016   2865      1      1 
 14:56:34       0    270     71      -    100     16      0      0      0      0  15016   2865      0      0 
 14:56:35       0    272     71      -    100     17      0      0      0      0  15016   2865      0      0 
 14:56:36       0    272     70      -    100      5      0      0      0      0  15016   2872      0      0 
 14:56:37       0    270     70      -     99     16      0      0      0      0  15016   2865      0      1 
 14:56:38       0    271     71      -    100     16      0      0      0      0  15016   2865      0      0 
 14:56:39       0    273     71      -    100      2      0      0      0      0  15016   2865      1      0 
 14:56:40       0    270     71      -    100     10      0      0      0      0  15016   2872   9753      1 
 14:56:41       0    266     70      -    100     12      0      0      0      0  15016   2887      0   2069 
 14:56:42       0    265     68      -    100     12      0      0      0      0  15016   2887  20644   7589 
 14:56:43       0    241     69      -     78     26      0      0      0      0  15016   2872   1087    191 
 14:56:44       0    189     62      -     91     58      0      0      0      0  15016   2895      2      0 
 14:56:46       0     62     52      -      0      0      0      0      0      0  15016   2932      0      0 
 14:56:47       0     52     50      -      0      0      0      0      0      0  15016    900      0      0 
 14:56:48       0     33     49      -      0      0      0      0      0      0   7001    375      0      0 
 14:56:49       0     31     49      -      0      0      0      0      0      0   7001    375      0      0 
 14:56:50       0     31     48      -      0      0      0      0      0      0   7001    270      5     16 
 14:56:52       0     21     47      -      2      0      0      0      0      0    810    277     16      8 
