#Time         gpu    pwr  gtemp  mtemp     sm    mem    enc    dec    jpg    ofa   mclk   pclk  rxpci  txpci 
#HH:MM:SS     Idx      W      C      C      %      %      %      %      %      %    MHz    MHz   MB/s   MB/s 
 19:10:11       0     15     42      -      0      9      0      0      0      0    405    277     47      0 
 19:10:12       0     15     42      -      0      6      0      0      0      0    405    277      0      0 
 19:10:13       0     15     42      -      0      0      0      0      0      0    405    277      0      0 
 19:10:14       0     15     41      -      0      0      0      0      0      0    405    277      0      0 
 19:10:15       0     16     41      -      0      0      0      0      0      0    405    277      0      0 
 19:10:16       0     15     41      -      0      0      0      0      0      0    405    277      0      1 
 19:10:17       0     15     41      -      0      0      0      0      0      0    405    277      0      0 
 19:10:20       0     15     41      -      0      0      0      0      0      0    405    277      0      0 
 19:10:21       0     15     41      -      0      0      0      0      0      0    405    277      0      0 
 19:10:22       0     15     41      -      0      0      0      0      0      0    405    277      0      0 
 19:10:23       0     15     41      -      0      0      0      0      0      0    405    277      0      0 
 19:10:24       0     15     41      -      0      0      0      0      0      0    405    277     16      0 
 19:10:25       0     41     42      -      0      0      0      0      0      0  15016   2610      1      0 
 19:10:26       0     43     42      -      1      0      0      0      0      0  15016   2610      0      0 
 19:10:27       0     43     42      -      0      0      0      0      0      0  15016   2610      0      0 
 19:10:28       0     43     42      -      0      0      0      0      0      0  15016   2610      0      1 
 19:10:29       0     43     43      -      0      0      0      0      0      0  15016   2610      0      0 
 19:10:30       0     43     43      -      0      0      0      0      0      0  15016   2610     11   4655 
 19:10:31       0     35     42      -      2      1      0      0      0      0   7001   1320   1364     55 
 19:10:32       0     25     42      -      0      0      0      0      0      0    810    922   1169     94 
 19:10:33       0     20     41      -     14      5      0      0      0      0    810    525      0      0 
 19:10:34       0     42     42      -      0      0      0      0      0      0  15016   2610      0      0 
 19:10:35       0     42     43      -      0      0      0      0      0      0  15016   2610      0      0 
 19:10:36       0     28     42      -      0      0      0      0      0      0   7001    465      0      0 
 19:10:37       0     26     42      -      7      0      0      0      0      0   7001    412      0      1 
 19:10:38       0     18     42      -      0      0      0      0      0      0    810    277      0      0 
 19:10:39       0     18     42      -      0      0      0      0      0      0    810    277      0      0 
 19:10:40       0     32     42      -     13      3      0      0      0      0  15016   1725      0      1 
 19:10:41       0     44     43      -      0      0      0      0      0      0  15016   2610      0      0 
 19:10:42       0     33     42      -      0      0      0      0      0      0   7001    690      0      0 
 19:10:43       0     28     42      -      0      0      0      0      0      0   7001    540      0      0 
 19:10:44       0     27     42      -      0      0      0      0      0      0   7001    337      0      0 
 19:10:45       0     21     42      -      0      0      0      0      0      0    810    277      0      0 
 19:10:46       0     19     42      -      0      0      0      0      0      0    810    277      0      0 
 19:10:47       0     15     42      -      0      0      0      0      0      0    405    277      0      0 
 19:10:48       0     28     43      -      5      1      0      0      0      0  15016   2947      0      0 
 19:10:49       0     55     44      -      0      0      0      0      0      0  15016   2947      0      0 
 19:10:50       0     42     43      -      0      0      0      0      0      0   7001    607      0      0 
 19:10:51       0     28     42      -      0      0      0      0      0      0   7001    495     79      4 
 19:10:54       0     27     42      -      0      0      0      0      0      0   7001    307      1      0 
 19:10:55       0     19     42      -      0      0      0      0      0      0    810    277      0      0 
 19:10:56       0     17     42      -      0      0      0      0      0      0    810    277      0      0 
 19:10:57       0     15     42      -      0      0      0      0      0      0    405    277      9      3 
 19:10:58       0     18     42      -     10      5      0      0      0      0    405    277      0      0 
#Time         gpu    pwr  gtemp  mtemp     sm    mem    enc    dec    jpg    ofa   mclk   pclk  rxpci  txpci 
#HH:MM:SS     Idx      W      C      C      %      %      %      %      %      %    MHz    MHz   MB/s   MB/s 
 19:10:59       0     26     42      -      7      3      0      0      0      0    405    277      0      0 
 19:11:00       0     43     43      -      0      0      0      0      0      0  15016   2610      0      1 
 19:11:01       0     36     43      -      0      0      0      0      0      0   7001    532      0      0 
 19:11:02       0     28     42      -      0      0      0      0      0      0   7001    412      0      0 
 19:11:03       0     20     42      -      0      0      0      0      0      0    810    277      0      0 
 19:11:04       0     31     44      -     69      8      0      0      0      0  15016   2332      0      0 
 19:11:05       0     56     44      -      0      0      0      0      0      0  15016   2947      0      0 
 19:11:06       0     45     44      -      0      0      0      0      0      0   7001   2947      0      0 
 19:11:07       0     28     43      -      0      0      0      0      0      0   7001    420      0      1 
 19:11:08       0     20     42      -      0      0      0      0      0      0    810    277      0      1 
 19:11:09       0     17     42      -      0      0      0      0      0      0    810    270      0      0 
 19:11:10       0     16     42      -      0      0      0      0      0      0    405    277      0      0 
 19:11:11       0     16     42      -      1      1      0      0      0      0    405    285      0      1 
 19:11:12       0     43     44      -      0      0      0      0      0      0  15016   2947     95      1 
 19:11:13       0     56     44      -      0      0      0      0      0      0  15016   2947      0      0 
 19:11:14       0     34     43      -      0      0      0      0      0      0   7001    525      0      0 
 19:11:15       0     28     43      -      0      0      0      0      0      0   7001    420      0      0 
 19:11:16       0     27     43      -      0      0      0      0      0      0   7001    277      1      0 
 19:11:17       0     39     44      -      0      0      0      0      0      0  15016   2947      0      0 
 19:11:18       0     56     44      -      0      0      0      0      0      0  15016   2947      0      0 
 19:11:19       0     37     43      -      0      0      0      0      0      0   7001    510      0      0 
 19:11:20       0     28     43      -      0      0      0      0      0      0   7001    450      0      0 
 19:11:21       0     23     43      -      0      0      0      0      0      0    810    300      0      0 
 19:11:22       0     20     43      -      0      0      0      0      0      0    810    277      0      0 
 19:11:23       0     16     42      -      0      0      0      0      0      0    405    277      0      0 
 19:11:24       0     16     42      -      0      0      0      0      0      0    405    277      0      0 
 19:11:25       0     15     42      -      0      0      0      0      0      0    405    277      0      0 
 19:11:28       0     15     42      -      0      0      0      0      0      0    405    277      0      0 
 19:11:29       0     15     42      -      0      0      0      0      0      0    405    277      0      1 
 19:11:30       0     31     44      -     83     11      0      0      0      0  15016   2557      1      0 
 19:11:31       0     57     44      -      0      0      0      0      0      0  15016   2947      0      0 
 19:11:32       0     48     44      -      0      0      0      0      0      0   7001   2325      0      0 
 19:11:33       0     28     43      -      0      0      0      0      0      0   7001    450      0     14 
 19:11:34       0     27     43      -      0      0      0      0      0      0   7001    285     45      0 
 19:11:35       0     19     43      -      0      0      0      0      0      0    810    277      0      0 
 19:11:36       0     17     43      -      0      0      0      0      0      0    405    277      0      0 
 19:11:37       0     20     43      -     21      8      0      0      0      0    405    277  10298  13529 
 19:11:38       0     78     46      -      0      0      0      0      0      0  15016   2947      0      1 
 19:11:39       0     56     45      -      0      0      0      0      0      0  15016   2947      0      0 
 19:11:40       0     37     43      -      0      0      0      0      0      0   7001    510      0      0 
 19:11:41       0     28     43      -      0      0      0      0      0      0   7001    450      0      0 
 19:11:41       0     27     43      -      0      0      0      0      0      0   7001    285  67840  13313 
 19:11:42       0     59     45      -      0      0      0      0      0      0  15016   2947      0      0 
 19:11:43       0     53     45      -      0      0      0      0      0      0  15016   2947      0      1 
#Time         gpu    pwr  gtemp  mtemp     sm    mem    enc    dec    jpg    ofa   mclk   pclk  rxpci  txpci 
#HH:MM:SS     Idx      W      C      C      %      %      %      %      %      %    MHz    MHz   MB/s   MB/s 
 19:11:44       0     28     44      -      0      0      0      0      0      0   7001    465      0      0 
 19:11:45       0     22     43      -      0      0      0      0      0      0   7001    465      0      0 
 19:11:46       0     17     43      -      0      0      0      0      0      0    810    285      0      0 
 19:11:47       0     16     43      -      0      0      0      0      0      0    810    277      0      1 
 19:11:48       0     15     45      -     45     35      0      0      0      0    405    277     16  24489 
 19:11:49       0    261     64      -    100     33      0      0      0      0  15016   2895  28800    595 
 19:11:50       0    189     50      -      0      0      0      0      0      0  15016   2940      0      0 
 19:11:51       0     58     47      -      0      0      0      0      0      0  15016   2947      1     24 
 19:11:52       0     35     45      -      0      0      0      0      0      0   7001    525      0      1 
 19:11:53       0     30     45      -      0      0      0      0      0      0   7001    420      0      0 
 19:11:54       0     28     44      -      0      0      0      0      0      0   7001    277      0      0 
 19:11:55       0     42     45      -      0      0      0      0      0      0  15016   2947      0      0 
 19:11:56       0     56     45      -      0      0      0      0      0      0  15016   2947      0      1 
 19:11:57       0     29     44      -      0      0      0      0      0      0   7001    525      0      1 
 19:11:58       0     27     44      -      0      0      0      0      0      0   7001    277      0      0 
 19:11:59       0     17     43      -      0      0      0      0      0      0    810    277      0      0 
 19:12:02       0     16     43      -      0      0      0      0      0      0    405    277      0      0 
 19:12:03       0     16     43      -      0      0      0      0      0      0    405    277     19     13 
 19:12:04       0     18     43      -      0      0      0      0      0      0    405    292      0      0 
 19:12:05       0     40     45      -     20      5      0      0      0      0  15016   2617     29  26678 
 19:12:06       0    244     54      -     93     39      0      0      0      0  15016   2895   4775   5823 
 19:12:07       0     89     48      -      0      0      0      0      0      0  15016   2947      0      0 
 19:12:08       0     54     47      -      0      0      0      0      0      0  15016   2947      0      0 
 19:12:09       0     29     45      -      0      0      0      0      0      0   7001    615      0      0 
 19:12:10       0     28     44      -      0      0      0      0      0      0   7001    345      0      0 
 19:12:11       0     28     44      -      0      0      0      0      0      0   7001    277      0      0 
 19:12:12       0     28     44      -      0      0      0      0      0      0   7001    277      0      9 
 19:12:13       0     28     44      -      0      0      0      0      0      0   7001    277     91      0 
 19:12:14       0     21     44      -      0      0      0      0      0      0    810    277      0      0 
 19:12:15       0     18     44      -      0      0      0      0      0      0    810    277      0      0 
 19:12:16       0     16     44      -      0      0      0      0      0      0    405    277      0      0 
 19:12:17       0     15     44      -      0      0      0      0      0      0    405    277      0      0 
 19:12:18       0     15     44      -      0      0      0      0      0      0    405    277      0      0 
 19:12:19       0     15     44      -      0      0      0      0      0      0    405    277      0      0 
 19:12:20       0     15     44      -      0      0      0      0      0      0    405    277      0      0 
 19:12:21       0     15     44      -      0      0      0      0      0      0    405    277      0      0 
 19:12:22       0     15     44      -      0      0      0      0      0      0    405    277      0      0 
 19:12:23       0     15     44      -      0      0      0      0      0      0    405    277      0      0 
 19:12:24       0     15     44      -      0      0      0      0      0      0    405    277      0      0 
 19:12:25       0     15     44      -      0      0      0      0      0      0    405    277      0      0 
 19:12:26       0     15     44      -      0      0      0      0      0      0    405    277      0      0 
 19:12:27       0     19     44      -      2      2      0      0      0      0    405    277    955   8989 
 19:12:28       0    142     52      -     90     49      0      0      0      0  15016   2925   2354    401 
 19:12:29       0    185     63      -     99     48      0      0      0      0  15016   2932  30953   3727 
#Time         gpu    pwr  gtemp  mtemp     sm    mem    enc    dec    jpg    ofa   mclk   pclk  rxpci  txpci 
#HH:MM:SS     Idx      W      C      C      %      %      %      %      %      %    MHz    MHz   MB/s   MB/s 
 19:12:30       0    326     65      -    100     41      0      0      0      0  15016   2880  15738    848 
 19:12:31       0    327     68      -    100     33      0      0      0      0  15016   2872  20434   1122 
 19:12:32       0    325     72      -     99     26      0      0      0      0  15016   2872   2513   3749 
 19:12:33       0    185     58      -     90     50      0      0      0      0  15016   2910      2      2 
 19:12:36       0    251     66      -    100     47      0      0      0      0  15016   2887  19919   5524 
 19:12:37       0    329     69      -    100     32      0      0      0      0  15016   2857  27991      2 
 19:12:38       0    327     70      -    100     22      0      0      0      0  15016   2865      1      1 
 19:12:39       0    325     72      -    100     29      0      0      0      0  15016   2857    116      2 
 19:12:40       0    326     74      -     98     23      0      0      0      0  15016   2865  17763      1 
 19:12:41       0    327     75      -    100     29      0      0      0      0  15016   2865      1      2 
 19:12:42       0    320     74      -    100     16      0      0      0      0  15016   2865      0      1 
 19:12:43       0    318     76      -     99     17      0      0      0      0  15016   2872      0   2799 
 19:12:44       0    290     72      -    100     16      0      0      0      0  15016   2865  16700   4673 
 19:12:45       0    271     72      -    100     18      0      0      0      0  15016   2865      1      1 
 19:12:46       0    281     72      -    100     16      0      0      0      0  15016   2872  27360   4522 
 19:12:47       0    279     71      -    100      7      0      0      0      0  15016   2872      1      0 
 19:12:48       0    270     69      -    100     13      0      0      0      0  15016   2887      0      0 
 19:12:49       0    276     71      -    100     13      0      0      0      0  15016   2865      0      0 
 19:12:50       0    196     61      -     93     54      0      0      0      0  15016   2895   2141   1274 
 19:12:51       0    209     69      -    100     47      0      0      0      0  15016   2887  18430   3686 
 19:12:52       0    330     71      -     99     35      0      0      0      0  15016   2857  31693   2738 
 19:12:53       0    328     72      -    100     24      0      0      0      0  15016   2857      3   2943 
 19:12:54       0    329     73      -     99     18      0      0      0      0  15016   2857      1   3185 
 19:12:55       0    329     75      -    100     25      0      0      0      0  15016   2865      1   1409 
 19:12:56       0    329     72      -    100     15      0      0      0      0  15016   2865  20576   6410 
 19:12:57       0    327     76      -    100     22      0      0      0      0  15016   2865      0      0 
 19:12:58       0    322     77      -    100     24      0      0      0      0  15016   2865     28   3269 
 19:12:59       0    288     73      -    100     16      0      0      0      0  15016   2865  18345   3393 
 19:13:00       0    284     74      -    100     16      0      0      0      0  15016   2865      5   9851 
 19:13:01       0    266     72      -    100     16      0      0      0      0  15016   2872  30583   4421 
 19:13:02       0    280     72      -    100      6      0      0      0      0  15016   2857      0      0 
 19:13:03       0    275     71      -    100      3      0      0      0      0  15016   2865      0      0 
 19:13:04       0    277     72      -    100     16      0      0      0      0  15016   2865      0      0 
 19:13:05       0    275     72      -     99     16      0      0      0      0  15016   2872      0      0 
 19:13:06       0    278     72      -    100      3      0      0      0      0  15016   2865      1      0 
 19:13:07       0    276     72      -    100     16      0      0      0      0  15016   2872  11805      3 
 19:13:08       0    274     72      -    100     17      0      0      0      0  15016   2895      0      0 
 19:13:11       0    274     72      -    100      3      0      0      0      0  15016   2865      8      0 
 19:13:12       0    274     69      -    100     12      0      0      0      0  15016   2865      0      0 
 19:13:13       0    270     71      -    100     16      0      0      0      0  15016   2880      0   2531 
 19:13:14       0    272     71      -    100      3      0      0      0      0  15016   2872  22002     13 
 19:13:15       0    271     71      -    100      2      0      0      0      0  15016   2872      1      0 
 19:13:16       0    273     71      -    100      2      0      0      0      0  15016   2872      0      0 
 19:13:17       0    271     71      -    100      3      0      0      0      0  15016   2872      0      1 
#Time         gpu    pwr  gtemp  mtemp     sm    mem    enc    dec    jpg    ofa   mclk   pclk  rxpci  txpci 
#HH:MM:SS     Idx      W      C      C      %      %      %      %      %      %    MHz    MHz   MB/s   MB/s 
 19:13:18       0    272     71      -    100     16      0      0      0      0  15016   2872      0      0 
 19:13:19       0    269     71      -     99     11      0      0      0      0  15016   2865      0      0 
 19:13:20       0    268     69      -    100      2      0      0      0      0  15016   2865      1      0 
 19:13:21       0    269     71      -    100      2      0      0      0      0  15016   2872  26902   4244 
 19:13:22       0    270     71      -    100      4      0      0      0      0  15016   2865      0      0 
 19:13:23       0    264     71      -    100      4      0      0      0      0  15016   2895      0      0 
 19:13:24       0    265     71      -    100      8      0      0      0      0  15016   2872      0      0 
 19:13:25       0    249     71      -     84     30      0      0      0      0  15016   2872   2455    550 
 19:13:26       0    199     62      -     93     57      0      0      0      0  15016   2895  25657   2581 
 19:13:27       0    260     64      -     93     49      0      0      0      0  15016   2872   5735    395 
 19:13:28       0    236     62      -    100     49      0      0      0      0  15016   2895  17276   3865 
 19:13:28       0    332     71      -     99     36      0      0      0      0  15016   2865  15958   5791 
 19:13:29       0    329     74      -     99     28      0      0      0      0  15016   2857      0   2819 
 19:13:30       0    295     65      -     84     28      0      0      0      0  15016   2865   1723    115 
 19:13:31       0    174     56      -     63     30      0      0      0      0  15016   2895  22653   5198 
 19:13:32       0    334     73      -    100     40      0      0      0      0  15016   2865  16505      2 
 19:13:33       0    330     71      -    100     32      0      0      0      0  15016   2865  13719   2736 
 19:13:34       0    330     76      -    100     29      0      0      0      0  15016   2865  15462      1 
 19:13:35       0    330     72      -    100     28      0      0      0      0  15016   2865      1      0 
 19:13:36       0    330     77      -    100     20      0      0      0      0  15016   2865  25637   1438 
 19:13:37       0    330     77      -     99     28      0      0      0      0  15016   2865  25142    612 
 19:13:38       0    325     77      -    100     25      0      0      0      0  15016   2865      1      1 
 19:13:39       0    304     72      -    100     16      0      0      0      0  15016   2865  13619   2920 
 19:13:40       0    289     71      -    100     16      0      0      0      0  15016   2865  15123   3261 
 19:13:41       0    272     72      -    100     16      0      0      0      0  15016   2895      0      0 
 19:13:44       0    282     72      -    100      7      0      0      0      0  15016   2865      0      0 
 19:13:45       0    276     72      -    100     14      0      0      0      0  15016   2865      0      0 
 19:13:46       0    278     72      -    100     14      0      0      0      0  15016   2865      0      0 
 19:13:48       0    245     72      -     93     48      0      0      0      0  15016   2865   1110    211 
 19:13:49       0    160     62      -     14      8      0      0      0      0  15016   2895     33    946 
 19:13:50       0    326     70      -    100     41      0      0      0      0  15016   2857  19964   2575 
 19:13:51       0    331     75      -    100     31      0      0      0      0  15016   2857  31632   3173 
 19:13:52       0    330     72      -    100     30      0      0      0      0  15016   2865      1   2901 
 19:13:53       0    330     76      -    100     22      0      0      0      0  15016   2865  26701      2 
 19:13:54       0    330     73      -    100     19      0      0      0      0  15016   2857  15171   5331 
 19:13:55       0    331     76      -    100     27      0      0      0      0  15016   2865  16807   1739 
 19:13:55       0    321     73      -    100     23      0      0      0      0  15016   2857   7240      2 
 19:13:56       0    310     71      -    100     13      0      0      0      0  15016   2857  25565   3416 
 19:13:57       0    286     73      -    100     16      0      0      0      0  15016   2865  32534   3140 
 19:13:58       0    272     73      -    100      8      0      0      0      0  15016   2865      1      0 
 19:13:59       0    281     72      -    100     16      0      0      0      0  15016   2865  29946   3527 
 19:14:00       0    279     72      -     99     16      0      0      0      0  15016   2865      1      0 
 19:14:01       0    276     72      -    100     14      0      0      0      0  15016   2865      0      0 
 19:14:02       0    278     72      -    100      3      0      0      0      0  15016   2887      0      0 
#Time         gpu    pwr  gtemp  mtemp     sm    mem    enc    dec    jpg    ofa   mclk   pclk  rxpci  txpci 
#HH:MM:SS     Idx      W      C      C      %      %      %      %      %      %    MHz    MHz   MB/s   MB/s 
 19:14:03       0    274     73      -    100     16      0      0      0      0  15016   2887      0      0 
 19:14:04       0    276     72      -    100      2      0      0      0      0  15016   2872  19974   3361 
 19:14:05       0    276     72      -    100     16      0      0      0      0  15016   2865      0      0 
 19:14:06       0    275     72      -    100      4      0      0      0      0  15016   2872      1      0 
 19:14:07       0    276     72      -    100     10      0      0      0      0  15016   2872      0      1 
 19:14:08       0    271     71      -    100      3      0      0      0      0  15016   2872  10049      0 
 19:14:09       0    273     72      -    100      7      0      0      0      0  15016   2865      1      1 
 19:14:10       0    275     70      -    100     12      0      0      0      0  15016   2865      0      0 
 19:14:11       0    272     69      -    100     16      0      0      0      0  15016   2865      0      0 
 19:14:12       0    270     71      -    100     11      0      0      0      0  15016   2865     28     16 
 19:14:13       0    271     72      -    100     16      0      0      0      0  15016   2865      0      0 
 19:14:14       0    271     71      -    100     16      0      0      0      0  15016   2865      0      0 
 19:14:15       0    270     71      -    100     10      0      0      0      0  15016   2872      0      0 
 19:14:16       0    272     71      -    100     17      0      0      0      0  15016   2872      0      1 
 19:14:19       0    269     72      -    100      3      0      0      0      0  15016   2865      1      0 
 19:14:20       0    271     71      -    100      2      0      0      0      0  15016   2865  20245   3380 
 19:14:21       0    263     71      -    100     12      0      0      0      0  15016   2902      9      2 
 19:14:22       0    265     71      -    100     12      0      0      0      0  15016   2872      0      0 
 19:14:23       0    227     63      -     95     58      0      0      0      0  15016   2895    662    131 
 19:14:24       0    140     55      -      0      0      0      0      0      0  15016   2925      1      1 
 19:14:25       0     62     52      -      0      0      0      0      0      0  15016   2932      0      0 
 19:14:26       0     40     50      -      0      0      0      0      0      0   7001    555      0      0 
 19:14:27       0     33     49      -      0      0      0      0      0      0   7001    390      0      0 
 19:14:28       0     32     49      -      0      0      0      0      0      0   7001    277      0      0 
 19:14:29       0     31     48      -      0      0      0      0      0      0   7001    277      7     10 
 19:14:30       0     26     47      -      5      0      0      0      0      0    810    277      1      0 
