#Time         gpu    pwr  gtemp  mtemp     sm    mem    enc    dec    jpg    ofa   mclk   pclk  rxpci  txpci 
#HH:MM:SS     Idx      W      C      C      %      %      %      %      %      %    MHz    MHz   MB/s   MB/s 
 18:59:38       0     15     41      -      0      0      0      0      0      0    405    277      0      0 
 18:59:39       0     15     41      -      0      0      0      0      0      0    405    277      0      0 
 18:59:40       0     15     41      -      0      0      0      0      0      0    405    277     28     11 
 18:59:41       0     14     41      -      0      0      0      0      0      0    405    270      1      0 
 18:59:42       0     14     41      -      0      0      0      0      0      0    405    277      0      0 
 18:59:43       0     15     41      -      0      0      0      0      0      0    405    277      0      0 
 18:59:44       0     15     41      -      0      7      0      0      0      0    405    277      0      0 
 18:59:45       0     15     41      -      0      0      0      0      0      0    405    277      0      0 
 18:59:46       0     15     41      -      0      0      0      0      0      0    405    277      0      0 
 18:59:47       0     15     41      -      0      0      0      0      0      0    405    277      0      0 
 18:59:48       0     19     42      -      0      0      0      0      0      0  15016    277      0      0 
 18:59:49       0     42     42      -      0      0      0      0      0      0  15016   2617      0      0 
 18:59:50       0     43     43      -      0      0      0      0      0      0  15016   2625      0      0 
 18:59:51       0     44     43      -      0      0      0      0      0      0  15016   2610      0      0 
 18:59:52       0     46     43      -      3      1      0      0      0      0  15016   2670   1949     81 
 18:59:53       0     46     43      -      4      1      0      0      0      0  15016   2677   1625    140 
 18:59:54       0     43     43      -      0      0      0      0      0      0  15016   2617      0      0 
 18:59:55       0     30     42      -      0      0      0      0      0      0   7001    765      0      0 
 18:59:57       0     20     42      -      0      0      0      0      0      0    810    457      0      0 
 18:59:58       0     17     42      -      0      0      0      0      0      0    405    277      0      0 
 18:59:59       0     15     42      -      0      0      0      0      0      0    405    277      0      0 
 19:00:00       0     15     42      -      0      0      0      0      0      0    405    277      0      3 
 19:00:01       0     15     42      -      0      0      0      0      0      0    405    277     45      0 
 19:00:02       0     15     42      -      0      0      0      0      0      0    405    277      0      0 
 19:00:03       0     15     42      -      0      0      0      0      0      0    405    277      0      0 
 19:00:04       0     15     42      -      0      0      0      0      0      0    405    277      0      0 
 19:00:05       0     16     42      -      0      0      0      0      0      0    405    270      1      0 
 19:00:06       0     15     42      -      0      0      0      0      0      0    405    277      0      0 
 19:00:07       0     15     42      -      0      0      0      0      0      0    405    277      0      0 
 19:00:08       0     15     42      -      0      0      0      0      0      0    405    277      0      0 
 19:00:09       0     15     42      -      0      0      0      0      0      0    405    277      0      0 
 19:00:10       0     15     42      -      0      0      0      0      0      0    405    277      0      0 
 19:00:11       0     15     42      -      0      0      0      0      0      0    405    277      0      0 
 19:00:12       0     15     42      -      0      0      0      0      0      0    405    277     28      8 
 19:00:13       0     16     42      -      0      0      0      0      0      0    405    277      0      0 
 19:00:14       0     15     42      -      0      0      0      0      0      0    405    277      0      0 
 19:00:15       0     15     42      -      0      6      0      0      0      0    405    277      0      0 
 19:00:16       0     15     42      -      0      0      0      0      0      0    405    277      0      0 
 19:00:17       0     15     42      -      0      0      0      0      0      0    405    277      0      0 
 19:00:18       0     15     42      -      0      0      0      0      0      0    405    277      0      0 
 19:00:19       0     15     42      -      0      0      0      0      0      0    405    277     44      8 
 19:00:20       0     15     42      -      0      0      0      0      0      0    405    277      0      0 
 19:00:21       0     15     42      -      0      0      0      0      0      0    405    277      0      0 
 19:00:22       0     16     42      -      0      0      0      0      0      0    405    277      0      0 
#Time         gpu    pwr  gtemp  mtemp     sm    mem    enc    dec    jpg    ofa   mclk   pclk  rxpci  txpci 
#HH:MM:SS     Idx      W      C      C      %      %      %      %      %      %    MHz    MHz   MB/s   MB/s 
 19:00:23       0     15     42      -      0      0      0      0      0      0    405    277      0      1 
 19:00:24       0     15     42      -      0      1      0      0      0      0    405    277      0      0 
 19:00:25       0     15     42      -      0      0      0      0      0      0    405    277      0      0 
 19:00:26       0     15     42      -      0      0      0      0      0      0    405    277      0      0 
 19:00:27       0     15     42      -      0      0      0      0      0      0    405    277      1      0 
 19:00:28       0     15     42      -      0      0      0      0      0      0    405    277      0      0 
 19:00:31       0     15     42      -      0      0      0      0      0      0    405    277      0      0 
 19:00:32       0     15     42      -      0      0      0      0      0      0    405    277      0      0 
 19:00:33       0     16     42      -      0      0      0      0      0      0    405    277      0      0 
 19:00:34       0     15     42      -      0      0      0      0      0      0    405    277      0      0 
 19:00:35       0     15     42      -      0      0      0      0      0      0    405    277      0      0 
 19:00:36       0     15     42      -      0      0      0      0      0      0    405    277      0      0 
 19:00:37       0     15     42      -      0      0      0      0      0      0    405    277      0      0 
 19:00:38       0     15     42      -      0      0      0      0      0      0    405    277      0      0 
 19:00:39       0     15     42      -      0      0      0      0      0      0    405    277      0      0 
 19:00:40       0     15     42      -      0      1      0      0      0      0    405    277      0      3 
 19:00:41       0     15     42      -      0      0      0      0      0      0    405    277     44      0 
 19:00:42       0     16     42      -      0      0      0      0      0      0    405    277      0      0 
 19:00:43       0     15     42      -      0      0      0      0      0      0    405    277      0      0 
 19:00:44       0     15     42      -      0      0      0      0      0      0    405    277      0      0 
 19:00:45       0     15     42      -      0      0      0      0      0      0    405    277      0      0 
 19:00:46       0     15     42      -      0      0      0      0      0      0    405    277      0      0 
 19:00:47       0     15     42      -      0      0      0      0      0      0    405    277      0      0 
 19:00:48       0     15     42      -      0     10      0      0      0      0    405    277      0      0 
 19:00:49       0     15     42      -      0      0      0      0      0      0    405    277      0      0 
 19:00:50       0     15     42      -      0      0      0      0      0      0    405    277      0      1 
 19:00:51       0     16     42      -      0      0      0      0      0      0    405    277      0      0 
 19:00:52       0     15     42      -      0      0      0      0      0      0    405    277      0      0 
 19:00:53       0     15     42      -      0      0      0      0      0      0    405    277      0      0 
 19:00:54       0     15     42      -      0      0      0      0      0      0    405    277      0      1 
 19:00:55       0     15     42      -      0      0      0      0      0      0    405    277      0      0 
 19:00:56       0     15     42      -      0      0      0      0      0      0    405    277      0      0 
 19:00:57       0     15     42      -      0      0      0      0      0      0    405    277      0      0 
 19:00:58       0     15     42      -      0      0      0      0      0      0    405    277      0      0 
 19:00:59       0     15     42      -      0      0      0      0      0      0    405    270      0      0 
 19:01:00       0     16     42      -      0      0      0      0      0      0    405    277     45      0 
 19:01:01       0     15     42      -      0      0      0      0      0      0    405    277      0      0 
 19:01:02       0     15     42      -      0      0      0      0      0      0    405    277      0      0 
 19:01:04       0     15     42      -      0      0      0      0      0      0    405    277      0      0 
 19:01:05       0     15     42      -      0      0      0      0      0      0    405    270      0      0 
 19:01:06       0     15     42      -      0      1      0      0      0      0    405    277      0      0 
 19:01:07       0     15     42      -      0      0      0      0      0      0    405    277      0      0 
 19:01:08       0     15     42      -      0      0      0      0      0      0    405    277      0      0 
 19:01:09       0     15     42      -      0      0      0      0      0      0    405    277      0      0 
#Time         gpu    pwr  gtemp  mtemp     sm    mem    enc    dec    jpg    ofa   mclk   pclk  rxpci  txpci 
#HH:MM:SS     Idx      W      C      C      %      %      %      %      %      %    MHz    MHz   MB/s   MB/s 
 19:01:10       0     15     42      -      0      0      0      0      0      0    405    277     52      9 
 19:01:11       0     15     42      -      0      0      0      0      0      0    405    277      0      0 
 19:01:13       0     15     42      -      0      1      0      0      0      0    405    277      0      0 
 19:01:14       0     15     42      -      0      0      0      0      0      0    405    277      0      0 
 19:01:15       0     15     42      -      0      0      0      0      0      0    405    277      0      1 
 19:01:16       0     15     42      -      0     17      0      0      0      0    405    277      0      0 
 19:01:17       0     15     42      -      0      0      0      0      0      0    405    277      0      0 
 19:01:18       0     15     42      -      0      0      0      0      0      0    405    277      0      0 
 19:01:19       0     15     42      -      0      0      0      0      0      0    405    277      0      0 
 19:01:20       0     15     42      -      0      0      0      0      0      0    405    277      0      8 
 19:01:21       0     15     42      -      0      0      0      0      0      0    405    277      0      0 
 19:01:22       0     16     42      -      0      0      0      0      0      0    405    277      0      0 
 19:01:23       0     16     42      -      0      0      0      0      0      0    405    277      0      0 
 19:01:24       0     15     42      -      0      0      0      0      0      0    405    277      0      0 
 19:01:25       0     15     42      -      0      0      0      0      0      0    405    277      0      0 
 19:01:26       0     15     42      -      0      0      0      0      0      0    405    277      0      0 
 19:01:27       0     15     42      -      0      1      0      0      0      0    405    277      0      0 
 19:01:28       0     15     42      -      0      9      0      0      0      0    405    277      0      0 
 19:01:29       0     15     42      -      0      0      0      0      0      0    405    277      0      0 
 19:01:30       0     15     42      -      1      0      0      0      0      0    405    277      0      0 
 19:01:31       0     16     42      -      0      0      0      0      0      0    405    277      0      0 
 19:01:32       0     15     42      -      0     10      0      0      0      0    405    277      0      0 
 19:01:33       0     15     42      -      0      0      0      0      0      0    405    277      0      0 
 19:01:34       0     15     42      -      0      0      0      0      0      0    405    277      0      0 
 19:01:35       0     15     42      -      0      0      0      0      0      0    405    277      0      1 
 19:01:36       0     15     42      -      0      0      0      0      0      0    405    277      0      0 
 19:01:38       0     15     42      -      0      0      0      0      0      0    405    277      0      0 
 19:01:39       0     15     42      -      0      0      0      0      0      0    405    277      0      0 
 19:01:40       0     15     42      -      0      0      0      0      0      0    405    277     59      6 
 19:01:41       0     15     42      -      0      0      0      0      0      0    405    277      0      0 
 19:01:42       0     15     42      -      0      0      0      0      0      0    405    277      0      0 
 19:01:43       0     15     42      -      0      0      0      0      0      0    405    277      0      0 
 19:01:44       0     16     42      -      0      0      0      0      0      0    405    277      0      1 
 19:01:45       0     15     42      -      0      0      0      0      0      0    405    277      0      0 
 19:01:46       0     15     42      -      0      0      0      0      0      0    405    277      0      0 
 19:01:47       0     15     42      -      0      0      0      0      0      0    405    277      0      0 
 19:01:48       0     15     42      -      0      0      0      0      0      0    405    277      0      0 
 19:01:49       0     15     42      -      0      0      0      0      0      0    405    277      0      0 
 19:01:50       0     15     42      -      0      0      0      0      0      0    405    277      0      0 
 19:01:51       0     15     42      -      1      0      0      0      0      0    405    277      0      0 
 19:01:52       0     16     42      -      0      2      0      0      0      0    405    277      0      0 
 19:01:53       0     15     42      -      0      0      0      0      0      0    405    277      0      1 
 19:01:54       0     15     42      -      0      0      0      0      0      0    405    270      0      0 
 19:01:55       0     15     42      -      0      0      0      0      0      0    405    277      0      0 
#Time         gpu    pwr  gtemp  mtemp     sm    mem    enc    dec    jpg    ofa   mclk   pclk  rxpci  txpci 
#HH:MM:SS     Idx      W      C      C      %      %      %      %      %      %    MHz    MHz   MB/s   MB/s 
 19:01:56       0     15     42      -      0      0      0      0      0      0    405    277      0      0 
 19:01:57       0     15     42      -      0      0      0      0      0      0    405    277      1      0 
 19:01:58       0     15     42      -      0      0      0      0      0      0    405    277     46      0 
 19:01:59       0     15     42      -      0      0      0      0      0      0    405    277      0      0 
 19:02:00       0     15     42      -      0      0      0      0      0      0    405    277      0      0 
 19:02:01       0     16     42      -      0      0      0      0      0      0    405    277      0      0 
 19:02:02       0     15     42      -      0      0      0      0      0      0    405    277      0      0 
 19:02:03       0     15     42      -      0      0      0      0      0      0    405    277      0      0 
 19:02:04       0     15     42      -      0     12      0      0      0      0    405    277      0      0 
 19:02:05       0     15     42      -      0      0      0      0      0      0    405    277      0      0 
 19:02:06       0     15     42      -      0      0      0      0      0      0    405    277      0      6 
 19:02:07       0     15     42      -      0      0      0      0      0      0    405    277     44      0 
 19:02:09       0     15     42      -      0      0      0      0      0      0    405    270      0      0 
 19:02:10       0     14     42      -      0      0      0      0      0      0    405    277      0      0 
 19:02:11       0     15     42      -      0      0      0      0      0      0    405    277      0      0 
 19:02:12       0     15     42      -      0      0      0      0      0      0    405    277      0      0 
 19:02:13       0     15     42      -      0      0      0      0      0      0    405    277      0      0 
 19:02:14       0     15     42      -      0      0      0      0      0      0    405    277      0      0 
 19:02:15       0     16     42      -      0      0      0      0      0      0    405    277      0      0 
 19:02:16       0     16     42      -      0      0      0      0      0      0    405    277      0      0 
 19:02:17       0     15     42      -      0      0      0      0      0      0    405    277      0      0 
 19:02:18       0     15     42      -      0      0      0      0      0      0    405    277      0      0 
 19:02:19       0     15     42      -      0      0      0      0      0      0    405    277      0      0 
 19:02:20       0     15     42      -      0      0      0      0      0      0    405    277      0      0 
 19:02:21       0     14     42      -      0      0      0      0      0      0    405    277      0      1 
 19:02:22       0     15     42      -      0      0      0      0      0      0    405    277      0      0 
 19:02:23       0     14     42      -      0      0      0      0      0      0    405    277      0      0 
 19:02:24       0     15     42      -      0      0      0      0      0      0    405    277      0      0 
 19:02:27       0     15     42      -      0      0      0      0      0      0    405    277      0      0 
 19:02:28       0     15     42      -      0      0      0      0      0      0    405    277    121      8 
 19:02:29       0     16     42      -      0      0      0      0      0      0    405    277      0      0 
 19:02:30       0     15     42      -      0      0      0      0      0      0    405    277      0      1 
 19:02:31       0     15     42      -      0      1      0      0      0      0    405    277      0      0 
 19:02:32       0     15     42      -      0      0      0      0      0      0    405    277      0      0 
 19:02:33       0     15     42      -      0      0      0      0      0      0    405    277      0      0 
 19:02:34       0     15     42      -      0      0      0      0      0      0    405    277      0      0 
 19:02:35       0     15     42      -      0      0      0      0      0      0    405    277      0      0 
 19:02:36       0     15     42      -      0      0      0      0      0      0    405    277      0      0 
 19:02:37       0     15     42      -      0      0      0      0      0      0    405    277      0      0 
 19:02:38       0     15     42      -      0      0      0      0      0      0    405    277      0      0 
 19:02:39       0     15     42      -      0      0      0      0      0      0    405    277      0      0 
 19:02:40       0     15     42      -      0      0      0      0      0      0    405    277      0      0 
 19:02:41       0     15     42      -      0      0      0      0      0      0    405    277      0      0 
 19:02:42       0     15     42      -      0      0      0      0      0      0    405    277      0      1 
#Time         gpu    pwr  gtemp  mtemp     sm    mem    enc    dec    jpg    ofa   mclk   pclk  rxpci  txpci 
#HH:MM:SS     Idx      W      C      C      %      %      %      %      %      %    MHz    MHz   MB/s   MB/s 
 19:02:43       0     14     42      -      0      0      0      0      0      0    405    277      0      0 
 19:02:44       0     15     42      -      0      0      0      0      0      0    405    277      0      0 
 19:02:45       0     15     42      -      0      0      0      0      0      0    405    277      0      0 
 19:02:46       0     15     42      -      0      0      0      0      0      0    405    277      0      0 
 19:02:47       0     15     42      -      0      0      0      0      0      0    405    277      0      6 
 19:02:48       0     15     42      -      0     10      0      0      0      0    405    277      0      0 
 19:02:49       0     15     42      -      0      0      0      0      0      0    405    277      0      0 
 19:02:50       0     15     42      -      0      0      0      0      0      0    405    277      0      0 
 19:02:51       0     15     42      -      0      0      0      0      0      0    405    277      0      0 
 19:02:52       0     15     42      -      0      0      0      0      0      0    405    277      0      1 
 19:02:53       0     15     42      -      0      0      0      0      0      0    405    277      0      0 
 19:02:54       0     15     42      -      1      0      0      0      0      0    405    277      0      0 
 19:02:55       0     16     42      -      0      0      0      0      0      0    405    277      0      0 
 19:02:56       0     15     42      -      0      0      0      0      0      0    405    277      0      0 
 19:02:57       0     15     42      -      0      0      0      0      0      0    405    277      0      0 
 19:02:58       0     15     42      -      0      0      0      0      0      0    405    277      0      0 
 19:03:00       0     15     42      -      0     12      0      0      0      0    405    277      0      0 
 19:03:01       0     15     42      -      0      0      0      0      0      0    405    277      0      0 
 19:03:02       0     15     42      -      0      1      0      0      0      0    405    277      0      0 
 19:03:03       0     15     42      -      0      0      0      0      0      0    405    277      0      0 
 19:03:04       0     15     42      -      0      0      0      0      0      0    405    270      0      0 
 19:03:05       0     15     42      -      0      0      0      0      0      0    405    277      0      0 
 19:03:06       0     15     42      -      0      0      0      0      0      0    405    277      0      0 
 19:03:07       0     15     42      -      0      0      0      0      0      0    405    277      0      6 
 19:03:08       0     15     42      -      0      0      0      0      0      0    405    277     33      0 
 19:03:09       0     15     42      -      0      0      0      0      0      0    405    277      0      0 
 19:03:11       0     16     42      -      0      0      0      0      0      0    405    277      0      0 
 19:03:12       0     15     42      -      0      0      0      0      0      0    405    277      0      0 
 19:03:13       0     15     42      -      0      0      0      0      0      0    405    277      0      0 
 19:03:14       0     15     42      -      0      0      0      0      0      0    405    277      0      0 
 19:03:15       0     15     42      -      0      0      0      0      0      0    405    277      0      0 
 19:03:16       0     15     42      -      0      0      0      0      0      0    405    277      0      0 
 19:03:17       0     15     42      -      0      0      0      0      0      0    405    277      0      0 
 19:03:18       0     15     42      -      0      0      0      0      0      0    405    277      0      0 
 19:03:19       0     15     42      -      0      0      0      0      0      0    405    277      0      0 
 19:03:20       0     15     42      -      0      0      0      0      0      0    405    277      0      0 
 19:03:21       0     15     42      -      0      0      0      0      0      0    405    277      0      0 
 19:03:22       0     15     42      -      0      0      0      0      0      0    405    277      1      0 
 19:03:23       0     15     42      -      0      0      0      0      0      0    405    277      0      0 
 19:03:24       0     15     42      -      0      0      0      0      0      0    405    277      0      0 
 19:03:25       0     15     42      -      0      0      0      0      0      0    405    277      0      0 
 19:03:26       0     15     42      -      0      0      0      0      0      0    405    277      0      6 
 19:03:27       0     15     42      -      0      0      0      0      0      0    405    277      0      0 
 19:03:28       0     15     42      -      0      0      0      0      0      0    405    277      0      0 
#Time         gpu    pwr  gtemp  mtemp     sm    mem    enc    dec    jpg    ofa   mclk   pclk  rxpci  txpci 
#HH:MM:SS     Idx      W      C      C      %      %      %      %      %      %    MHz    MHz   MB/s   MB/s 
 19:03:29       0     15     42      -      0      1      0      0      0      0    405    277      0      0 
 19:03:30       0     15     42      -      0      0      0      0      0      0    405    277      0      0 
 19:03:31       0     15     42      -      0      0      0      0      0      0    405    277      1      0 
 19:03:32       0     15     42      -      0      0      0      0      0      0    405    277      0      0 
 19:03:34       0     16     42      -      0      0      0      0      0      0    405    277      0      0 
 19:03:35       0     15     42      -      0      0      0      0      0      0    405    277      0      0 
 19:03:36       0     15     42      -      0      0      0      0      0      0    405    277      0      0 
 19:03:37       0     15     42      -      0      0      0      0      0      0    405    277      0      0 
 19:03:38       0     15     42      -      0      0      0      0      0      0    405    277      0      0 
 19:03:39       0     15     42      -      0      0      0      0      0      0    405    277      0      0 
 19:03:40       0     15     42      -      0      0      0      0      0      0    405    277      0      0 
 19:03:41       0     15     42      -      0      0      0      0      0      0    405    277      0      0 
 19:03:42       0     15     42      -      0      0      0      0      0      0    405    277      0      0 
 19:03:43       0     15     42      -      0      0      0      0      0      0    405    277      0      0 
 19:03:44       0     16     42      -      0      0      0      0      0      0    405    277      0      0 
 19:03:45       0     15     42      -      0      0      0      0      0      0    405    277      0      1 
 19:03:46       0     15     42      -      0      0      0      0      0      0    405    277      0      3 
 19:03:47       0     15     42      -      0      0      0      0      0      0    405    277      0      0 
 19:03:48       0     15     42      -      0      0      0      0      0      0    405    277      0      0 
 19:03:49       0     15     42      -      0      0      0      0      0      0    405    277      0      0 
 19:03:50       0     15     42      -      0     10      0      0      0      0    405    277      0      0 
 19:03:51       0     15     42      -      0      0      0      0      0      0    405    277      0      1 
 19:03:52       0     15     42      -      0      0      0      0      0      0    405    277      0      0 
 19:03:53       0     15     42      -      0      0      0      0      0      0    405    277      0      0 
 19:03:54       0     15     42      -      0      0      0      0      0      0    405    270      0      0 
 19:03:55       0     15     42      -      0      0      0      0      0      0    405    277      0      0 
 19:03:56       0     16     42      -      0      0      0      0      0      0    405    277      0      0 
 19:03:57       0     16     42      -      0      0      0      0      0      0    405    277      0      0 
 19:03:58       0     15     42      -      0      0      0      0      0      0    405    277      0      0 
 19:03:59       0     15     42      -      0      0      0      0      0      0    405    277      0      0 
 19:04:00       0     15     42      -      0      0      0      0      0      0    405    277      0      0 
 19:04:01       0     15     42      -      0      0      0      0      0      0    405    277      0      0 
 19:04:02       0     15     42      -      0      0      0      0      0      0    405    277      0      0 
 19:04:03       0     15     42      -      0      0      0      0      0      0    405    277      0      0 
 19:04:04       0     15     42      -      0      0      0      0      0      0    405    277      0      0 
 19:04:05       0     15     42      -      0      0      0      0      0      0    405    277      0      8 
 19:04:08       0     15     42      -      0      0      0      0      0      0    405    277     46      0 
 19:04:09       0     16     42      -      0      2      0      0      0      0    405    277      0      0 
 19:04:10       0     15     42      -      0      0      0      0      0      0    405    277      0      0 
 19:04:11       0     15     42      -      0      0      0      0      0      0    405    277      0      0 
 19:04:12       0     15     42      -      0      0      0      0      0      0    405    277      0      0 
 19:04:13       0     15     42      -      0      0      0      0      0      0    405    277      1      0 
 19:04:14       0     15     42      -      0      0      0      0      0      0    405    277      0      0 
 19:04:15       0     15     42      -      0      0      0      0      0      0    405    277      0      0 
#Time         gpu    pwr  gtemp  mtemp     sm    mem    enc    dec    jpg    ofa   mclk   pclk  rxpci  txpci 
#HH:MM:SS     Idx      W      C      C      %      %      %      %      %      %    MHz    MHz   MB/s   MB/s 
 19:04:16       0     15     42      -      0      0      0      0      0      0    405    277      0      0 
 19:04:17       0     15     42      -      0      0      0      0      0      0    405    277      0      0 
 19:04:18       0     15     42      -      0      9      0      0      0      0    405    277      0      0 
 19:04:19       0     15     42      -      1      0      0      0      0      0    405    277      0      0 
 19:04:20       0     16     42      -      0      0      0      0      0      0    405    277      0      0 
 19:04:21       0     15     42      -      0      0      0      0      0      0    405    277      0      0 
 19:04:22       0     15     42      -      0      0      0      0      0      0    405    277      0      0 
 19:04:23       0     15     42      -      0      0      0      0      0      0    405    277      0      0 
 19:04:24       0     15     42      -      0      0      0      0      0      0    405    277      0      0 
 19:04:25       0     15     42      -      0      0      0      0      0      0    405    277      0      0 
 19:04:26       0     15     42      -      0      0      0      0      0      0    405    277      0      0 
 19:04:27       0     15     42      -      0      0      0      0      0      0    405    277     44      9 
 19:04:28       0     15     42      -      0      0      0      0      0      0    405    277      0      0 
 19:04:29       0     16     42      -      0      0      0      0      0      0    405    277      0      0 
 19:04:30       0     17     42      -      0      0      0      0      0      0    405    277      0      0 
 19:04:31       0     15     42      -      0      0      0      0      0      0    405    277      0      0 
 19:04:32       0     15     42      -      0      0      0      0      0      0    405    277      1      0 
 19:04:33       0     15     42      -      0      0      0      0      0      0    405    277      0      0 
 19:04:34       0     15     42      -      0      0      0      0      0      0    405    277      0      0 
 19:04:35       0     15     42      -      0      0      0      0      0      0    405    277      0      0 
 19:04:36       0     15     42      -      0      1      0      0      0      0    405    277      0      0 
 19:04:37       0     15     42      -      0      0      0      0      0      0    405    277      0      0 
 19:04:38       0     15     42      -      0      0      0      0      0      0    405    277      0      0 
 19:04:39       0     15     42      -      1      4      0      0      0      0    405    277      0      0 
 19:04:41       0     16     42      -      0      3      0      0      0      0    405    277      0      0 
 19:04:42       0     15     42      -      0      0      0      0      0      0    405    277      0      1 
 19:04:43       0     15     42      -      0      5      0      0      0      0    405    277      0      0 
 19:04:45       0     15     42      -      0      0      0      0      0      0    405    277      0      0 
 19:04:46       0     15     42      -      0      0      0      0      0      0    405    277      0      0 
 19:04:47       0     15     42      -      0      0      0      0      0      0    405    277      0      3 
 19:04:48       0     15     42      -      0      0      0      0      0      0    405    277      0      0 
 19:04:49       0     15     42      -      0      0      0      0      0      0    405    277      0      0 
 19:04:50       0     15     42      -      0      0      0      0      0      0    405    277      0      0 
 19:04:51       0     16     43      -      0      0      0      0      0      0    405    277      0      0 
 19:04:52       0     15     42      -      0      0      0      0      0      0    405    277      0      0 
 19:04:53       0     15     42      -      0      0      0      0      0      0    405    277      0      0 
 19:04:54       0     15     43      -      0      0      0      0      0      0    405    277      0      0 
 19:04:55       0     15     42      -      0      0      0      0      0      0    405    277      0      0 
 19:04:56       0     15     42      -      0      0      0      0      0      0    405    277      0      0 
 19:04:57       0     15     42      -      0      0      0      0      0      0    405    277      0      0 
 19:04:58       0     15     42      -      0      0      0      0      0      0    405    277      0      0 
 19:04:59       0     15     42      -      0      0      0      0      0      0    405    277      0      0 
 19:05:00       0     16     43      -      0      0      0      0      0      0    405    277      0      0 
 19:05:01       0     15     43      -      0      8      0      0      0      0    405    277      0      0 
#Time         gpu    pwr  gtemp  mtemp     sm    mem    enc    dec    jpg    ofa   mclk   pclk  rxpci  txpci 
#HH:MM:SS     Idx      W      C      C      %      %      %      %      %      %    MHz    MHz   MB/s   MB/s 
 19:05:02       0     15     43      -      0      0      0      0      0      0    405    277      0      0 
 19:05:03       0     15     43      -      0      0      0      0      0      0    405    277      0      0 
 19:05:04       0     15     42      -      0      0      0      0      0      0    405    277      0      0 
 19:05:05       0     15     43      -      0      0      0      0      0      0    405    277      0      0 
 19:05:06       0     15     43      -      0      0      0      0      0      0    405    277      0      0 
 19:05:07       0     15     43      -      0      0      0      0      0      0    405    277     44      8 
 19:05:08       0     15     43      -      0      0      0      0      0      0    405    277      0      1 
 19:05:09       0     16     43      -      0      0      0      0      0      0    405    277      0      0 
 19:05:10       0     15     43      -      0      0      0      0      0      0    405    277      0      0 
 19:05:11       0     15     43      -      0      0      0      0      0      0    405    277      0      0 
 19:05:12       0     15     43      -      0      0      0      0      0      0    405    277      0      0 
 19:05:13       0     15     43      -      0      0      0      0      0      0    405    277      0      0 
 19:05:15       0     15     43      -      0      0      0      0      0      0    405    277      0      0 
 19:05:16       0     15     43      -      0      0      0      0      0      0    405    277      0      0 
 19:05:17       0     15     43      -      1      0      0      0      0      0    405    277     34      0 
 19:05:18       0     16     43      -      0      0      0      0      0      0    405    277      0      0 
 19:05:19       0     15     43      -      0      0      0      0      0      0    405    277      0      0 
 19:05:20       0     15     43      -      0     10      0      0      0      0    405    277      0      0 
 19:05:21       0     15     43      -      0      0      0      0      0      0    405    277      0      0 
 19:05:22       0     15     43      -      0      0      0      0      0      0    405    277      0      1 
 19:05:23       0     15     43      -      0      0      0      0      0      0    405    277      0      0 
 19:05:24       0     15     43      -      0      0      0      0      0      0    405    277      0      0 
 19:05:25       0     15     43      -      0      0      0      0      0      0    405    277      0      0 
 19:05:26       0     15     43      -      1      0      0      0      0      0    405    277      0      0 
 19:05:27       0     17     43      -      0      0      0      0      0      0    405    277     46      0 
 19:05:28       0     15     43      -      0      0      0      0      0      0    405    277      0      0 
 19:05:30       0     15     43      -      0      0      0      0      0      0    405    277      0      0 
 19:05:31       0     15     43      -      0      0      0      0      0      0    405    277      0      0 
 19:05:32       0     15     43      -      0      0      0      0      0      0    405    277      0      0 
 19:05:33       0     15     43      -      0      0      0      0      0      0    405    277      0      0 
 19:05:34       0     15     43      -      0      0      0      0      0      0    405    277      0      0 
 19:05:35       0     15     43      -      0      0      0      0      0      0    405    277      0      0 
 19:05:36       0     15     43      -      0      0      0      0      0      0    405    277      0      0 
 19:05:37       0     15     43      -      0      0      0      0      0      0    405    277      0      0 
 19:05:38       0     15     43      -      0      0      0      0      0      0    405    277      0      0 
 19:05:38       0     15     43      -      0      0      0      0      0      0    405    277      5      0 
 19:05:39       0     16     43      -      0      0      0      0      0      0    405    277      0      0 
 19:05:40       0     15     43      -      0      1      0      0      0      0    405    277      0      0 
 19:05:42       0     15     43      -      0      0      0      0      0      0    405    277      0      0 
 19:05:43       0     15     43      -      0      0      0      0      0      0    405    277      0      0 
 19:05:44       0     15     43      -      0      0      0      0      0      0    405    270      0      0 
 19:05:45       0     15     43      -      0      0      0      0      0      0    405    277      0      0 
 19:05:45       0     15     43      -      0      0      0      0      0      0    405    277      0      6 
 19:05:46       0     15     43      -      0      0      0      0      0      0    405    277     47      0 
#Time         gpu    pwr  gtemp  mtemp     sm    mem    enc    dec    jpg    ofa   mclk   pclk  rxpci  txpci 
#HH:MM:SS     Idx      W      C      C      %      %      %      %      %      %    MHz    MHz   MB/s   MB/s 
 19:05:49       0     15     43      -      0      0      0      0      0      0    405    277      0      0 
 19:05:50       0     15     43      -      0      0      0      0      0      0    405    277      0      0 
 19:05:51       0     15     43      -      0      0      0      0      0      0    405    277     56      6 
 19:05:52       0     16     43      -      0      0      0      0      0      0    405    277      0      0 
 19:05:53       0     15     43      -      0      0      0      0      0      0    405    277      0      0 
 19:05:54       0     15     43      -      0      0      0      0      0      0    405    277      0      1 
 19:05:55       0     15     43      -      0      0      0      0      0      0    405    277      0      0 
 19:05:56       0     15     43      -      0      0      0      0      0      0    405    277      0      0 
 19:05:57       0     15     43      -      0      0      0      0      0      0    405    277      0      0 
 19:05:58       0     15     43      -      0      0      0      0      0      0    405    277      0      0 
 19:05:59       0     15     43      -      0      0      0      0      0      0    405    277      0      0 
 19:06:00       0     15     43      -      0      0      0      0      0      0    405    277      0      0 
 19:06:01       0     15     43      -      0      0      0      0      0      0    405    277      0      0 
 19:06:02       0     15     43      -      0      2      0      0      0      0    405    277      0      1 
 19:06:03       0     15     43      -      0      0      0      0      0      0    405    277      0      0 
 19:06:04       0     16     43      -      0     13      0      0      0      0    405    277      0      0 
 19:06:05       0     15     43      -      0      0      0      0      0      0    405    277      0      0 
 19:06:06       0     15     43      -      0      0      0      0      0      0    405    277     44      8 
 19:06:07       0     15     43      -      0      0      0      0      0      0    405    277      0      0 
 19:06:08       0     15     43      -      0      0      0      0      0      0    405    277      0      0 
 19:06:09       0     15     43      -      0      2      0      0      0      0    405    277      0      0 
 19:06:10       0     15     43      -      0      0      0      0      0      0    405    277      0      0 
 19:06:11       0     15     43      -      0      0      0      0      0      0    405    277      0      1 
 19:06:12       0     15     43      -      0      0      0      0      0      0    405    277      0      0 
 19:06:13       0     15     43      -      0      0      0      0      0      0    405    277      0      0 
 19:06:14       0     15     43      -      0      0      0      0      0      0    405    277      0      0 
 19:06:15       0     15     43      -      0      0      0      0      0      0    405    277      0      0 
 19:06:16       0     16     43      -      0      0      0      0      0      0    405    277      0      0 
 19:06:17       0     15     43      -      0      0      0      0      0      0    405    277      0      0 
 19:06:18       0     15     43      -      0      0      0      0      0      0    405    277      0      0 
 19:06:19       0     15     43      -      0      0      0      0      0      0    405    277      0      0 
 19:06:20       0     15     43      -      0      0      0      0      0      0    405    277      0      1 
 19:06:23       0     15     43      -      0      0      0      0      0      0    405    277      0      0 
 19:06:24       0     15     43      -      0      0      0      0      0      0    405    277      0      0 
 19:06:25       0     15     43      -      0      0      0      0      0      0    405    277      0      0 
 19:06:26       0     15     43      -      0      0      0      0      0      0    405    277      0      0 
 19:06:27       0     16     43      -      0      0      0      0      0      0    405    277     63      3 
 19:06:28       0     15     43      -      0      0      0      0      0      0    405    277      0      0 
 19:06:29       0     15     43      -      0      0      0      0      0      0    405    277      0      0 
 19:06:30       0     15     43      -      0      0      0      0      0      0    405    277      0      0 
 19:06:31       0     15     43      -      0      0      0      0      0      0    405    277      0      0 
 19:06:32       0     15     43      -      0      0      0      0      0      0    405    277      0      1 
 19:06:33       0     15     43      -      0      0      0      0      0      0    405    277      0      0 
 19:06:34       0     15     43      -      0      0      0      0      0      0    405    277      0      0 
#Time         gpu    pwr  gtemp  mtemp     sm    mem    enc    dec    jpg    ofa   mclk   pclk  rxpci  txpci 
#HH:MM:SS     Idx      W      C      C      %      %      %      %      %      %    MHz    MHz   MB/s   MB/s 
 19:06:35       0     16     43      -      0      0      0      0      0      0    405    277      0      0 
 19:06:36       0     16     43      -      0      0      0      0      0      0    405    277      0      0 
 19:06:37       0     15     43      -      0      0      0      0      0      0    405    277      0      0 
 19:06:38       0     15     43      -      0      0      0      0      0      0    405    277      0      0 
 19:06:39       0     15     43      -      0      0      0      0      0      0    405    277      0      0 
 19:06:40       0     15     43      -      0      0      0      0      0      0    405    270      0      0 
 19:06:41       0     15     43      -      0      0      0      0      0      0    405    277      0      0 
 19:06:42       0     15     43      -      0      0      0      0      0      0    405    277      0      0 
 19:06:43       0     15     43      -      1      0      0      0      0      0    405    277      0      0 
 19:06:44       0     16     43      -      0     11      0      0      0      0    405    277      0      0 
 19:06:45       0     15     43      -      0      0      0      0      0      0    405    277      0      0 
 19:06:46       0     15     43      -      0      0      0      0      0      0    405    277     44      9 
 19:06:47       0     15     43      -      0      0      0      0      0      0    405    277      0      0 
 19:06:48       0     15     43      -      0      0      0      0      0      0    405    270      0      0 
 19:06:49       0     15     43      -      0      0      0      0      0      0    405    277      0      0 
 19:06:50       0     15     43      -      0      0      0      0      0      0    405    277      0      0 
 19:06:51       0     15     43      -      0      0      0      0      0      0    405    277      0      1 
 19:06:52       0     15     43      -      1      0      0      0      0      0    405    270      0      0 
 19:06:53       0     16     43      -      0      0      0      0      0      0    405    277      0      0 
 19:06:54       0     15     43      -      0      0      0      0      0      0    405    277      0      0 
 19:06:56       0     15     43      -      0      5      0      0      0      0    405    277      0      0 
 19:06:57       0     15     43      -      0      0      0      0      0      0    405    277      0      0 
 19:06:58       0     15     43      -      0      0      0      0      0      0    405    277      0      0 
 19:06:59       0     15     43      -      0      0      0      0      0      0    405    277      0      0 
 19:07:00       0     15     43      -      0      0      0      0      0      0    405    277      0      0 
 19:07:01       0     18     43      -     81     79      0      0      0      0    405    277     72     17 
 19:07:02       0     46     44      -      0      0      0      0      0      0  15016   2610      1      1 
 19:07:03       0     39     44      -      0      0      0      0      0      0   7001    690      1      0 
 19:07:04       0     29     43      -      0      0      0      0      0      0   7001    472      0      0 
 19:07:05       0     29     44      -     16      6      0      0      0      0   7001    532      0      0 
 19:07:06       0     30     43      -     10      3      0      0      0      0   7001    525     62      4 
 19:07:07       0     29     43      -      0      0      0      0      0      0   7001    277  64298   5612 
 19:07:08       0    162     58      -    100     49      0      0      0      0  15016   2932  35203   3132 
 19:07:09       0    288     65      -     75     26      0      0      0      0  15016   2880     39     15 
 19:07:10       0     61     48      -      0      0      0      0      0      0  15016   2947      0      0 
 19:07:11       0     47     47      -      0      0      0      0      0      0  15016   2947      0      1 
 19:07:12       0     30     45      -      0      0      0      0      0      0   7001    585      0      0 
 19:07:13       0     29     44      -      0      0      0      0      0      0   7001    360      0      0 
 19:07:14       0     29     44      -      0      0      0      0      0      0   7001    277      0      0 
 19:07:15       0     33     46      -     15      4      0      0      0      0   7001    720      0      0 
 19:07:16       0    202     60      -     95     47      0      0      0      0  15016   2895  22423   2481 
 19:07:17       0    106     49      -      0      0      0      0      0      0  15016   2940      0      1 
 19:07:18       0     57     47      -      0      0      0      0      0      0  15016   2947      0      0 
 19:07:19       0     35     45      -      0      0      0      0      0      0   7001    555      0      0 
#Time         gpu    pwr  gtemp  mtemp     sm    mem    enc    dec    jpg    ofa   mclk   pclk  rxpci  txpci 
#HH:MM:SS     Idx      W      C      C      %      %      %      %      %      %    MHz    MHz   MB/s   MB/s 
 19:07:20       0     29     45      -      0      0      0      0      0      0   7001    435      0      0 
 19:07:21       0     28     45      -      0      0      0      0      0      0   7001    277      0      0 
 19:07:22       0     28     44      -      0      0      0      0      0      0   7001    277      0      0 
 19:07:23       0     28     44      -      0      0      0      0      0      0   7001    277      0      0 
 19:07:24       0     23     44      -      0      0      0      0      0      0   7001    277      0      0 
 19:07:25       0     20     44      -      0      0      0      0      0      0    810    285     44      9 
 19:07:26       0     16     44      -      0      0      0      0      0      0    810    277      0      1 
 19:07:27       0     16     44      -      0      0      0      0      0      0    405    277      0      0 
 19:07:30       0     15     44      -      0      0      0      0      0      0    405    277      0      0 
 19:07:31       0     15     44      -      0      0      0      0      0      0    405    277      0      0 
 19:07:32       0     15     44      -      0      0      0      0      0      0    405    277      0      0 
 19:07:33       0     15     44      -      0      0      0      0      0      0    405    277      0      0 
 19:07:34       0     16     44      -      0      0      0      0      0      0    405    277      0      0 
 19:07:35       0     16     44      -      0      0      0      0      0      0    405    277      0      0 
 19:07:36       0     15     44      -      0      0      0      0      0      0    405    277      0      0 
 19:07:37       0     15     44      -      0      0      0      0      0      0    405    277      0      0 
 19:07:38       0     15     44      -      0      0      0      0      0      0    405    270      0      0 
 19:07:39       0     62     50      -     93     53      0      0      0      0  15016   2932     99     30 
 19:07:40       0    153     54      -     18     10      0      0      0      0  15016   2910  43750   4162 
 19:07:41       0    329     65      -    100     38      0      0      0      0  15016   2872  42214    500 
 19:07:42       0    333     69      -    100     31      0      0      0      0  15016   2865  39040      3 
 19:07:43       0    261     70      -    100     26      0      0      0      0  15016   2865   4715      1 
 19:07:44       0    241     60      -     94     56      0      0      0      0  15016   2902   1443    202 
 19:07:45       0    228     66      -    100     52      0      0      0      0  15016   2880   2509   5129 
 19:07:46       0    335     68      -     99     31      0      0      0      0  15016   2857  31674   3452 
 19:07:47       0    332     73      -    100     22      0      0      0      0  15016   2872     54      1 
 19:07:48       0    329     68      -    100     28      0      0      0      0  15016   2865      1   1372 
 19:07:49       0    328     73      -     99     28      0      0      0      0  15016   2857      7   4089 
 19:07:50       0    330     74      -    100     28      0      0      0      0  15016   2865  40447      1 
 19:07:51       0    325     75      -    100     15      0      0      0      0  15016   2865      1   2808 
 19:07:52       0    319     75      -     99     16      0      0      0      0  15016   2865  32116   3443 
 19:07:53       0    284     72      -    100     16      0      0      0      0  15016   2865  33912   3545 
 19:07:54       0    273     63      -     78     10      0      0      0      0  15016   2872      0      1 
 19:07:55       0    281     71      -    100     15      0      0      0      0  15016   2887      1      0 
 19:07:56       0    280     71      -    100     15      0      0      0      0  15016   2865      0      0 
 19:07:57       0    275     71      -    100     13      0      0      0      0  15016   2865  26495   4492 
 19:07:58       0    277     71      -    100     12      0      0      0      0  15016   2865   7157    266 
 19:07:59       0    183     63      -     38     24      0      0      0      0  15016   2895      0      2 
 19:08:00       0    261     70      -     99     41      0      0      0      0  15016   2880   9833   3298 
 19:08:01       0    336     73      -    100     30      0      0      0      0  15016   2850  22337      3 
 19:08:04       0    333     76      -    100     23      0      0      0      0  15016   2857      0   2081 
 19:08:05       0    332     75      -    100     24      0      0      0      0  15016   2865      3      1 
 19:08:06       0    331     76      -    100     14      0      0      0      0  15016   2865      2      1 
 19:08:07       0    333     75      -    100     15      0      0      0      0  15016   2857     97   3056 
#Time         gpu    pwr  gtemp  mtemp     sm    mem    enc    dec    jpg    ofa   mclk   pclk  rxpci  txpci 
#HH:MM:SS     Idx      W      C      C      %      %      %      %      %      %    MHz    MHz   MB/s   MB/s 
 19:08:08       0    331     75      -    100     26      0      0      0      0  15016   2865      1      1 
 19:08:09       0    314     74      -    100     15      0      0      0      0  15016   2857  45439      1 
 19:08:10       0    282     71      -    100     16      0      0      0      0  15016   2865  27115      1 
 19:08:11       0    273     72      -    100      7      0      0      0      0  15016   2865      0      0 
 19:08:12       0    280     72      -    100      8      0      0      0      0  15016   2865  14043      3 
 19:08:13       0    279     72      -     99     16      0      0      0      0  15016   2865      0      0 
 19:08:14       0    276     70      -    100     13      0      0      0      0  15016   2865      0      0 
 19:08:15       0    278     72      -    100      4      0      0      0      0  15016   2865      0      0 
 19:08:16       0    274     72      -    100     15      0      0      0      0  15016   2865      0      0 
 19:08:17       0    275     72      -    100      2      0      0      0      0  15016   2865      0      0 
 19:08:18       0    277     72      -    100     15      0      0      0      0  15016   2865  39380   4256 
 19:08:19       0    274     73      -    100      2      0      0      0      0  15016   2865      0      0 
 19:08:20       0    272     72      -    100      3      0      0      0      0  15016   2865      0   2081 
 19:08:21       0    273     72      -     99     11      0      0      0      0  15016   2872      0      1 
 19:08:22       0    273     72      -    100     15      0      0      0      0  15016   2865      0      0 
 19:08:23       0    272     71      -    100     16      0      0      0      0  15016   2865      0      0 
 19:08:24       0    272     72      -    100      2      0      0      0      0  15016   2865  45452   3955 
 19:08:25       0    269     71      -    100      2      0      0      0      0  15016   2865  47421   3234 
 19:08:26       0    270     71      -    100      7      0      0      0      0  15016   2872  32792   3640 
 19:08:27       0    271     72      -    100     16      0      0      0      0  15016   2887  28713      2 
 19:08:28       0    269     69      -    100      2      0      0      0      0  15016   2872      2   3193 
 19:08:29       0    271     71      -    100     14      0      0      0      0  15016   2887      0      0 
 19:08:30       0    272     71      -    100     16      0      0      0      0  15016   2865      0      0 
 19:08:31       0    266     71      -    100      2      0      0      0      0  15016   2865      1      0 
 19:08:32       0    266     71      -    100     11      0      0      0      0  15016   2872      0   2081 
 19:08:33       0    266     71      -    100     11      0      0      0      0  15016   2872  52410      2 
 19:08:34       0    216     62      -     89     59      0      0      0      0  15016   2895    425    169 
 19:08:35       0    272     72      -    100     50      0      0      0      0  15016   2857   3173    138 
 19:08:36       0    184     58      -     59     28      0      0      0      0  15016   2895  29647   2980 
 19:08:38       0    340     73      -    100     38      0      0      0      0  15016   2857  38613   3771 
 19:08:39       0    334     75      -    100     33      0      0      0      0  15016   2850      2   2079 
 19:08:40       0    332     75      -     93     21      0      0      0      0  15016   2857   7825   4592 
 19:08:41       0    188     63      -     35     21      0      0      0      0  15016   2887      0     11 
 19:08:42       0    332     71      -    100     39      0      0      0      0  15016   2857  33154   3363 
 19:08:43       0    336     74      -    100     29      0      0      0      0  15016   2857  35444      2 
 19:08:44       0    333     75      -    100     24      0      0      0      0  15016   2857  31877      1 
 19:08:45       0    332     76      -    100     28      0      0      0      0  15016   2857  24170   2969 
 19:08:46       0    332     77      -    100     14      0      0      0      0  15016   2865      0      0 
 19:08:47       0    332     76      -    100     14      0      0      0      0  15016   2865      1    407 
 19:08:48       0    330     77      -    100     19      0      0      0      0  15016   2865  43714      1 
 19:08:49       0    309     74      -    100     16      0      0      0      0  15016   2865      0      0 
 19:08:50       0    283     73      -    100     14      0      0      0      0  15016   2865      0      0 
 19:08:51       0    270     68      -    100     15      0      0      0      0  15016   2880  19092      0 
 19:08:52       0    281     72      -    100     16      0      0      0      0  15016   2865      0      0 
#Time         gpu    pwr  gtemp  mtemp     sm    mem    enc    dec    jpg    ofa   mclk   pclk  rxpci  txpci 
#HH:MM:SS     Idx      W      C      C      %      %      %      %      %      %    MHz    MHz   MB/s   MB/s 
 19:08:53       0    276     72      -     99     13      0      0      0      0  15016   2865      2      0 
 19:08:54       0    282     73      -    100     14      0      0      0      0  15016   2865      0      0 
 19:08:55       0    249     64      -     87     49      0      0      0      0  15016   2887    323    235 
 19:08:56       0    151     56      -     19      9      0      0      0      0  15016   2925  31018   2825 
 19:08:57       0    322     74      -    100     37      0      0      0      0  15016   2857   1910   2080 
 19:08:58       0    335     76      -    100     33      0      0      0      0  15016   2857   8242      1 
 19:08:59       0    333     76      -    100     28      0      0      0      0  15016   2857  42386    491 
 19:09:00       0    333     75      -    100     27      0      0      0      0  15016   2857      0    227 
 19:09:01       0    333     76      -    100     14      0      0      0      0  15016   2865   7918      2 
 19:09:02       0    330     76      -     99     15      0      0      0      0  15016   2857      1      1 
 19:09:03       0    332     75      -    100     15      0      0      0      0  15016   2857      2   2238 
 19:09:04       0    301     73      -    100     15      0      0      0      0  15016   2865   5833      1 
 19:09:05       0    284     73      -    100     15      0      0      0      0  15016   2857      2      0 
 19:09:06       0    269     72      -    100     15      0      0      0      0  15016   2872      0      0 
 19:09:07       0    278     72      -    100     16      0      0      0      0  15016   2865  43557      2 
 19:09:08       0    278     72      -    100     15      0      0      0      0  15016   2865      0      0 
 19:09:09       0    281     70      -    100     16      0      0      0      0  15016   2865      0      0 
 19:09:12       0    279     72      -    100     13      0      0      0      0  15016   2865      0      1 
 19:09:13       0    275     72      -    100     12      0      0      0      0  15016   2872      0      0 
 19:09:14       0    275     72      -    100      6      0      0      0      0  15016   2865  32823   1979 
 19:09:15       0    275     72      -     98     16      0      0      0      0  15016   2865      0      0 
 19:09:16       0    277     72      -    100      2      0      0      0      0  15016   2865      0      0 
 19:09:17       0    277     71      -    100     16      0      0      0      0  15016   2895      0      0 
 19:09:18       0    272     71      -    100      6      0      0      0      0  15016   2872  38120   2919 
 19:09:19       0    276     72      -    100     13      0      0      0      0  15016   2865      1      0 
 19:09:20       0    276     72      -    100     16      0      0      0      0  15016   2865      0      0 
 19:09:21       0    270     72      -     99     16      0      0      0      0  15016   2865      0      0 
 19:09:22       0    272     72      -    100      5      0      0      0      0  15016   2872      0      0 
 19:09:23       0    273     72      -    100     16      0      0      0      0  15016   2865      0      0 
 19:09:24       0    273     72      -    100     15      0      0      0      0  15016   2857      0      0 
 19:09:25       0    270     71      -    100     15      0      0      0      0  15016   2872      0      0 
 19:09:26       0    272     70      -    100      2      0      0      0      0  15016   2865      0      0 
 19:09:27       0    272     71      -    100     14      0      0      0      0  15016   2872      0      0 
 19:09:28       0    268     71      -    100     11      0      0      0      0  15016   2872      0      0 
 19:09:29       0    267     71      -    100     11      0      0      0      0  15016   2872      0      4 
 19:09:30       0    267     71      -    100     11      0      0      0      0  15016   2865      8     18 
 19:09:31       0    209     63      -     95     63      0      0      0      0  15016   2895    628     30 
 19:09:32       0     74     54      -      0      0      0      0      0      0  15016   2932      1      0 
 19:09:33       0     55     52      -      0      0      0      0      0      0  15016   2932      0      1 
 19:09:34       0     34     50      -      0      0      0      0      0      0   7001    592      0      0 
 19:09:35       0     32     49      -      0      0      0      0      0      0   7001    472      0      1 
 19:09:36       0     29     48      -      0      0      0      0      0      0    810    300      0      0 
 19:09:37       0     20     47      -      0      0      0      0      0      0    405    285      0      0 
 19:09:38       0     20     47      -      4      0      0      0      0      0    405    277     23      4 
#Time         gpu    pwr  gtemp  mtemp     sm    mem    enc    dec    jpg    ofa   mclk   pclk  rxpci  txpci 
#HH:MM:SS     Idx      W      C      C      %      %      %      %      %      %    MHz    MHz   MB/s   MB/s 
 19:09:39       0     19     47      -      0      0      0      0      0      0    405    277      0      1 
 19:09:40       0     18     46      -      0      0      0      0      0      0    405    277      0      0 
