#Time         gpu    pwr  gtemp  mtemp     sm    mem    enc    dec    jpg    ofa   mclk   pclk  rxpci  txpci 
#HH:MM:SS     Idx      W      C      C      %      %      %      %      %      %    MHz    MHz   MB/s   MB/s 
 14:47:45       0     18     47      -      0      0      0      0      0      0    405    277      0      0 
 14:47:46       0     18     46      -      0      0      0      0      0      0    405    277      0      0 
 14:47:47       0     17     46      -      0      0      0      0      0      0    405    277      0      6 
 14:47:48       0     17     46      -      0      0      0      0      0      0    405    277     44      0 
 14:47:50       0     17     46      -      0      0      0      0      0      0    405    277      0      0 
 14:47:52       0     16     45      -      0      0      0      0      0      0    405    277      0      0 
 14:47:53       0     16     45      -      0      0      0      0      0      0    405    277      0      1 
 14:47:54       0     16     45      -      0      0      0      0      0      0    405    270      0      0 
 14:47:55       0     16     45      -      0      0      0      0      0      0    405    277      0      0 
 14:47:56       0     16     45      -      0      0      0      0      0      0    405    277      0      0 
 14:47:57       0     16     45      -      0      0      0      0      0      0    405    277      0      0 
 14:47:58       0     16     44      -      0      0      0      0      0      0    405    277      0      0 
 14:47:59       0     29     45      -      0      0      0      0      0      0  15016   2602      0      0 
 14:48:00       0     46     45      -      1      0      0      0      0      0  15016   2617      0      0 
 14:48:01       0     45     45      -      1      0      0      0      0      0  15016   2610      0      0 
 14:48:02       0     48     45      -      3      1      0      0      0      0  15016   2647      0      1 
 14:48:03       0     47     45      -      0      0      0      0      0      0  15016   2677      1    192 
 14:48:04       0     47     45      -      1      0      0      0      0      0  15016   2617      0      0 
 14:48:05       0     46     45      -      0      0      0      0      0      0  15016   2610      0      0 
 14:48:06       0     31     44      -      0      0      0      0      0      0   7001    720      0      0 
 14:48:07       0     22     44      -      0      0      0      0      0      0   7001    720      0      0 
 14:48:08       0     19     44      -      0      0      0      0      0      0    810    442     43      8 
 14:48:09       0     16     43      -      0      0      0      0      0      0    405    277      0      0 
 14:48:10       0     16     43      -      0      0      0      0      0      0    405    277      0      0 
 14:48:11       0     16     43      -      0      0      0      0      0      0    405    277      0      0 
 14:48:12       0     16     43      -      0      0      0      0      0      0    405    277      0      0 
 14:48:13       0     16     42      -      0      0      0      0      0      0    405    277      0      0 
 14:48:14       0     16     42      -      0      0      0      0      0      0    405    277      1      0 
 14:48:15       0     16     42      -      0      0      0      0      0      0    405    277      0      0 
 14:48:16       0     16     42      -      0      0      0      0      0      0    405    277      0      0 
 14:48:17       0     16     42      -      0      0      0      0      0      0    405    277      0      0 
 14:48:18       0     16     42      -      0      0      0      0      0      0    405    277      0      0 
 14:48:19       0     16     42      -      0      0      0      0      0      0    405    277      0      0 
 14:48:20       0     16     42      -      0      0      0      0      0      0    405    277      0      0 
 14:48:21       0     16     42      -      0      0      0      0      0      0    405    277      0      0 
 14:48:22       0     16     42      -      0      0      0      0      0      0    405    277      0      0 
 14:48:23       0     16     41      -      1      0      0      0      0      0    405    277      0      0 
 14:48:25       0     17     41      -      0      0      0      0      0      0    405    277      0      0 
 14:48:26       0     15     41      -      0      0      0      0      0      0    405    277      1      0 
 14:48:27       0     15     41      -      0      0      0      0      0      0    405    277      0      0 
 14:48:29       0     15     41      -      0      0      0      0      0      0    405    277      0      0 
 14:48:30       0     15     41      -      0      0      0      0      0      0    405    277     27     12 
 14:48:31       0     14     41      -      0      0      0      0      0      0    405    277      0      0 
 14:48:32       0     15     41      -      0      3      0      0      0      0    405    277      0      0 
#Time         gpu    pwr  gtemp  mtemp     sm    mem    enc    dec    jpg    ofa   mclk   pclk  rxpci  txpci 
#HH:MM:SS     Idx      W      C      C      %      %      %      %      %      %    MHz    MHz   MB/s   MB/s 
 14:48:33       0     15     41      -      0      0      0      0      0      0    405    277      0      0 
 14:48:34       0     15     41      -      0      0      0      0      0      0    405    277      0      7 
 14:48:35       0     16     41      -      0      0      0      0      0      0    405    277      0      0 
 14:48:36       0     15     41      -      0      1      0      0      0      0    405    277      0      0 
 14:48:37       0     15     41      -      0      0      0      0      0      0    405    277      0      0 
 14:48:38       0     14     41      -      0      0      0      0      0      0    405    277      0      0 
 14:48:38       0     15     41      -      0      0      0      0      0      0    405    277      0      0 
 14:48:39       0     15     41      -      0      0      0      0      0      0    405    277      0      0 
 14:48:41       0     15     41      -      0      0      0      0      0      0    405    277      0      0 
 14:48:42       0     15     41      -      0      6      0      0      0      0    405    277      0      0 
 14:48:43       0     15     41      -      1      0      0      0      0      0    405    277      0      1 
 14:48:44       0     16     41      -      0      2      0      0      0      0    405    277      0      0 
 14:48:45       0     15     41      -      0      0      0      0      0      0    405    277      0      0 
 14:48:46       0     14     41      -      0      0      0      0      0      0    405    277      0      0 
 14:48:47       0     14     41      -      0      0      0      0      0      0    405    277      0      0 
 14:48:48       0     14     41      -      0      0      0      0      0      0    405    277      0      0 
 14:48:49       0     15     41      -      0      0      0      0      0      0    405    277      1      0 
 14:48:50       0     16     41      -      0      0      0      0      0      0    405    277      0      0 
 14:48:51       0     16     41      -      0      0      0      0      0      0    405    277      0      2 
 14:48:52       0     16     41      -      0      0      0      0      0      0    405    277      0      0 
 14:48:53       0     15     41      -      0      0      0      0      0      0    405    277      0      0 
 14:48:54       0     16     41      -      0      0      0      0      0      0    405    277      0     15 
 14:48:55       0     16     41      -      0      0      0      0      0      0    405    277      0      0 
 14:48:56       0     16     41      -      1      0      0      0      0      0    405    277      0      0 
 14:48:57       0     16     41      -      0      0      0      0      0      0    405    277      0      0 
 14:48:59       0     16     41      -      0      0      0      0      0      0    405    277      0      0 
 14:49:00       0     16     41      -      1     13      0      0      0      0    405    277      0      0 
 14:49:01       0     16     41      -      1      0      0      0      0      0    405    277      0      1 
 14:49:02       0     16     41      -      1      0      0      0      0      0    405    277      0      0 
 14:49:03       0     16     41      -      0      0      0      0      0      0    405    277      0      0 
 14:49:04       0     16     41      -      0      0      0      0      0      0    405    277      0      0 
 14:49:06       0     16     41      -      0      0      0      0      0      0    405    277      0      0 
 14:49:07       0     16     41      -      0      0      0      0      0      0    405    277      0      6 
 14:49:08       0     16     41      -      1      0      0      0      0      0    405    277      0      0 
 14:49:09       0     16     41      -      0      0      0      0      0      0    405    277      0      1 
 14:49:09       0     16     41      -      0      0      0      0      0      0    405    277      0      0 
 14:49:10       0     16     41      -      0      0      0      0      0      0    405    277      0      0 
 14:49:11       0     16     41      -      0      0      0      0      0      0    405    277      0      0 
 14:49:12       0     16     41      -      0      0      0      0      0      0    405    277      0      0 
 14:49:13       0     16     41      -      0      0      0      0      0      0    405    277      0      0 
 14:49:14       0     16     41      -      0      0      0      0      0      0    405    277      0      0 
 14:49:15       0     16     41      -      0      0      0      0      0      0    405    277      0      0 
 14:49:16       0     16     41      -      0      0      0      0      0      0    405    277      0      0 
 14:49:17       0     16     41      -      0      0      0      0      0      0    405    270      0      0 
#Time         gpu    pwr  gtemp  mtemp     sm    mem    enc    dec    jpg    ofa   mclk   pclk  rxpci  txpci 
#HH:MM:SS     Idx      W      C      C      %      %      %      %      %      %    MHz    MHz   MB/s   MB/s 
 14:49:19       0     15     41      -      0      0      0      0      0      0    405    277      0      1 
 14:49:20       0     16     41      -      0      0      0      0      0      0    405    277      0      0 
 14:49:21       0     16     41      -      0      0      0      0      0      0    405    277      0      0 
 14:49:22       0     16     41      -      0      0      0      0      0      0    405    270      0      0 
 14:49:23       0     16     41      -      0      0      0      0      0      0    405    277      0      0 
 14:49:24       0     16     41      -      0      0      0      0      0      0    405    277      0     12 
 14:49:25       0     16     41      -      0      0      0      0      0      0    405    277      0      0 
 14:49:26       0     15     41      -      0      0      0      0      0      0    405    277      0      0 
 14:49:27       0     34     42      -      1      0      0      0      0      0  15016    330     17      6 
 14:49:28       0     44     43      -      0      0      0      0      0      0  15016   2632   2135     13 
 14:49:29       0     34     42      -      0      0      0      0      0      0   7001    705      0      0 
 14:49:30       0     29     42      -      0      0      0      0      0      0   7001    630      0      0 
 14:49:32       0     27     42      -      0      0      0      0      0      0   7001    397      0      0 
 14:49:33       0     27     42      -      0      0      0      0      0      0   7001    367   9804   2533 
 14:49:34       0     76     44      -     91     22      0      0      0      0  15016   2827  39268   2160 
 14:49:35       0    325     63      -    100     36      0      0      0      0  15016   2887  42799   2187 
 14:49:36       0    129     48      -      0      0      0      0      0      0  15016   2947      0      0 
 14:49:37       0     56     46      -      0      0      0      0      0      0  15016   2947      0      2 
 14:49:38       0     31     44      -      0      0      0      0      0      0   7001    607      0      0 
 14:49:39       0     28     43      -      0      0      0      0      0      0   7001    540      0      1 
 14:49:40       0     27     43      -      0      0      0      0      0      0   7001    277      0      0 
 14:49:41       0     28     43      -      0      0      0      0      0      0   7001    277  45185   6939 
 14:49:42       0    189     62      -    100     51      0      0      0      0  15016   2895     16     13 
 14:49:43       0    144     48      -      0      0      0      0      0      0  15016   2940      1      0 
 14:49:44       0     56     46      -      0      0      0      0      0      0  15016   2947      0      1 
 14:49:45       0     40     44      -      0      0      0      0      0      0   7001    577     98      0 
 14:49:46       0     29     44      -      0      0      0      0      0      0   7001    412      0      0 
 14:49:47       0     28     44      -      0      0      0      0      0      0   7001    277      1      0 
 14:49:48       0     27     44      -      0      0      0      0      0      0   7001    277      0      0 
 14:49:49       0     27     43      -      0      0      0      0      0      0   7001    277      1      0 
 14:49:50       0     27     43      -      0      0      0      0      0      0   7001    277      0      0 
 14:49:51       0     21     43      -      0      0      0      0      0      0    810    277      0      0 
 14:49:52       0     18     43      -      0      0      0      0      0      0    810    277      0      0 
 14:49:53       0     16     43      -      0      0      0      0      0      0    405    277      0      0 
 14:49:54       0     15     43      -      0      0      0      0      0      0    405    277      0      0 
 14:49:55       0     15     43      -      0      0      0      0      0      0    405    277      0      0 
 14:49:56       0     15     43      -      0      0      0      0      0      0    405    277      0      0 
 14:49:57       0     15     43      -      0      0      0      0      0      0    405    277      0      0 
 14:49:58       0     15     43      -      0      0      0      0      0      0    405    277      0      1 
 14:49:59       0     15     43      -      0      0      0      0      0      0    405    277      0      0 
 14:50:00       0     15     43      -      0      0      0      0      0      0    405    277      0      0 
 14:50:01       0     15     43      -      0      0      0      0      0      0    405    277      0      0 
 14:50:02       0     15     43      -      0      0      0      0      0      0    405    270      0      0 
 14:50:03       0     56     49      -     81     46      0      0      0      0  15016   2947    425    331 
#Time         gpu    pwr  gtemp  mtemp     sm    mem    enc    dec    jpg    ofa   mclk   pclk  rxpci  txpci 
#HH:MM:SS     Idx      W      C      C      %      %      %      %      %      %    MHz    MHz   MB/s   MB/s 
 14:50:06       0    165     52      -     91     52      0      0      0      0  15016   2910   2603      2 
 14:50:07       0    291     65      -    100     38      0      0      0      0  15016   2880  33609   3315 
 14:50:08       0    332     66      -    100     34      0      0      0      0  15016   2872      1    202 
 14:50:09       0    326     70      -    100     27      0      0      0      0  15016   2880  36871   1206 
 14:50:10       0    228     60      -     94     57      0      0      0      0  15016   2895    834    203 
 14:50:11       0    242     69      -    100     49      0      0      0      0  15016   2872      6   3628 
 14:50:12       0    335     71      -    100     30      0      0      0      0  15016   2872      5   3313 
 14:50:13       0    332     73      -    100     27      0      0      0      0  15016   2865  31282      1 
 14:50:14       0    328     73      -    100     24      0      0      0      0  15016   2865  29459      2 
 14:50:15       0    327     74      -     98     15      0      0      0      0  15016   2865   1153      0 
 14:50:16       0    329     74      -    100     15      0      0      0      0  15016   2865      1      3 
 14:50:17       0    324     74      -    100     25      0      0      0      0  15016   2865  23590      1 
 14:50:18       0    316     74      -    100     14      0      0      0      0  15016   2865      1      0 
 14:50:19       0    282     69      -    100     14      0      0      0      0  15016   2865      1      2 
 14:50:20       0    270     70      -     78     17      0      0      0      0  15016   2895  46533   3000 
 14:50:21       0    280     71      -    100     16      0      0      0      0  15016   2865      0      0 
 14:50:22       0    277     71      -    100     15      0      0      0      0  15016   2865  19247   4557 
 14:50:23       0    274     71      -    100     13      0      0      0      0  15016   2865      0      1 
 14:50:24       0    262     71      -    100     13      0      0      0      0  15016   2865   1440    389 
 14:50:25       0    190     61      -     95     60      0      0      0      0  15016   2895     46      0 
 14:50:26       0    289     70      -    100     35      0      0      0      0  15016   2872      7   3556 
 14:50:27       0    336     74      -    100     34      0      0      0      0  15016   2857  38911   2083 
 14:50:28       0    331     73      -    100     24      0      0      0      0  15016   2865  27762      1 
 14:50:29       0    330     73      -    100     17      0      0      0      0  15016   2857  32724   4033 
 14:50:30       0    331     76      -    100     21      0      0      0      0  15016   2872  13861   2940 
 14:50:31       0    331     76      -    100     23      0      0      0      0  15016   2865  36036   1738 
 14:50:32       0    328     77      -    100     15      0      0      0      0  15016   2865      1      1 
 14:50:33       0    309     73      -    100     16      0      0      0      0  15016   2865      0      0 
 14:50:34       0    283     71      -    100     13      0      0      0      0  15016   2872      2      1 
 14:50:35       0    273     71      -    100     16      0      0      0      0  15016   2880      1   2347 
 14:50:36       0    281     71      -    100     16      0      0      0      0  15016   2872      1      0 
 14:50:37       0    277     71      -     99     16      0      0      0      0  15016   2880      0      0 
 14:50:39       0    276     71      -    100     16      0      0      0      0  15016   2880      0      0 
 14:50:40       0    278     71      -    100     16      0      0      0      0  15016   2865      0   2071 
 14:50:41       0    275     71      -    100     13      0      0      0      0  15016   2865      2      0 
 14:50:42       0    274     69      -    100     16      0      0      0      0  15016   2865      0      0 
 14:50:44       0    275     71      -    100      2      0      0      0      0  15016   2872  34363      1 
 14:50:45       0    274     71      -    100     16      0      0      0      0  15016   2872      0      0 
 14:50:46       0    272     71      -    100     16      0      0      0      0  15016   2895  43798   2080 
 14:50:47       0    271     71      -     99     16      0      0      0      0  15016   2865      1      0 
 14:50:48       0    271     71      -    100     16      0      0      0      0  15016   2872      1      0 
 14:50:49       0    272     71      -    100     14      0      0      0      0  15016   2865      8   3881 
 14:50:50       0    272     71      -    100      7      0      0      0      0  15016   2872      1      0 
 14:50:51       0    271     71      -    100     16      0      0      0      0  15016   2865      1      1 
#Time         gpu    pwr  gtemp  mtemp     sm    mem    enc    dec    jpg    ofa   mclk   pclk  rxpci  txpci 
#HH:MM:SS     Idx      W      C      C      %      %      %      %      %      %    MHz    MHz   MB/s   MB/s 
 14:50:52       0    268     70      -    100      6      0      0      0      0  15016   2872      0      1 
 14:50:53       0    274     71      -    100      2      0      0      0      0  15016   2872      0      0 
 14:50:54       0    269     71      -    100      4      0      0      0      0  15016   2880      1      1 
 14:50:55       0    270     71      -    100      2      0      0      0      0  15016   2865  24120   2933 
 14:50:56       0    270     71      -    100      9      0      0      0      0  15016   2872      0      0 
 14:50:57       0    265     71      -     98     12      0      0      0      0  15016   2872  24076   5129 
 14:50:58       0    265     70      -    100     11      0      0      0      0  15016   2865      1      0 
 14:50:59       0    267     71      -    100     11      0      0      0      0  15016   2872      0      0 
 14:51:00       0    211     63      -     95     63      0      0      0      0  15016   2895    931    328 
 14:51:01       0    270     63      -     86     40      0      0      0      0  15016   2880   2964    251 
 14:51:02       0    216     70      -    100     51      0      0      0      0  15016   2895  33694   2578 
 14:51:03       0    337     73      -     99     35      0      0      0      0  15016   2850      3   3101 
 14:51:04       0    331     75      -     99     28      0      0      0      0  15016   2857   9900   3284 
 14:51:05       0    305     76      -     87     25      0      0      0      0  15016   2857    628    107 
 14:51:06       0    186     57      -     80     40      0      0      0      0  15016   2887  30067   3050 
 14:51:07       0    341     70      -    100     42      0      0      0      0  15016   2857  30729   1554 
 14:51:08       0    333     71      -    100     30      0      0      0      0  15016   2850     34   4713 
 14:51:09       0    332     74      -    100     25      0      0      0      0  15016   2857      1      1 
 14:51:10       0    331     76      -    100     28      0      0      0      0  15016   2857      2      2 
 14:51:11       0    331     77      -    100     15      0      0      0      0  15016   2865  39840      1 
 14:51:13       0    327     75      -    100     17      0      0      0      0  15016   2865  31214   3925 
 14:51:14       0    329     76      -    100     15      0      0      0      0  15016   2857      1      0 
 14:51:15       0    301     73      -    100     16      0      0      0      0  15016   2865      0      0 
 14:51:16       0    285     72      -    100     16      0      0      0      0  15016   2850      1      0 
 14:51:17       0    271     71      -    100     16      0      0      0      0  15016   2880  31301   1196 
 14:51:18       0    282     72      -    100      8      0      0      0      0  15016   2865      0      0 
 14:51:19       0    278     71      -    100     13      0      0      0      0  15016   2865      1      0 
 14:51:20       0    282     72      -    100     13      0      0      0      0  15016   2865      0    819 
 14:51:21       0    229     64      -     95     59      0      0      0      0  15016   2872   1336    298 
 14:51:22       0    187     69      -     80     40      0      0      0      0  15016   2895  47171   2142 
 14:51:23       0    340     74      -     99     35      0      0      0      0  15016   2842  51371   3902 
 14:51:24       0    331     75      -     99     29      0      0      0      0  15016   2850  39392   2776 
 14:51:25       0    332     76      -    100     28      0      0      0      0  15016   2850      1      1 
 14:51:26       0    334     76      -    100     28      0      0      0      0  15016   2857      2   2304 
 14:51:27       0    331     76      -    100     23      0      0      0      0  15016   2857  44664      2 
 14:51:28       0    329     76      -    100     15      0      0      0      0  15016   2857  36836   3038 
 14:51:29       0    329     77      -    100     15      0      0      0      0  15016   2857      1      1 
 14:51:30       0    291     74      -    100     16      0      0      0      0  15016   2865      1      0 
 14:51:31       0    288     73      -    100     15      0      0      0      0  15016   2865      0      0 
 14:51:32       0    265     72      -    100     16      0      0      0      0  15016   2865      0      1 
 14:51:33       0    284     72      -    100     16      0      0      0      0  15016   2857      1      1 
 14:51:34       0    279     72      -    100     10      0      0      0      0  15016   2865      0      0 
 14:51:35       0    279     72      -    100     16      0      0      0      0  15016   2865      0      0 
 14:51:36       0    277     72      -     99     16      0      0      0      0  15016   2865      0      0 
#Time         gpu    pwr  gtemp  mtemp     sm    mem    enc    dec    jpg    ofa   mclk   pclk  rxpci  txpci 
#HH:MM:SS     Idx      W      C      C      %      %      %      %      %      %    MHz    MHz   MB/s   MB/s 
 14:51:37       0    278     72      -    100      2      0      0      0      0  15016   2872      1      0 
 14:51:38       0    277     71      -    100     16      0      0      0      0  15016   2865  34659   1500 
 14:51:39       0    274     71      -    100     16      0      0      0      0  15016   2865      0      0 
 14:51:40       0    273     71      -    100      2      0      0      0      0  15016   2865  19720      2 
 14:51:41       0    276     71      -    100     16      0      0      0      0  15016   2857      0      0 
 14:51:42       0    271     71      -    100     16      0      0      0      0  15016   2880      1   2390 
 14:51:43       0    275     71      -    100     12      0      0      0      0  15016   2865      1      1 
 14:51:46       0    275     71      -    100     16      0      0      0      0  15016   2865      0      0 
 14:51:47       0    270     71      -    100     15      0      0      0      0  15016   2865      0      0 
 14:51:48       0    271     71      -    100      5      0      0      0      0  15016   2865      0      9 
 14:51:49       0    272     71      -    100     16      0      0      0      0  15016   2865      0      0 
 14:51:50       0    270     71      -     98     16      0      0      0      0  15016   2865      0      0 
 14:51:51       0    272     71      -    100      5      0      0      0      0  15016   2895      0      0 
 14:51:52       0    270     71      -    100      2      0      0      0      0  15016   2865      1      1 
 14:51:53       0    272     71      -    100      2      0      0      0      0  15016   2865  48150   2083 
 14:51:54       0    267     71      -    100     11      0      0      0      0  15016   2865      0      0 
 14:51:55       0    266     71      -    100     11      0      0      0      0  15016   2872  24095   4636 
 14:51:56       0    245     64      -     80     21      0      0      0      0  15016   2880   1741    217 
 14:51:57       0    174     58      -      0      0      0      0      0      0  15016   2895      1      1 
 14:51:58       0     62     52      -      0      0      0      0      0      0  15016   2932      0      0 
 14:51:59       0     48     50      -      0      0      0      0      0      0   7001   1837      0      0 
 14:52:00       0     33     49      -      0      0      0      0      0      0   7001    390      0      0 
 14:52:01       0     31     48      -      0      0      0      0      0      0   7001    277      0      0 
 14:52:02       0     31     48      -      0      0      0      0      0      0   7001    277      0      0 
 14:52:03       0     28     47      -      0      0      0      0      0      0   7001    277     35     10 
 14:52:04       0     22     46      -      6      0      0      0      0      0    810    277      0      0 
 14:52:05       0     20     46      -      0      0      0      0      0      0    405    277      0      0 
