#Time         gpu    pwr  gtemp  mtemp     sm    mem    enc    dec    jpg    ofa   mclk   pclk     fb   bar1   ccpm 
#HH:MM:SS     Idx      W      C      C      %      %      %      %      %      %    MHz    MHz     MB     MB     MB 
 10:22:59       0     20     29      -      0      0      0      0      0      0    405    225      2      1      0 
 10:23:04       0     20     29      -      0      0      0      0      0      0    405    225      2      1      0 
 10:23:09       0     20     28      -      0      0      0      0      0      0    405    225      2      1      0 
 10:23:14       0     30     29      -      0      0      0      0      0      0  14801   2730    338      4      0 
 10:23:19       0     49     30      -      4      0      0      0      0      0  14801   2737   2434      4      0 
 10:23:24       0     48     30      -      0      0      0      0      0      0  14801   2722   2690      4      0 
 10:23:29       0     48     30      -      0      0      0      0      0      0  14801   2722   2702      4      0 
 10:23:34       0     48     30      -      0      0      0      0      0      0  14801   2722   2710      4      0 
 10:23:39       0     48     30      -      0      0      0      0      0      0  14801   2745   4946      4      0 
 10:23:44       0     54     32      -      0      0      0      0      0      0  14801   2955  15068      4      0 
 10:23:49       0    253     38      -     97     42      0      0      0      0  14801   2917  15712      4      0 
 10:23:54       0     48     31      -      0      0      0      0      0      0  14801   2722  15712      4      0 
 10:23:59       0     48     31      -      0      0      0      0      0      0  14801   2722  15712      4      0 
 10:24:04       0     48     30      -      0      0      0      0      0      0  14801   2722  15712      4      0 
 10:24:09       0     21     28      -      0      0      0      0      0      0    405    225  15712      4      0 
 10:24:14       0    298     49      -    100     27      0      0      0      0  14801   2902  15734      4      0 
 10:24:19       0    306     53      -    100     25      0      0      0      0  14801   2880  15734      4      0 
 10:24:24       0    305     55      -    100     31      0      0      0      0  14801   2887  15734      4      0 
 10:24:29       0    241     55      -    100     39      0      0      0      0  14801   2880  15696      4      0 
 10:24:34       0    259     46      -     95     64      0      0      0      0  14801   2895  15696      4      0 
 10:24:39       0    308     57      -    100     18      0      0      0      0  14801   2880  15696      4      0 
 10:24:44       0    304     60      -    100     22      0      0      0      0  14801   2880  15694      4      0 
 10:24:49       0     51     37      -      0      0      0      0      0      0  14801   2715  15696      4      0 
 10:24:54       0     48     35      -      0      0      0      0      0      0  14801   2715  15696      4      0 
 10:24:59       0     48     35      -      0      0      0      0      0      0  14801   2715      4      2      0 
