#Time         gpu    pwr  gtemp  mtemp     sm    mem    enc    dec    jpg    ofa   mclk   pclk     fb   bar1   ccpm 
#HH:MM:SS     Idx      W      C      C      %      %      %      %      %      %    MHz    MHz     MB     MB     MB 
 10:19:07       0     20     26      -      0      0      0      0      0      0    405    225      2      1      0 
 10:19:12       0     20     26      -      0      0      0      0      0      0    405    225      2      1      0 
 10:19:17       0     20     26      -      0      0      0      0      0      0    405    225      2      1      0 
 10:19:22       0     20     26      -      0      0      0      0      0      0    405    225    270      4      0 
 10:19:27       0     49     29      -      4      0      0      0      0      0  14801   2737   2122      4      0 
 10:19:32       0     48     29      -      0      0      0      0      0      0  14801   2722   2694      4      0 
 10:19:38       0     48     29      -      0      0      0      0      0      0  14801   2722   2702      4      0 
 10:19:43       0     48     29      -      0      0      0      0      0      0  14801   2722   2702      4      0 
 10:19:48       0     24     27      -      0      0      0      0      0      0    810    397   2702      4      0 
 10:19:53       0     20     26      -      0      0      0      0      0      0    405    225   2702      4      0 
 10:19:58       0     48     28      -      0      0      0      0      0      0  14801   2722  15096      4      0 
 10:20:03       0     48     29      -      0      0      0      0      0      0  14801   2722  15096      4      0 
 10:20:08       0     48     29      -      0      0      0      0      0      0  14801   2722  15096      4      0 
 10:20:13       0     52     29      -      0      0      0      0      0      0  14801   2812  15096      4      0 
 10:20:18       0     48     29      -      0      0      0      0      0      0  14801   2722  11478      4      0 
 10:20:23       0     57     29      -      0      0      0      0      0      0  14801   2955  11478      4      0 
 10:20:28       0     48     29      -      0      0      0      0      0      0  14801   2722  11478      4      0 
 10:20:33       0     48     29      -      0      0      0      0      0      0  14801   2722  11478      4      0 
 10:20:38       0     48     29      -      0      0      0      0      0      0  14801   2722  11508      4      0 
 10:20:43       0     56     29      -      0      0      0      0      0      0  14801   2955  11530      4      0 
 10:20:48       0     60     29      -      0      0      0      0      0      0  14801   2955  11530      4      0 
 10:20:53       0     48     29      -      0      0      0      0      0      0  14801   2722  11530      4      0 
 10:20:58       0     48     29      -      0      0      0      0      0      0  14801   2722  11530      4      0 
 10:21:03       0     48     29      -      0      0      0      0      0      0  14801   2722  11530      4      0 
 10:21:08       0     50     29      -      0      0      0      0      0      0  14801   2722  11538      4      0 
 10:21:13       0     52     29      -      0      0      0      0      0      0  14801   2722  11538      4      0 
 10:21:18       0    272     46      -    100     29      0      0      0      0  14801   2917  12134      4      0 
 10:21:23       0     48     29      -      0      0      0      0      0      0  14801   2722  12134      4      0 
 10:21:28       0     48     29      -      0      0      0      0      0      0  14801   2722  12134      4      0 
 10:21:33       0     48     29      -      0      0      0      0      0      0  14801   2722  15116      4      0 
 10:21:38       0     54     30      -      0      0      0      0      0      0  14801   2955  15118      4      0 
 10:21:43       0     53     30      -      0      0      0      0      0      0  14801   2910  15700      4      0 
 10:21:48       0     48     30      -      0      0      0      0      0      0  14801   2722  15700      4      0 
 10:21:53       0     48     29      -      0      0      0      0      0      0  14801   2722  15700      4      0 
 10:21:58       0     41     28      -      0      0      0      0      0      0    810   1417  15700      4      0 
 10:22:03       0    144     37      -     94     61      0      0      0      0  14801   2910  15702      4      0 
 10:22:08       0    290     51      -    100     13      0      0      0      0  14801   2887  15722      4      0 
 10:22:13       0    244     55      -    100     26      0      0      0      0  14801   2887  15680      4      0 
 10:22:18       0    147     36      -      0      0      0      0      0      0  14801   2932  15680      4      0 
 10:22:23       0    293     56      -     98     33      0      0      0      0  14801   2880  15680      4      0 
 10:22:28       0    298     59      -    100     35      0      0      0      0  14801   2880  15682      4      0 
 10:22:33       0     50     36      -      0      0      0      0      0      0  14801   2715  15680      4      0 
 10:22:38       0     51     35      -      0      0      0      0      0      0  14801   2715      4      2      0 
