#Time         gpu    pwr  gtemp  mtemp     sm    mem    enc    dec    jpg    ofa   mclk   pclk  rxpci  txpci 
#HH:MM:SS     Idx      W      C      C      %      %      %      %      %      %    MHz    MHz   MB/s   MB/s 
 05:17:44       0     14     41      -      0      0      0      0      0      0    405    277      0      8 
 05:17:48       0     14     41      -      0      0      0      0      0      0    405    277     43      0 
 05:17:49       0     14     41      -      0      0      0      0      0      0    405    277      0      0 
 05:17:50       0     14     41      -      0      0      0      0      0      0    405    277      0      0 
 05:17:51       0     14     41      -      0      0      0      0      0      0    405    277      0      0 
 05:17:52       0     14     41      -      0      0      0      0      0      0    405    277      0      0 
 05:17:53       0     14     41      -      0      0      0      0      0      0    405    277      0      0 
 05:17:54       0     14     41      -      0      0      0      0      0      0    405    277      0      0 
 05:17:55       0     14     41      -      0      0      0      0      0      0    405    277      0      0 
 05:17:56       0     14     41      -      0      0      0      0      0      0    405    277      0      0 
 05:17:57       0     14     41      -      0      0      0      0      0      0    405    277      0      0 
 05:17:58       0     17     41      -      3      1      0      0      0      0    405    277      0      0 
 05:17:59       0     42     42      -      0      0      0      0      0      0  15016   2610     10      1 
 05:18:00       0     43     43      -      1      0      0      0      0      0  15016   2617      0      0 
 05:18:01       0     45     43      -      4      1      0      0      0      0  15016   2640   1522     95 
 05:18:02       0     45     43      -      4      1      0      0      0      0  15016   2685   1637    197 
 05:18:03       0     44     43      -      0      0      0      0      0      0  15016   2610      1      1 
 05:18:03       0     43     43      -      0      0      0      0      0      0  15016   2610      0      0 
 05:18:04       0     29     42      -      0      0      0      0      0      0   7001    645      0      0 
 05:18:05       0     19     42      -      1      0      0      0      0      0    810    397     81      5 
 05:18:06       0     18     42      -      1      0      0      0      0      0    405    277      0      0 
 05:18:07       0     16     41      -      0      0      0      0      0      0    405    277      0      0 
 05:18:08       0     16     41      -      0      0      0      0      0      0    405    277      0      0 
 05:18:09       0     16     41      -      0      0      0      0      0      0    405    277      0      0 
 05:18:10       0     16     41      -      0      0      0      0      0      0    405    277      0      0 
 05:18:11       0     16     41      -      0      0      0      0      0      0    405    277      0      0 
 05:18:12       0     16     41      -      0      0      0      0      0      0    405    277      0      0 
 05:18:13       0     16     41      -      0      0      0      0      0      0    405    277      0      0 
 05:18:14       0     16     41      -      0      0      0      0      0      0    405    277      1      0 
 05:18:15       0     16     41      -      0      0      0      0      0      0    405    277      0      0 
 05:18:16       0     16     41      -      0      0      0      0      0      0    405    277      0      0 
 05:18:17       0     15     41      -      0      0      0      0      0      0    405    277      0      0 
 05:18:18       0     15     41      -      0      0      0      0      0      0    405    277      0      0 
 05:18:19       0     14     41      -      0      0      0      0      0      0    405    277      0      1 
 05:18:20       0     14     41      -      0      0      0      0      0      0    405    277      0      0 
 05:18:24       0     15     41      -      0      0      0      0      0      0    405    277      0      0 
 05:18:25       0     16     41      -      0      0      0      0      0      0    405    277      0      6 
 05:18:26       0     16     41      -      0      0      0      0      0      0    405    277      1      0 
 05:18:27       0     15     41      -      0      0      0      0      0      0    405    277      0      0 
 05:18:28       0     16     41      -      0      0      0      0      0      0    405    270      0      0 
 05:18:29       0     14     41      -      0      0      0      0      0      0    405    277      0      0 
 05:18:30       0     14     41      -      0      1      0      0      0      0    405    277      0      0 
 05:18:31       0     14     41      -      1      0      0      0      0      0    405    277      0      0 
 05:18:32       0     16     41      -      0      0      0      0      0      0    405    277      0      0 
#Time         gpu    pwr  gtemp  mtemp     sm    mem    enc    dec    jpg    ofa   mclk   pclk  rxpci  txpci 
#HH:MM:SS     Idx      W      C      C      %      %      %      %      %      %    MHz    MHz   MB/s   MB/s 
 05:18:33       0     14     41      -      0      4      0      0      0      0    405    277      0      0 
 05:18:34       0     15     41      -      1      0      0      0      0      0    405    277      0      0 
 05:18:35       0     16     41      -      0      0      0      0      0      0    405    277      0      0 
 05:18:36       0     14     41      -      0      0      0      0      0      0    405    277      0      0 
 05:18:37       0     14     41      -      0      0      0      0      0      0    405    277      0      0 
 05:18:38       0     14     41      -      0      0      0      0      0      0    405    277      0      0 
 05:18:39       0     14     41      -      0      0      0      0      0      0    405    277      0      0 
 05:18:40       0     14     41      -      0      0      0      0      0      0    405    277      0      1 
 05:18:40       0     15     41      -      0      0      0      0      0      0    405    277      0      0 
 05:18:41       0     15     41      -      0      0      0      0      0      0    405    277      0      0 
 05:18:42       0     14     41      -      0      0      0      0      0      0    405    277      0      8 
 05:18:43       0     14     41      -      0      0      0      0      0      0    405    277      0      0 
 05:18:44       0     14     41      -      0      0      0      0      0      0    405    277      0      0 
 05:18:45       0     14     41      -      0      0      0      0      0      0    405    270      0      0 
 05:18:46       0     14     41      -      0      0      0      0      0      0    405    277      0      0 
 05:18:47       0     14     41      -      0      0      0      0      0      0    405    277      0      0 
 05:18:48       0     16     41      -      0      0      0      0      0      0    405    277      0      1 
 05:18:49       0     14     41      -      0      0      0      0      0      0    405    277      0      0 
 05:18:50       0     14     41      -      0      0      0      0      0      0    405    277      0      0 
 05:18:51       0     14     41      -      0      0      0      0      0      0    405    277      0      0 
 05:18:52       0     14     41      -      0      0      0      0      0      0    405    277      0      0 
 05:18:53       0     14     41      -      0      0      0      0      0      0    405    277      0      0 
 05:18:54       0     15     41      -      0      0      0      0      0      0    405    277      0      0 
 05:18:55       0     16     41      -      0      0      0      0      0      0    405    277      0      0 
 05:18:59       0     14     41      -      0      0      0      0      0      0    405    277      0      0 
 05:19:00       0     14     41      -      0      0      0      0      0      0    405    277      0      0 
 05:19:01       0     14     41      -      0      0      0      0      0      0    405    270      0      1 
 05:19:02       0     14     41      -      0      0      0      0      0      0    405    277      0      0 
 05:19:03       0     14     41      -      0      0      0      0      0      0    405    277      0      0 
 05:19:05       0     14     41      -      0      0      0      0      0      0    405    277      0      0 
 05:19:06       0     14     41      -      0      0      0      0      0      0    405    277     28     11 
 05:19:06       0     14     41      -      0      1      0      0      0      0    405    277      0      0 
 05:19:07       0     14     41      -      0      0      0      0      0      0    405    277      0      0 
 05:19:08       0     14     41      -      0      0      0      0      0      0    405    277      0      0 
 05:19:09       0     15     41      -      0      0      0      0      0      0    405    277      0      0 
 05:19:10       0     15     41      -      0      0      0      0      0      0    405    277      0      0 
 05:19:11       0     14     41      -      0      0      0      0      0      0    405    277      0      0 
 05:19:12       0     14     41      -      0      0      0      0      0      0    405    277      0      0 
 05:19:13       0     14     41      -      0      0      0      0      0      0    405    277      0      0 
 05:19:14       0     14     41      -      0      0      0      0      0      0    405    277      0      0 
 05:19:15       0     14     41      -      0      0      0      0      0      0    405    277      0      0 
 05:19:16       0     14     41      -      0      0      0      0      0      0    405    277      0      0 
 05:19:17       0     14     41      -      0      0      0      0      0      0    405    277      0      0 
 05:19:18       0     14     41      -      0      0      0      0      0      0    405    277      0      0 
#Time         gpu    pwr  gtemp  mtemp     sm    mem    enc    dec    jpg    ofa   mclk   pclk  rxpci  txpci 
#HH:MM:SS     Idx      W      C      C      %      %      %      %      %      %    MHz    MHz   MB/s   MB/s 
 05:19:19       0     14     41      -      0      0      0      0      0      0    405    277      0      0 
 05:19:20       0     14     41      -      0      0      0      0      0      0    405    277      0      0 
 05:19:21       0     14     41      -      0      0      0      0      0      0    405    277      0      0 
 05:19:22       0     14     41      -      0      0      0      0      0      0    405    270      0      0 
 05:19:23       0     14     41      -      0      0      0      0      0      0    405    277     75      1 
 05:19:24       0     14     41      -      0      0      0      0      0      0    405    277      0      0 
 05:19:25       0     14     41      -      0      0      0      0      0      0    405    277      0      0 
 05:19:26       0     14     41      -      0      0      0      0      0      0    405    277      0      0 
 05:19:27       0     14     41      -      0      0      0      0      0      0    405    277      0      0 
 05:19:28       0     14     41      -      0      0      0      0      0      0    405    277      0      0 
 05:19:28       0     14     41      -      0      0      0      0      0      0    405    277      0      0 
 05:19:29       0     14     41      -      1      0      0      0      0      0    405    277      0      0 
 05:19:30       0     15     41      -      0      0      0      0      0      0    405    277      0      0 
 05:19:34       0     14     41      -      0      0      0      0      0      0    405    277      0      0 
 05:19:35       0     14     41      -      0      0      0      0      0      0    405    277      0      0 
 05:19:36       0     14     41      -      0      0      0      0      0      0    405    277      0      1 
 05:19:37       0     14     41      -      0      0      0      0      0      0    405    270      0      0 
 05:19:38       0     14     41      -      0      0      0      0      0      0    405    277      0      0 
 05:19:39       0     14     41      -      0      0      0      0      0      0    405    277      0      0 
 05:19:40       0     14     41      -      0      0      0      0      0      0    405    277      0      0 
 05:19:41       0     14     41      -      0      0      0      0      0      0    405    277      0      0 
 05:19:42       0     14     41      -      0      0      0      0      0      0    405    277      0      0 
 05:19:43       0     14     41      -      0      0      0      0      0      0    405    277     70      8 
 05:19:43       0     15     41      -      0      0      0      0      0      0    405    277      0      0 
 05:19:44       0     14     41      -      0      5      0      0      0      0    405    277      0      0 
 05:19:45       0     14     41      -      0      0      0      0      0      0    405    277      0      0 
 05:19:46       0     14     41      -      0      0      0      0      0      0    405    277      0      0 
 05:19:47       0     14     41      -      0      0      0      0      0      0    405    277      0      0 
 05:19:48       0     14     41      -      0      0      0      0      0      0    405    277      0      0 
 05:19:49       0     14     41      -      0      0      0      0      0      0    405    277      0      0 
 05:19:50       0     14     41      -      0      0      0      0      0      0    405    277      0      0 
 05:19:51       0     14     41      -      0      0      0      0      0      0    405    277      0      0 
 05:19:52       0     14     41      -      0      0      0      0      0      0    405    277     50      6 
 05:19:53       0     15     41      -      0      0      0      0      0      0    405    277      0      0 
 05:19:54       0     14     41      -      0      0      0      0      0      0    405    277      0      0 
 05:19:55       0     15     41      -      0      0      0      0      0      0    405    277      1      0 
 05:19:56       0     16     41      -      0      0      0      0      0      0    405    277      0      0 
 05:19:57       0     16     41      -      0      0      0      0      0      0    405    277      0      0 
 05:19:58       0     15     41      -      0      0      0      0      0      0    405    277      1      0 
 05:19:59       0     15     41      -      0      0      0      0      0      0    405    277      0      0 
 05:20:00       0     15     41      -      0      0      0      0      0      0    405    277      0      0 
 05:20:01       0     16     41      -      0      0      0      0      0      0    405    277     74      3 
 05:20:02       0     14     41      -      0      7      0      0      0      0    405    277      0      0 
 05:20:03       0     15     41      -      0      0      0      0      0      0    405    277      0      0 
#Time         gpu    pwr  gtemp  mtemp     sm    mem    enc    dec    jpg    ofa   mclk   pclk  rxpci  txpci 
#HH:MM:SS     Idx      W      C      C      %      %      %      %      %      %    MHz    MHz   MB/s   MB/s 
 05:20:04       0     16     41      -      0      0      0      0      0      0    405    277      0      0 
 05:20:05       0     14     41      -      0      0      0      0      0      0    405    277      0      0 
 05:20:08       0     14     41      -      0      0      0      0      0      0    405    277      0      0 
 05:20:09       0     14     41      -      0      0      0      0      0      0    405    277      0      1 
 05:20:11       0     14     41      -      0      0      0      0      0      0    405    277      0      0 
 05:20:12       0     14     41      -      0      0      0      0      0      0    405    277      0      0 
 05:20:13       0     14     41      -      0      0      0      0      0      0    405    277      0      0 
 05:20:14       0     14     41      -      0      0      0      0      0      0    405    277      0      0 
 05:20:15       0     14     41      -      0      0      0      0      0      0    405    277      0      0 
 05:20:16       0     14     41      -      0      0      0      0      0      0    405    277      0      0 
 05:20:16       0     15     41      -      0      0      0      0      0      0    405    277      0      0 
 05:20:17       0     16     41      -      0      0      0      0      0      0    405    277      0      0 
 05:20:18       0     14     41      -      0      0      0      0      0      0    405    270      0      1 
 05:20:19       0     14     41      -      0      0      0      0      0      0    405    277      0      0 
 05:20:20       0     14     41      -      0      0      0      0      0      0    405    277      0      0 
 05:20:21       0     14     41      -      0      0      0      0      0      0    405    277      0      9 
 05:20:22       0     14     41      -      0      0      0      0      0      0    405    277     33      0 
 05:20:23       0     14     41      -      0      0      0      0      0      0    405    277      0      0 
 05:20:24       0     14     41      -      0      0      0      0      0      0    405    277      0      0 
 05:20:25       0     14     41      -      0      0      0      0      0      0    405    277      0      0 
 05:20:26       0     15     41      -      0      0      0      0      0      0    405    270      0      0 
 05:20:27       0     14     41      -      0      0      0      0      0      0    405    277      0      1 
 05:20:28       0     14     41      -      0      1      0      0      0      0    405    277      0      0 
 05:20:29       0     14     41      -      0      0      0      0      0      0    405    277      0      0 
 05:20:30       0     14     41      -      0      0      0      0      0      0    405    270      0      0 
 05:20:31       0     14     41      -      0      0      0      0      0      0    405    277      0      0 
 05:20:32       0     14     41      -      0      0      0      0      0      0    405    277      0      0 
 05:20:33       0     14     41      -      0      0      0      0      0      0    405    277      0      0 
 05:20:34       0     14     41      -      0      8      0      0      0      0    405    277      0      0 
 05:20:35       0     14     41      -      0      0      0      0      0      0    405    277      0      0 
 05:20:36       0     14     41      -      1      0      0      0      0      0    405    277      0      0 
 05:20:37       0     16     41      -      0      0      0      0      0      0    405    277      0      0 
 05:20:38       0     14     41      -      0      0      0      0      0      0    405    277      0      0 
 05:20:39       0     14     41      -      0      0      0      0      0      0    405    277      0      3 
 05:20:40       0     14     41      -      0      0      0      0      0      0    405    277     46      0 
 05:20:43       0     14     41      -      0      0      0      0      0      0    405    277      0      0 
 05:20:44       0     14     41      -      0      0      0      0      0      0    405    277      0      1 
 05:20:45       0     14     41      -      0      0      0      0      0      0    405    277      0      0 
 05:20:46       0     14     41      -      0      0      0      0      0      0    405    277      0      0 
 05:20:47       0     15     41      -      0      0      0      0      0      0    405    277      0      0 
 05:20:48       0     14     41      -      0      0      0      0      0      0    405    277      0      1 
 05:20:49       0     15     41      -      0      0      0      0      0      0    405    277      0      0 
 05:20:50       0     16     41      -      0      0      0      0      0      0    405    277      0      0 
 05:20:51       0     15     41      -      0      0      0      0      0      0    405    277      0      0 
#Time         gpu    pwr  gtemp  mtemp     sm    mem    enc    dec    jpg    ofa   mclk   pclk  rxpci  txpci 
#HH:MM:SS     Idx      W      C      C      %      %      %      %      %      %    MHz    MHz   MB/s   MB/s 
 05:20:52       0     15     41      -      0      0      0      0      0      0    405    277      0      0 
 05:20:53       0     14     41      -      0      9      0      0      0      0    405    277      0      0 
 05:20:54       0     14     41      -      0      0      0      0      0      0    405    277      0      0 
 05:20:55       0     15     41      -      0      0      0      0      0      0    405    277      0      0 
 05:20:56       0     15     41      -      0      0      0      0      0      0    405    277      0      0 
 05:20:57       0     15     41      -      0      0      0      0      0      0    405    277      0      0 
 05:20:58       0     14     41      -      0      0      0      0      0      0    405    277      0      0 
 05:20:59       0     15     41      -      0      0      0      0      0      0    405    270      0      0 
 05:21:00       0     15     41      -      0      0      0      0      0      0    405    277     74      3 
 05:21:01       0     14     41      -      0      0      0      0      0      0    405    277      0      0 
 05:21:02       0     14     41      -      0      0      0      0      0      0    405    277      0      0 
 05:21:03       0     15     41      -      0      0      0      0      0      0    405    277      0      0 
 05:21:04       0     16     41      -      0      0      0      0      0      0    405    277      0      0 
 05:21:05       0     15     41      -      0      0      0      0      0      0    405    277      0      0 
 05:21:06       0     14     41      -      0      0      0      0      0      0    405    277      1      0 
 05:21:06       0     14     41      -      0      0      0      0      0      0    405    277      0      0 
 05:21:07       0     14     41      -      0      0      0      0      0      0    405    277      0      0 
 05:21:08       0     14     41      -      0      0      0      0      0      0    405    277      0      0 
 05:21:09       0     14     41      -      0      0      0      0      0      0    405    277      0      0 
 05:21:10       0     14     41      -      0      0      0      0      0      0    405    277      0      0 
 05:21:11       0     14     41      -      0      0      0      0      0      0    405    277      0      0 
 05:21:12       0     14     41      -      0      0      0      0      0      0    405    277      0      0 
 05:21:13       0     14     41      -      0      0      0      0      0      0    405    277      0      0 
 05:21:14       0     14     41      -      0      0      0      0      0      0    405    277      0      0 
 05:21:15       0     14     41      -      0      0      0      0      0      0    405    277      0      0 
 05:21:19       0     14     41      -      0      1      0      0      0      0    405    277      0      0 
 05:21:20       0     14     41      -      0      0      0      0      0      0    405    277     47      0 
 05:21:21       0     14     41      -      0      0      0      0      0      0    405    277      0      0 
 05:21:22       0     14     41      -      0      0      0      0      0      0    405    277      0      0 
 05:21:23       0     14     41      -      0      0      0      0      0      0    405    277      0      0 
 05:21:24       0     14     41      -      0      0      0      0      0      0    405    277      0      0 
 05:21:25       0     14     41      -      0     12      0      0      0      0    405    277      0      0 
 05:21:26       0     14     41      -      0      0      0      0      0      0    405    277      0      0 
 05:21:27       0     14     41      -      0      0      0      0      0      0    405    277      0      0 
 05:21:28       0     14     41      -      0      0      0      0      0      0    405    277      0      0 
 05:21:29       0     14     41      -      0      0      0      0      0      0    405    277      0      1 
 05:21:30       0     14     41      -      0      0      0      0      0      0    405    277      0      0 
 05:21:31       0     14     41      -      0      0      0      0      0      0    405    270      0      0 
 05:21:32       0     14     41      -      0      0      0      0      0      0    405    277      0      0 
 05:21:33       0     14     41      -      0      0      0      0      0      0    405    277      0      0 
 05:21:34       0     14     41      -      0      0      0      0      0      0    405    277      0      0 
 05:21:35       0     14     41      -      0      0      0      0      0      0    405    277      0      0 
 05:21:36       0     14     41      -      0      0      0      0      0      0    405    277      0      0 
 05:21:37       0     14     41      -      0      0      0      0      0      0    405    277     75      3 
#Time         gpu    pwr  gtemp  mtemp     sm    mem    enc    dec    jpg    ofa   mclk   pclk  rxpci  txpci 
#HH:MM:SS     Idx      W      C      C      %      %      %      %      %      %    MHz    MHz   MB/s   MB/s 
 05:21:38       0     14     41      -      0      0      0      0      0      0    405    277      0      0 
 05:21:39       0     14     41      -      0      1      0      0      0      0    405    277      0      0 
 05:21:40       0     14     41      -      0      0      0      0      0      0    405    277      0      0 
 05:21:41       0     14     41      -      0      1      0      0      0      0    405    277      0      0 
 05:21:42       0     14     41      -      0      0      0      0      0      0    405    277      0      0 
 05:21:42       0     14     41      -      0      0      0      0      0      0    405    277      0      2 
 05:21:43       0     14     41      -      0      0      0      0      0      0    405    277      0      0 
 05:21:44       0     14     41      -      0      0      0      0      0      0    405    277      0      0 
 05:21:45       0     14     41      -      0      0      0      0      0      0    405    277      0      0 
 05:21:46       0     14     41      -      0      0      0      0      0      0    405    277      0      0 
 05:21:47       0     14     41      -      0      0      0      0      0      0    405    277      0      0 
 05:21:48       0     14     41      -      0      0      0      0      0      0    405    277      0      0 
 05:21:49       0     14     41      -      0      0      0      0      0      0    405    277      0      0 
 05:21:50       0     14     41      -      0      0      0      0      0      0    405    277      0      0 
 05:21:54       0     14     41      -      0      0      0      0      0      0    405    277      0      1 
 05:21:55       0     14     41      -      0      0      0      0      0      0    405    277      0      0 
 05:21:56       0     14     41      -      0      0      0      0      0      0    405    277      0      0 
 05:21:57       0     14     41      -      0      0      0      0      0      0    405    277      0      8 
 05:21:58       0     14     41      -      0      0      0      0      0      0    405    277      1      0 
 05:21:59       0     14     41      -      0      0      0      0      0      0    405    277      0      0 
 05:22:00       0     14     41      -      0      0      0      0      0      0    405    277      0      0 
 05:22:01       0     14     41      -      0      0      0      0      0      0    405    277      0      0 
 05:22:02       0     14     41      -      0      0      0      0      0      0    405    277      0      0 
 05:22:03       0     14     41      -      0      0      0      0      0      0    405    277      0      1 
 05:22:04       0     14     41      -      0      0      0      0      0      0    405    277      0      0 
 05:22:05       0     14     41      -      0      0      0      0      0      0    405    277      0      0 
 05:22:06       0     14     41      -      0      0      0      0      0      0    405    277      0      0 
 05:22:07       0     14     41      -      0      0      0      0      0      0    405    277      0      0 
 05:22:08       0     14     41      -      0      0      0      0      0      0    405    277      0      0 
 05:22:09       0     14     41      -      0     13      0      0      0      0    405    277      0      0 
 05:22:10       0     14     41      -      0      0      0      0      0      0    405    277      0      0 
 05:22:11       0     14     41      -      0      0      0      0      0      0    405    277      0      0 
 05:22:12       0     14     41      -      0      0      0      0      0      0    405    277      0      0 
 05:22:13       0     14     41      -      0      0      0      0      0      0    405    277      0      0 
 05:22:13       0     14     41      -      0      0      0      0      0      0    405    277     27     12 
 05:22:14       0     14     41      -      0      0      0      0      0      0    405    277      0      0 
 05:22:15       0     14     42      -      0      0      0      0      0      0    405    277      0      0 
 05:22:16       0     14     41      -      0      6      0      0      0      0    405    277      0      0 
 05:22:17       0     14     41      -      0      0      0      0      0      0    405    277      0      0 
 05:22:18       0     14     42      -      0      1      0      0      0      0    405    277      0      0 
 05:22:19       0     14     41      -      0      2      0      0      0      0    405    277      0      1 
 05:22:20       0     14     41      -      0      0      0      0      0      0    405    277      0      0 
 05:22:21       0     14     41      -      0      0      0      0      0      0    405    277      0      0 
 05:22:22       0     14     41      -      0      0      0      0      0      0    405    277      0      0 
#Time         gpu    pwr  gtemp  mtemp     sm    mem    enc    dec    jpg    ofa   mclk   pclk  rxpci  txpci 
#HH:MM:SS     Idx      W      C      C      %      %      %      %      %      %    MHz    MHz   MB/s   MB/s 
 05:22:23       0     14     41      -      0      0      0      0      0      0    405    277      0      0 
 05:22:24       0     14     41      -      0      0      0      0      0      0    405    270      0      0 
 05:22:25       0     14     41      -      0      0      0      0      0      0    405    277      0      0 
 05:22:29       0     14     41      -      0      0      0      0      0      0    405    277      0      0 
 05:22:30       0     14     41      -      0      0      0      0      0      0    405    277      0      0 
 05:22:31       0     14     41      -      0      0      0      0      0      0    405    277      0      1 
 05:22:32       0     14     41      -      0      0      0      0      0      0    405    277      0      0 
 05:22:33       0     14     41      -      0      0      0      0      0      0    405    277      0      0 
 05:22:34       0     14     41      -      0      0      0      0      0      0    405    277     45      7 
 05:22:35       0     14     41      -      0      0      0      0      0      0    405    277      0      0 
 05:22:36       0     14     41      -      0      0      0      0      0      0    405    277      0      0 
 05:22:37       0     14     41      -      0      0      0      0      0      0    405    277      0      0 
 05:22:38       0     14     41      -      0      0      0      0      0      0    405    277      0      0 
 05:22:39       0     14     41      -      0      0      0      0      0      0    405    277      0      0 
 05:22:40       0     14     41      -      0      0      0      0      0      0    405    277      1      0 
 05:22:41       0     14     41      -      0      0      0      0      0      0    405    277      0      0 
 05:22:42       0     14     41      -      0      0      0      0      0      0    405    277      0      0 
 05:22:43       0     14     41      -      0      0      0      0      0      0    405    277      0      0 
 05:22:44       0     14     41      -      0      0      0      0      0      0    405    277      0      0 
 05:22:45       0     14     41      -      0      0      0      0      0      0    405    277      0      0 
 05:22:46       0     14     41      -      0      0      0      0      0      0    405    277      0      0 
 05:22:46       0     14     41      -      0      0      0      0      0      0    405    277      0      0 
 05:22:47       0     15     41      -      0      0      0      0      0      0    405    277      0      0 
 05:22:48       0     14     41      -      0     12      0      0      0      0    405    277      0      0 
 05:22:49       0     14     41      -      0      0      0      0      0      0    405    277      0      0 
 05:22:50       0     14     41      -      0      0      0      0      0      0    405    277     44      8 
 05:22:51       0     14     41      -      0      0      0      0      0      0    405    277      0      0 
 05:22:52       0     14     41      -      0      0      0      0      0      0    405    277      0      0 
 05:22:53       0     14     41      -      0      0      0      0      0      0    405    277      0      0 
 05:22:54       0     14     41      -      0      0      0      0      0      0    405    277      0      0 
 05:22:55       0     14     41      -      0      0      0      0      0      0    405    277      0      0 
 05:22:56       0     14     41      -      0      0      0      0      0      0    405    277      0      1 
 05:22:57       0     14     41      -      0      0      0      0      0      0    405    277      0      0 
 05:22:58       0     14     41      -      0      0      0      0      0      0    405    277      0      0 
 05:22:59       0     14     41      -      0      0      0      0      0      0    405    277      0      0 
 05:23:00       0     14     41      -      0      0      0      0      0      0    405    277      0      0 
 05:23:04       0     14     41      -      0      0      0      0      0      0    405    277      0      0 
 05:23:05       0     14     41      -      0      0      0      0      0      0    405    277      0      0 
 05:23:06       0     14     41      -      0      0      0      0      0      0    405    277      0      0 
 05:23:07       0     14     41      -      0      0      0      0      0      0    405    277      0      0 
 05:23:08       0     14     41      -      0      0      0      0      0      0    405    277      0      0 
 05:23:09       0     14     41      -      0      0      0      0      0      0    405    277      0      0 
 05:23:10       0     14     41      -      0      0      0      0      0      0    405    277      0      0 
 05:23:11       0     14     41      -      0      0      0      0      0      0    405    277      0      8 
#Time         gpu    pwr  gtemp  mtemp     sm    mem    enc    dec    jpg    ofa   mclk   pclk  rxpci  txpci 
#HH:MM:SS     Idx      W      C      C      %      %      %      %      %      %    MHz    MHz   MB/s   MB/s 
 05:23:12       0     14     41      -      0      0      0      0      0      0    405    277     44      0 
 05:23:13       0     14     41      -      0      0      0      0      0      0    405    277      0      0 
 05:23:14       0     14     41      -      0      0      0      0      0      0    405    277      0      0 
 05:23:15       0     14     41      -      0      2      0      0      0      0    405    277      0      0 
 05:23:16       0     14     41      -      0      0      0      0      0      0    405    277      0      0 
 05:23:17       0     14     41      -      0      0      0      0      0      0    405    277      0      0 
 05:23:18       0     14     41      -      0      0      0      0      0      0    405    277      0      1 
 05:23:18       0     14     41      -      0      0      0      0      0      0    405    277      0      0 
 05:23:19       0     14     41      -      0      0      0      0      0      0    405    277      0      0 
 05:23:20       0     14     41      -      0      0      0      0      0      0    405    270      0      0 
 05:23:21       0     14     41      -      0      0      0      0      0      0    405    277      0      0 
 05:23:22       0     14     41      -      0      0      0      0      0      0    405    277      0      0 
 05:23:23       0     14     41      -      0      0      0      0      0      0    405    277      0      0 
 05:23:24       0     14     41      -      0      0      0      0      0      0    405    277      0      0 
 05:23:25       0     14     41      -      0      0      0      0      0      0    405    277      0      0 
 05:23:26       0     14     41      -      0      0      0      0      0      0    405    277      0      0 
 05:23:27       0     14     41      -      0      0      0      0      0      0    405    277      0      0 
 05:23:28       0     14     41      -      0      0      0      0      0      0    405    277      0      0 
 05:23:29       0     14     41      -      0      0      0      0      0      0    405    277      0      6 
 05:23:30       0     14     41      -      0      0      0      0      0      0    405    277     45      0 
 05:23:31       0     14     41      -      0      0      0      0      0      0    405    277      0      0 
 05:23:32       0     14     41      -      0      0      0      0      0      0    405    277      0      0 
 05:23:33       0     14     41      -      0      0      0      0      0      0    405    277      0      0 
 05:23:34       0     14     41      -      0      0      0      0      0      0    405    277      0      0 
 05:23:35       0     14     41      -      0      0      0      0      0      0    405    277      0      0 
 05:23:36       0     14     41      -      0      0      0      0      0      0    405    277      0      1 
 05:23:40       0     14     41      -      0      0      0      0      0      0    405    277      0      0 
 05:23:41       0     14     41      -      0      0      0      0      0      0    405    277      0      0 
 05:23:42       0     14     41      -      0      0      0      0      0      0    405    277      0      0 
 05:23:43       0     14     41      -      0      0      0      0      0      0    405    277      0      0 
 05:23:44       0     14     41      -      0      0      0      0      0      0    405    277      0      0 
 05:23:45       0     14     41      -      0      0      0      0      0      0    405    270      0      0 
 05:23:46       0     14     41      -      0      0      0      0      0      0    405    277      0      0 
 05:23:47       0     14     41      -      0      0      0      0      0      0    405    277      0      0 
 05:23:48       0     14     41      -      0      0      0      0      0      0    405    277      0      1 
 05:23:48       0     14     41      -      0      0      0      0      0      0    405    277      0      0 
 05:23:49       0     14     41      -      0      0      0      0      0      0    405    277      0      0 
 05:23:50       0     14     41      -      0      0      0      0      0      0    405    277     47      7 
 05:23:51       0     14     41      -      0      0      0      0      0      0    405    277      0      0 
 05:23:52       0     14     41      -      0      0      0      0      0      0    405    277      0      0 
 05:23:53       0     14     41      -      0      0      0      0      0      0    405    277      0      0 
 05:23:54       0     14     41      -      0      0      0      0      0      0    405    277      0      0 
 05:23:55       0     14     41      -      0      0      0      0      0      0    405    277      0      0 
 05:23:56       0     14     41      -      0      0      0      0      0      0    405    277      0      0 
#Time         gpu    pwr  gtemp  mtemp     sm    mem    enc    dec    jpg    ofa   mclk   pclk  rxpci  txpci 
#HH:MM:SS     Idx      W      C      C      %      %      %      %      %      %    MHz    MHz   MB/s   MB/s 
 05:23:57       0     14     41      -      0      0      0      0      0      0    405    277      0      0 
 05:23:58       0     14     41      -      0      0      0      0      0      0    405    277      0      0 
 05:23:59       0     14     41      -      0      2      0      0      0      0    405    277      0      0 
 05:24:00       0     14     41      -      0      0      0      0      0      0    405    277      0      0 
 05:24:01       0     14     41      -      0      0      0      0      0      0    405    277      0      0 
 05:24:02       0     14     41      -      0      0      0      0      0      0    405    277      0      0 
 05:24:03       0     14     41      -      0      0      0      0      0      0    405    277      0      0 
 05:24:04       0     14     41      -      0      0      0      0      0      0    405    277      0      0 
 05:24:05       0     14     41      -      0      0      0      0      0      0    405    277      0      0 
 05:24:06       0     14     41      -      0      0      0      0      0      0    405    277      0      1 
 05:24:07       0     14     41      -      0      0      0      0      0      0    405    277      0      0 
 05:24:08       0     14     41      -      0      0      0      0      0      0    405    277     11     12 
 05:24:09       0     14     41      -      0      0      0      0      0      0    405    277      0      0 
 05:24:10       0     14     41      -      0      0      0      0      0      0    405    277      0      0 
 05:24:10       0     14     41      -      0      0      0      0      0      0    405    277      0      0 
 05:24:14       0     14     41      -      0      0      0      0      0      0    405    277      0      1 
 05:24:15       0     14     41      -      0      0      0      0      0      0    405    277      0      0 
 05:24:16       0     14     41      -      0      0      0      0      0      0    405    270      0      0 
 05:24:18       0     14     41      -      0      0      0      0      0      0    405    277      0      1 
 05:24:18       0     14     41      -      0      0      0      0      0      0    405    277      0      0 
 05:24:19       0     14     41      -      0     23      0      0      0      0    405    277      0      0 
 05:24:20       0     14     41      -      0      0      0      0      0      0    405    277      0      0 
 05:24:21       0     14     41      -      0      0      0      0      0      0    405    277      0      0 
 05:24:22       0     14     41      -      0      0      0      0      0      0    405    277      0      0 
 05:24:23       0     14     41      -      0      0      0      0      0      0    405    277      0      0 
 05:24:24       0     14     41      -      0      0      0      0      0      0    405    277      0      0 
 05:24:25       0     14     41      -      0      0      0      0      0      0    405    277      0      0 
 05:24:26       0     14     41      -      0      0      0      0      0      0    405    277      0      0 
 05:24:27       0     14     41      -      0      0      0      0      0      0    405    277      0      0 
 05:24:28       0     14     41      -      0      0      0      0      0      0    405    277      0      3 
 05:24:29       0     14     41      -      0      0      0      0      0      0    405    277     43      0 
 05:24:30       0     14     41      -      0      0      0      0      0      0    405    277      0      0 
 05:24:31       0     14     41      -      0      0      0      0      0      0    405    277      0      0 
 05:24:32       0     14     41      -      0      0      0      0      0      0    405    277      0      0 
 05:24:33       0     14     41      -      0      0      0      0      0      0    405    277      0      0 
 05:24:34       0     14     41      -      0      0      0      0      0      0    405    277      1      1 
 05:24:35       0     14     41      -      0      2      0      0      0      0    405    277      0      0 
 05:24:36       0     14     41      -      0      0      0      0      0      0    405    277      0      0 
 05:24:37       0     14     41      -      0      0      0      0      0      0    405    277      0      0 
 05:24:38       0     14     41      -      0      0      0      0      0      0    405    270      0      0 
 05:24:39       0     14     41      -      0      3      0      0      0      0    405    277      0      0 
 05:24:40       0     14     41      -      0      0      0      0      0      0    405    277      0      0 
 05:24:41       0     14     41      -      0      0      0      0      0      0    405    277      0      0 
 05:24:41       0     14     41      -      0      0      0      0      0      0    405    277      0      0 
#Time         gpu    pwr  gtemp  mtemp     sm    mem    enc    dec    jpg    ofa   mclk   pclk  rxpci  txpci 
#HH:MM:SS     Idx      W      C      C      %      %      %      %      %      %    MHz    MHz   MB/s   MB/s 
 05:24:42       0     14     41      -      0      0      0      0      0      0    405    277      0      1 
 05:24:43       0     14     41      -      0     18      0      0      0      0    405    277      0      0 
 05:24:44       0     14     41      -      0      0      0      0      0      0    405    277      0      0 
 05:24:45       0     14     41      -      0      0      0      0      0      0    405    277     44      7 
 05:24:49       0     14     41      -      0      0      0      0      0      0    405    277      0      0 
 05:24:50       0     14     41      -      0      0      0      0      0      0    405    277      0      0 
 05:24:51       0     14     41      -      0      0      0      0      0      0    405    277      0      0 
 05:24:52       0     14     41      -      0      0      0      0      0      0    405    277      0      0 
 05:24:53       0     14     41      -      0      0      0      0      0      0    405    277      0      0 
 05:24:54       0     14     41      -      0      0      0      0      0      0    405    277      0      0 
 05:24:55       0     14     41      -      0      0      0      0      0      0    405    277      0      0 
 05:24:56       0     14     41      -      0      0      0      0      0      0    405    277      0      0 
 05:24:57       0     14     41      -      0      0      0      0      0      0    405    277      0      0 
 05:24:58       0     14     41      -      0      0      0      0      0      0    405    277      0      0 
 05:24:59       0     14     41      -      0      0      0      0      0      0    405    277      0      0 
 05:25:00       0     14     41      -      0      0      0      0      0      0    405    277      0      0 
 05:25:01       0     14     41      -      0      0      0      0      0      0    405    277      0      0 
 05:25:02       0     14     41      -      0      0      0      0      0      0    405    277      0      0 
 05:25:03       0     14     41      -      0      2      0      0      0      0    405    277      0      1 
 05:25:04       0     14     41      -      0      0      0      0      0      0    405    277      0      0 
 05:25:05       0     14     41      -      0      0      0      0      0      0    405    277      0      0 
 05:25:06       0     14     41      -      0      2      0      0      0      0    405    277     44      8 
 05:25:07       0     14     41      -      0      0      0      0      0      0    405    277      0      0 
 05:25:08       0     14     41      -      0     13      0      0      0      0    405    277      0      0 
 05:25:09       0     14     41      -      0      0      0      0      0      0    405    277      0      0 
 05:25:10       0     14     41      -      0      0      0      0      0      0    405    270      0      0 
 05:25:11       0     15     41      -      0      0      0      0      0      0    405    277      0      0 
 05:25:12       0     15     41      -      0      0      0      0      0      0    405    277      0      1 
 05:25:13       0     14     41      -      0      0      0      0      0      0    405    277      0      0 
 05:25:14       0     14     41      -      0      0      0      0      0      0    405    277      0      0 
 05:25:15       0     15     41      -      0      0      0      0      0      0    405    277      0      0 
 05:25:15       0     14     41      -      0      0      0      0      0      0    405    277      0      0 
 05:25:16       0     14     41      -      0      0      0      0      0      0    405    277      0      0 
 05:25:17       0     14     41      -      0      0      0      0      0      0    405    277      0      1 
 05:25:18       0     14     41      -      0      0      0      0      0      0    405    277      0      0 
 05:25:19       0     14     41      -      0      0      0      0      0      0    405    277      0      0 
 05:25:20       0     14     41      -      0      2      0      0      0      0    405    277      1      0 
 05:25:21       0     14     41      -      0      0      0      0      0      0    405    277      0      0 
 05:25:25       0     14     41      -      0      0      0      0      0      0    405    277      0      6 
 05:25:26       0     14     41      -      0      0      0      0      0      0    405    277     46      0 
 05:25:27       0     14     41      -      0      0      0      0      0      0    405    277      0      0 
 05:25:28       0     14     41      -      0      0      0      0      0      0    405    277      0      0 
 05:25:29       0     14     41      -      0     23      0      0      0      0    405    277      0      0 
 05:25:30       0     14     41      -      0      1      0      0      0      0    405    277      0      0 
#Time         gpu    pwr  gtemp  mtemp     sm    mem    enc    dec    jpg    ofa   mclk   pclk  rxpci  txpci 
#HH:MM:SS     Idx      W      C      C      %      %      %      %      %      %    MHz    MHz   MB/s   MB/s 
 05:25:31       0     14     41      -      0     18      0      0      0      0    405    277      0      0 
 05:25:32       0     14     41      -      0      0      0      0      0      0    405    277      0      0 
 05:25:33       0     14     41      -      0      0      0      0      0      0    405    277      0      0 
 05:25:34       0     14     41      -      0      0      0      0      0      0    405    270      0      0 
 05:25:35       0     14     41      -      0      0      0      0      0      0    405    277      0      0 
 05:25:36       0     14     41      -      0      0      0      0      0      0    405    277      0      0 
 05:25:37       0     14     41      -      0      0      0      0      0      0    405    277      0      0 
 05:25:38       0     14     41      -      0      0      0      0      0      0    405    277      0      0 
 05:25:39       0     14     41      -      0      0      0      0      0      0    405    277      0      0 
 05:25:40       0     14     41      -      0      0      0      0      0      0    405    277      0      2 
 05:25:41       0     14     41      -      0      0      0      0      0      0    405    277      0      0 
 05:25:42       0     14     41      -      0      7      0      0      0      0    405    277      0      0 
 05:25:43       0     14     41      -      0      0      0      0      0      0    405    277     44      8 
 05:25:44       0     14     41      -      0     10      0      0      0      0    405    277      0      0 
 05:25:45       0     14     41      -      0      0      0      0      0      0    405    277      0      0 
 05:25:46       0     14     41      -      0      8      0      0      0      0    405    277      0      0 
 05:25:47       0     14     41      -      0      0      0      0      0      0    405    277      0      0 
 05:25:48       0     14     41      -      0      0      0      0      0      0    405    277      0      0 
 05:25:49       0     14     41      -      0      0      0      0      0      0    405    277      0      0 
 05:25:49       0     14     41      -      0      0      0      0      0      0    405    277      0      0 
 05:25:50       0     14     41      -      0      0      0      0      0      0    405    277      0      0 
 05:25:51       0     14     41      -      0      0      0      0      0      0    405    277      0      0 
 05:25:52       0     14     41      -      0      0      0      0      0      0    405    277      0      0 
 05:25:53       0     14     41      -      0      0      0      0      0      0    405    277      0      0 
 05:25:54       0     14     41      -      0      0      0      0      0      0    405    277      0      0 
 05:25:55       0     14     41      -      0      0      0      0      0      0    405    277      0      0 
 05:25:56       0     14     42      -      0      0      0      0      0      0    405    277      0      1 
 05:26:00       0     14     42      -      0      0      0      0      0      0    405    277      0      0 
 05:26:01       0     14     42      -      0      0      0      0      0      0    405    277      0      0 
 05:26:02       0     14     42      -      0      0      0      0      0      0    405    277      0      0 
 05:26:03       0     14     42      -      0      0      0      0      0      0    405    277     45      0 
 05:26:04       0     14     42      -      0      0      0      0      0      0    405    277      0      0 
 05:26:05       0     14     41      -      0      0      0      0      0      0    405    277      0      0 
 05:26:06       0     14     42      -      0      0      0      0      0      0    405    277      0      0 
 05:26:07       0     14     42      -      0      0      0      0      0      0    405    277      0      0 
 05:26:08       0     14     42      -      0      0      0      0      0      0    405    277      0      0 
 05:26:09       0     14     42      -      0      0      0      0      0      0    405    277      0      0 
 05:26:10       0     14     42      -      0      0      0      0      0      0    405    277      0      0 
 05:26:11       0     14     42      -      0      0      0      0      0      0    405    277      0      0 
 05:26:12       0     14     41      -      0      0      0      0      0      0    405    277      0      0 
 05:26:13       0     14     41      -      0      0      0      0      0      0    405    277      0      0 
 05:26:14       0     14     41      -      0      0      0      0      0      0    405    277      0      0 
 05:26:15       0     14     41      -      0      0      0      0      0      0    405    277      0      0 
 05:26:16       0     14     41      -      0      0      0      0      0      0    405    277      0      0 
#Time         gpu    pwr  gtemp  mtemp     sm    mem    enc    dec    jpg    ofa   mclk   pclk  rxpci  txpci 
#HH:MM:SS     Idx      W      C      C      %      %      %      %      %      %    MHz    MHz   MB/s   MB/s 
 05:26:17       0     14     42      -      0      0      0      0      0      0    405    277      0      1 
 05:26:18       0     14     41      -      0      0      0      0      0      0    405    277      0      0 
 05:26:19       0     14     42      -      0      0      0      0      0      0    405    270      0      0 
 05:26:20       0     14     41      -      0      0      0      0      0      0    405    277     48      7 
 05:26:20       0     14     42      -      0      0      0      0      0      0    405    277      0      0 
 05:26:21       0     14     42      -      0      0      0      0      0      0    405    277      0      0 
 05:26:22       0     14     41      -      0      0      0      0      0      0    405    277      0      0 
 05:26:23       0     15     42      -      0      0      0      0      0      0    405    277      0      0 
 05:26:24       0     14     42      -      0      0      0      0      0      0    405    277      0      0 
 05:26:25       0     14     41      -      0      0      0      0      0      0    405    277      1      0 
 05:26:26       0     14     42      -      0      0      0      0      0      0    405    277      0      0 
 05:26:27       0     14     41      -      0      0      0      0      0      0    405    277      0      0 
 05:26:28       0     14     41      -      0      0      0      0      0      0    405    277      0      0 
 05:26:29       0     14     42      -      0      0      0      0      0      0    405    277      0      0 
 05:26:30       0     14     42      -      0      0      0      0      0      0    405    277      0      0 
 05:26:31       0     14     42      -      0      0      0      0      0      0    405    277      0      0 
 05:26:32       0     14     41      -      0      0      0      0      0      0    405    277      0      0 
 05:26:36       0     14     42      -      0      0      0      0      0      0    405    277      0      0 
 05:26:37       0     14     42      -      0      0      0      0      0      0    405    277      0      1 
 05:26:38       0     14     42      -      0      0      0      0      0      0    405    277      0      0 
 05:26:39       0     14     41      -      0      0      0      0      0      0    405    277      0      0 
 05:26:40       0     14     41      -      0      0      0      0      0      0    405    277     74      3 
 05:26:41       0     14     42      -      0      0      0      0      0      0    405    277      0      0 
 05:26:42       0     14     41      -      0      0      0      0      0      0    405    277      0      0 
 05:26:43       0     14     41      -      0      0      0      0      0      0    405    277      0      0 
 05:26:44       0     14     42      -      0      0      0      0      0      0    405    277      0      0 
 05:26:45       0     14     41      -      0      0      0      0      0      0    405    277      0      0 
 05:26:46       0     14     42      -      0      0      0      0      0      0    405    277      0      0 
 05:26:47       0     14     42      -      0      0      0      0      0      0    405    277      0      0 
 05:26:48       0     14     41      -      0      0      0      0      0      0    405    277      0      0 
 05:26:49       0     14     42      -      0      0      0      0      0      0    405    277      0      0 
 05:26:50       0     14     41      -      0      0      0      0      0      0    405    277      0      0 
 05:26:51       0     14     41      -      0      0      0      0      0      0    405    277      0      0 
 05:26:52       0     14     41      -      0      0      0      0      0      0    405    277      0      0 
 05:26:53       0     14     41      -      0      0      0      0      0      0    405    277      0      0 
 05:26:54       0     14     41      -      0      0      0      0      0      0    405    277      0      1 
 05:26:55       0     14     41      -      0      0      0      0      0      0    405    277      0      0 
 05:26:55       0     14     41      -      0      0      0      0      0      0    405    277      0      0 
 05:26:56       0     14     41      -      0      0      0      0      0      0    405    277     47      0 
 05:26:57       0     14     41      -      0      5      0      0      0      0    405    277      0      0 
 05:26:58       0     14     41      -      0      0      0      0      0      0    405    277      0      0 
 05:26:59       0     14     41      -      0      0      0      0      0      0    405    277      0      0 
 05:27:00       0     14     41      -      0      0      0      0      0      0    405    277      0      0 
 05:27:01       0     14     41      -      0      0      0      0      0      0    405    277      0      0 
#Time         gpu    pwr  gtemp  mtemp     sm    mem    enc    dec    jpg    ofa   mclk   pclk  rxpci  txpci 
#HH:MM:SS     Idx      W      C      C      %      %      %      %      %      %    MHz    MHz   MB/s   MB/s 
 05:27:02       0     14     41      -      0      0      0      0      0      0    405    277      0      1 
 05:27:03       0     14     41      -      0      0      0      0      0      0    405    277      0      0 
 05:27:04       0     14     41      -      0     16      0      0      0      0    405    277      0      0 
 05:27:05       0     14     41      -      0      0      0      0      0      0    405    277      0      0 
 05:27:06       0     14     41      -      0      0      0      0      0      0    405    277      0      0 
 05:27:07       0     14     41      -      0      0      0      0      0      0    405    277      0      0 
 05:27:11       0     14     41      -      0      0      0      0      0      0    405    277      0      0 
 05:27:12       0     14     41      -      0      0      0      0      0      0    405    277      0      0 
 05:27:13       0     14     41      -      0      0      0      0      0      0    405    277      0      0 
 05:27:14       0     14     41      -      0      0      0      0      0      0    405    277      0      0 
 05:27:15       0     14     41      -      0      0      0      0      0      0    405    277      1      0 
 05:27:16       0     14     41      -      0      0      0      0      0      0    405    277      0      0 
 05:27:17       0     14     41      -      0      0      0      0      0      0    405    277      0      6 
 05:27:18       0     14     41      -      0      0      0      0      0      0    405    277     44      0 
 05:27:19       0     14     41      -      0     12      0      0      0      0    405    277      0      0 
 05:27:20       0     14     41      -      0      0      0      0      0      0    405    277      0      0 
 05:27:21       0     14     41      -      0      0      0      0      0      0    405    277      0      0 
 05:27:22       0     14     41      -      0      0      0      0      0      0    405    277      0      0 
 05:27:23       0     14     41      -      0      0      0      0      0      0    405    277      0      0 
 05:27:24       0     14     41      -      0      0      0      0      0      0    405    277      0      1 
 05:27:24       0     14     41      -      0      0      0      0      0      0    405    277      0      0 
 05:27:25       0     14     41      -      0      0      0      0      0      0    405    277      0      0 
 05:27:26       0     14     41      -      0      0      0      0      0      0    405    277      0      0 
 05:27:27       0     14     41      -      0      0      0      0      0      0    405    277      0      0 
 05:27:28       0     14     41      -      0      0      0      0      0      0    405    277      0      0 
 05:27:29       0     14     41      -      0      0      0      0      0      0    405    277      0      0 
 05:27:30       0     14     41      -      0      0      0      0      0      0    405    277      0      0 
 05:27:31       0     14     41      -      0      0      0      0      0      0    405    277      0      0 
 05:27:32       0     14     41      -      0      0      0      0      0      0    405    277      0      0 
 05:27:33       0     14     41      -      0      0      0      0      0      0    405    277      0      0 
 05:27:34       0     14     41      -      0      0      0      0      0      0    405    277      0      0 
 05:27:35       0     14     41      -      0      0      0      0      0      0    405    277     44      9 
 05:27:36       0     14     41      -      0      0      0      0      0      0    405    277      0      0 
 05:27:37       0     14     41      -      0      6      0      0      0      0    405    277      0      0 
 05:27:38       0     14     41      -      0      0      0      0      0      0    405    277      0      0 
 05:27:39       0     14     41      -      0      0      0      0      0      0    405    277      0      0 
 05:27:40       0     15     41      -      0      0      0      0      0      0    405    277      0      0 
 05:27:41       0     14     41      -      0      0      0      0      0      0    405    277      0      1 
 05:27:42       0     14     41      -      0      0      0      0      0      0    405    277      0      0 
 05:27:46       0     14     41      -      0      0      0      0      0      0    405    277      0      0 
 05:27:47       0     14     41      -      0      0      0      0      0      0    405    277      0      0 
 05:27:48       0     14     41      -      0      0      0      0      0      0    405    277      0      0 
 05:27:49       0     14     41      -      0      0      0      0      0      0    405    277      0      0 
 05:27:50       0     14     41      -      0      8      0      0      0      0    405    277      0      0 
#Time         gpu    pwr  gtemp  mtemp     sm    mem    enc    dec    jpg    ofa   mclk   pclk  rxpci  txpci 
#HH:MM:SS     Idx      W      C      C      %      %      %      %      %      %    MHz    MHz   MB/s   MB/s 
 05:27:51       0     15     41      -      0      0      0      0      0      0    405    277      0      0 
 05:27:52       0     14     41      -      0      0      0      0      0      0    405    277      0      0 
 05:27:53       0     14     41      -      0      0      0      0      0      0    405    277      0      0 
 05:27:54       0     14     41      -      0      0      0      0      0      0    405    277      0      0 
 05:27:55       0     14     41      -      0      0      0      0      0      0    405    277      0      0 
 05:27:56       0     14     41      -      0      0      0      0      0      0    405    277     27     11 
 05:27:56       0     15     41      -      0      0      0      0      0      0    405    277      0      0 
 05:27:57       0     15     41      -      0      0      0      0      0      0    405    277      0      0 
 05:27:58       0     14     41      -      0      1      0      0      0      0    405    277      0      0 
 05:27:59       0     15     41      -      0      0      0      0      0      0    405    277      0      0 
 05:28:00       0     15     41      -      0      0      0      0      0      0    405    277      0      0 
 05:28:01       0     15     41      -      0      0      0      0      0      0    405    277      0      1 
 05:28:02       0     14     41      -      0      0      0      0      0      0    405    277      0      0 
 05:28:03       0     14     41      -      0      0      0      0      0      0    405    277      0      0 
 05:28:04       0     14     41      -      0      0      0      0      0      0    405    277      0      0 
 05:28:05       0     15     41      -      0      0      0      0      0      0    405    277      0      0 
 05:28:06       0     14     41      -      0      0      0      0      0      0    405    277      0      0 
 05:28:07       0     14     41      -      0      0      0      0      0      0    405    277      0      0 
 05:28:08       0     14     41      -      0      0      0      0      0      0    405    277      0      0 
 05:28:09       0     15     41      -      0      0      0      0      0      0    405    270      0      0 
 05:28:10       0     15     41      -      0      0      0      0      0      0    405    277      0      1 
 05:28:11       0     14     41      -      0      0      0      0      0      0    405    277      0      0 
 05:28:12       0     14     41      -      0      0      0      0      0      0    405    277      0      0 
 05:28:13       0     14     41      -      0      0      0      0      0      0    405    277     45      0 
 05:28:14       0     14     41      -      0      0      0      0      0      0    405    277      0      0 
 05:28:15       0     14     41      -      0      7      0      0      0      0    405    277      0      0 
 05:28:16       0     14     41      -      0      0      0      0      0      0    405    277      0      0 
 05:28:17       0     14     41      -      0      0      0      0      0      0    405    277      0      0 
 05:28:18       0     14     41      -      0      0      0      0      0      0    405    277      0      0 
 05:28:22       0     14     41      -      0      0      0      0      0      0    405    277      0      0 
 05:28:23       0     14     41      -      0      0      0      0      0      0    405    277      0      0 
 05:28:24       0     14     41      -      0      0      0      0      0      0    405    277      0      0 
 05:28:25       0     14     41      -      0      0      0      0      0      0    405    277      0      0 
 05:28:26       0     14     41      -      0      0      0      0      0      0    405    277      0      0 
 05:28:27       0     14     41      -      0      0      0      0      0      0    405    277      0      0 
 05:28:28       0     14     41      -      0      0      0      0      0      0    405    277      0      0 
 05:28:28       0     14     41      -      0      0      0      0      0      0    405    277      0      0 
 05:28:29       0     14     41      -      0      0      0      0      0      0    405    277      0      0 
 05:28:30       0     14     41      -      0      0      0      0      0      0    405    277      0      1 
 05:28:31       0     14     41      -      0      0      0      0      0      0    405    277      0      0 
 05:28:32       0     14     41      -      0      0      0      0      0      0    405    270      0      0 
 05:28:33       0     14     41      -      0      0      0      0      0      0    405    277     74      3 
 05:28:34       0     14     41      -      0      2      0      0      0      0    405    277      0      0 
 05:28:35       0     14     41      -      0      0      0      0      0      0    405    277      0      0 
#Time         gpu    pwr  gtemp  mtemp     sm    mem    enc    dec    jpg    ofa   mclk   pclk  rxpci  txpci 
#HH:MM:SS     Idx      W      C      C      %      %      %      %      %      %    MHz    MHz   MB/s   MB/s 
 05:28:36       0     14     41      -      0      0      0      0      0      0    405    277      0      0 
 05:28:37       0     14     41      -      0      0      0      0      0      0    405    277      0      0 
 05:28:38       0     14     41      -      0      0      0      0      0      0    405    277      0      0 
 05:28:39       0     14     41      -      0      0      0      0      0      0    405    277      0      0 
 05:28:40       0     15     41      -      0      0      0      0      0      0    405    277      0      0 
 05:28:41       0     15     41      -      0      0      0      0      0      0    405    277      0      0 
 05:28:42       0     14     41      -      0      0      0      0      0      0    405    277      0      0 
 05:28:43       0     14     41      -      0      0      0      0      0      0    405    277      0      0 
 05:28:44       0     14     41      -      0      0      0      0      0      0    405    277      0      0 
 05:28:45       0     14     41      -      0      0      0      0      0      0    405    277      0      0 
 05:28:46       0     14     41      -      0      0      0      0      0      0    405    277      0      0 
 05:28:47       0     14     41      -      0      0      0      0      0      0    405    277      0      1 
 05:28:48       0     14     41      -      0      0      0      0      0      0    405    277      0      0 
 05:28:49       0     14     41      -      0      0      0      0      0      0    405    277      1      0 
 05:28:49       0     14     41      -      0      0      0      0      0      0    405    277      0      0 
 05:28:50       0     14     41      -      0      0      0      0      0      0    405    277      0      8 
 05:28:51       0     14     41      -      0      0      0      0      0      0    405    277      0      0 
 05:28:52       0     14     41      -      0      0      0      0      0      0    405    277      0      0 
 05:28:56       0     14     41      -      0      0      0      0      0      0    405    277      0      0 
 05:28:58       0     14     41      -      0      0      0      0      0      0    405    277      0      0 
 05:28:59       0     14     41      -      0      0      0      0      0      0    405    277      0      0 
 05:28:59       0     14     41      -      0      0      0      0      0      0    405    277      0      0 
 05:29:00       0     14     41      -      0      0      0      0      0      0    405    277      1      0 
 05:29:01       0     14     41      -      0      0      0      0      0      0    405    277      0      0 
 05:29:02       0     14     41      -      0      0      0      0      0      0    405    277      0      0 
 05:29:03       0     14     41      -      0      0      0      0      0      0    405    277      0      0 
 05:29:04       0     14     41      -      0      0      0      0      0      0    405    277      0      0 
 05:29:05       0     14     41      -      0      0      0      0      0      0    405    270      0      0 
 05:29:06       0     14     41      -      0      0      0      0      0      0    405    277      0      0 
 05:29:07       0     14     41      -      0      0      0      0      0      0    405    277      0      0 
 05:29:08       0     14     41      -      0      0      0      0      0      0    405    277      0      1 
 05:29:09       0     14     41      -      0      0      0      0      0      0    405    277      0      1 
 05:29:10       0     15     41      -      0      0      0      0      0      0    405    277      0      6 
 05:29:11       0     14     41      -      0      0      0      0      0      0    405    277     45      0 
 05:29:12       0     14     41      -      0      0      0      0      0      0    405    277      0      0 
 05:29:13       0     14     41      -      0      0      0      0      0      0    405    277      0      0 
 05:29:14       0     14     41      -      0      0      0      0      0      0    405    277      0      0 
 05:29:15       0     14     41      -      0      0      0      0      0      0    405    277      0      0 
 05:29:16       0     15     41      -      0      0      0      0      0      0    405    277      0      0 
 05:29:17       0     14     41      -      0      0      0      0      0      0    405    277      0      0 
 05:29:18       0     14     41      -      0      0      0      0      0      0    405    277      0      0 
 05:29:19       0     15     41      -      0      0      0      0      0      0    405    277      0      0 
 05:29:20       0     14     41      -      0      0      0      0      0      0    405    277      0      0 
 05:29:21       0     14     41      -      0      0      0      0      0      0    405    277      0      0 
#Time         gpu    pwr  gtemp  mtemp     sm    mem    enc    dec    jpg    ofa   mclk   pclk  rxpci  txpci 
#HH:MM:SS     Idx      W      C      C      %      %      %      %      %      %    MHz    MHz   MB/s   MB/s 
 05:29:22       0     14     41      -      0      0      0      0      0      0    405    277      0      0 
 05:29:22       0     14     41      -      0      0      0      0      0      0    405    277      0      0 
 05:29:23       0     14     41      -      0      0      0      0      0      0    405    277      0      0 
 05:29:24       0     14     41      -      0      0      0      0      0      0    405    277      0      0 
 05:29:25       0     14     41      -      0      0      0      0      0      0    405    270      0      0 
 05:29:26       0     14     41      -      0      0      0      0      0      0    405    277      0      0 
 05:29:27       0     14     41      -      0      0      0      0      0      0    405    277     45      0 
 05:29:28       0     14     41      -      0      0      0      0      0      0    405    277      0      0 
 05:29:32       0     14     41      -      0      0      0      0      0      0    405    277      0      0 
 05:29:33       0     14     41      -      0      0      0      0      0      0    405    277      0      0 
 05:29:34       0     14     41      -      0      0      0      0      0      0    405    277      0      0 
 05:29:35       0     14     41      -      0      0      0      0      0      0    405    277      0      0 
 05:29:36       0     14     41      -      0      0      0      0      0      0    405    277      0      1 
 05:29:37       0     14     41      -      0      0      0      0      0      0    405    277      0      0 
 05:29:38       0     14     41      -      0      0      0      0      0      0    405    277      0      0 
 05:29:39       0     14     41      -      0      0      0      0      0      0    405    277      0      0 
 05:29:40       0     14     41      -      0      0      0      0      0      0    405    277      0      0 
 05:29:41       0     14     41      -      0      0      0      0      0      0    405    277      0      0 
 05:29:42       0     14     41      -      0      0      0      0      0      0    405    277      0      0 
 05:29:43       0     14     41      -      0      0      0      0      0      0    405    277      0      0 
 05:29:44       0     14     41      -      0      0      0      0      0      0    405    277      0      0 
 05:29:45       0     14     41      -      0      0      0      0      0      0    405    277      0      0 
 05:29:46       0     14     41      -      0      0      0      0      0      0    405    277      0      0 
 05:29:47       0     14     41      -      0      0      0      0      0      0    405    277     59      3 
 05:29:48       0     14     41      -      0      0      0      0      0      0    405    277      0      0 
 05:29:49       0     15     41      -      0      0      0      0      0      0    405    277      0      0 
 05:29:50       0     14     41      -      0      0      0      0      0      0    405    277      0      0 
 05:29:51       0     14     41      -      0      0      0      0      0      0    405    277      0      0 
 05:29:52       0     14     41      -      0      0      0      0      0      0    405    277      0      0 
 05:29:53       0     14     41      -      0      0      0      0      0      0    405    277      0      1 
 05:29:54       0     14     41      -      0      0      0      0      0      0    405    277      0      0 
 05:29:55       0     15     41      -      0      0      0      0      0      0    405    277      0      0 
 05:29:56       0     15     41      -      0      0      0      0      0      0    405    277      0      0 
 05:29:56       0     15     41      -      0      0      0      0      0      0    405    277      0      0 
 05:29:58       0     15     41      -      0      0      0      0      0      0    405    277      0      0 
 05:29:58       0     15     41      -      0      0      0      0      0      0    405    270      0      0 
 05:29:59       0     14     41      -      0      0      0      0      0      0    405    277      0      0 
 05:30:00       0     14     41      -      0      0      0      0      0      0    405    277      0      0 
 05:30:01       0     14     41      -      0     11      0      0      0      0    405    277      0      1 
 05:30:02       0     14     41      -      0      0      0      0      0      0    405    277      0      0 
 05:30:03       0     14     41      -      0      0      0      0      0      0    405    277      0      0 
 05:30:07       0     14     41      -      0      0      0      0      0      0    405    277     43      0 
 05:30:08       0     14     41      -      0      0      0      0      0      0    405    277      0      0 
 05:30:09       0     14     41      -      0      1      0      0      0      0    405    277      0      0 
#Time         gpu    pwr  gtemp  mtemp     sm    mem    enc    dec    jpg    ofa   mclk   pclk  rxpci  txpci 
#HH:MM:SS     Idx      W      C      C      %      %      %      %      %      %    MHz    MHz   MB/s   MB/s 
 05:30:10       0     14     41      -      0      0      0      0      0      0    405    277      0      0 
 05:30:11       0     14     41      -      0      0      0      0      0      0    405    277      0      0 
 05:30:12       0     15     41      -      0      0      0      0      0      0    405    277      0      0 
 05:30:13       0     15     41      -      0      0      0      0      0      0    405    277      0      1 
 05:30:14       0     14     41      -      0      0      0      0      0      0    405    277      0      0 
 05:30:15       0     14     41      -      0      0      0      0      0      0    405    277      0      0 
 05:30:16       0     14     41      -      0      0      0      0      0      0    405    277      0      0 
 05:30:17       0     15     41      -      0      0      0      0      0      0    405    277      0      0 
 05:30:18       0     15     41      -      0      0      0      0      0      0    405    277      0      1 
 05:30:19       0     14     41      -      0      2      0      0      0      0    405    277      0      0 
 05:30:20       0     14     41      -      0      0      0      0      0      0    405    277      0      0 
 05:30:21       0     14     41      -      0      0      0      0      0      0    405    277      0      0 
 05:30:22       0     14     41      -      0      0      0      0      0      0    405    277      0      0 
 05:30:23       0     14     41      -      0      0      0      0      0      0    405    277      0      0 
 05:30:24       0     14     41      -      0      0      0      0      0      0    405    277     45      7 
 05:30:25       0     14     41      -      0      0      0      0      0      0    405    277      0      0 
 05:30:26       0     14     41      -      0     12      0      0      0      0    405    277      0      0 
 05:30:27       0     14     41      -      0      0      0      0      0      0    405    277      0      0 
 05:30:28       0     14     41      -      0      0      0      0      0      0    405    277      0      0 
 05:30:29       0     14     41      -      0      0      0      0      0      0    405    277      0      0 
 05:30:30       0     14     41      -      0      0      0      0      0      0    405    277      0      0 
 05:30:31       0     14     41      -      0      2      0      0      0      0    405    270      0      0 
 05:30:32       0     14     41      -      0      0      0      0      0      0    405    277      0      0 
 05:30:33       0     14     41      -      0      0      0      0      0      0    405    277      0      0 
 05:30:34       0     14     41      -      0      0      0      0      0      0    405    277      0      0 
 05:30:35       0     14     41      -      0      0      0      0      0      0    405    277      0      0 
 05:30:36       0     14     41      -      0      0      0      0      0      0    405    277      0      0 
 05:30:37       0     14     41      -      0      0      0      0      0      0    405    277      0      0 
 05:30:38       0     14     41      -      0      0      0      0      0      0    405    277      0      0 
 05:30:38       0     14     41      -      0      0      0      0      0      0    405    277      0      0 
 05:30:39       0     15     41      -      0      0      0      0      0      0    405    277      0      0 
 05:30:43       0     14     41      -      0      0      0      0      0      0    405    277      0      0 
 05:30:44       0     15     41      -      0      0      0      0      0      0    405    277      0      0 
 05:30:45       0     14     41      -      0      0      0      0      0      0    405    277     45      7 
 05:30:46       0     14     41      -      0      0      0      0      0      0    405    277      0      0 
 05:30:47       0     14     41      -      0      0      0      0      0      0    405    277      0      0 
 05:30:48       0     14     41      -      0      0      0      0      0      0    405    277      0      0 
 05:30:49       0     14     41      -      0      0      0      0      0      0    405    277      0      0 
 05:30:50       0     14     41      -      0      0      0      0      0      0    405    277      0      0 
 05:30:51       0     14     41      -      0      0      0      0      0      0    405    277      0      0 
 05:30:52       0     14     41      -      0      0      0      0      0      0    405    277      0      0 
 05:30:53       0     14     41      -      0      0      0      0      0      0    405    277      0      0 
 05:30:54       0     14     41      -      0      0      0      0      0      0    405    277      0      0 
 05:30:55       0     14     41      -      0      0      0      0      0      0    405    270      0      0 
#Time         gpu    pwr  gtemp  mtemp     sm    mem    enc    dec    jpg    ofa   mclk   pclk  rxpci  txpci 
#HH:MM:SS     Idx      W      C      C      %      %      %      %      %      %    MHz    MHz   MB/s   MB/s 
 05:30:56       0     14     41      -      0      0      0      0      0      0    405    277      0      0 
 05:30:57       0     14     41      -      0      0      0      0      0      0    405    277      0      0 
 05:30:58       0     14     41      -      0      0      0      0      0      0    405    277      0      0 
 05:30:59       0     14     41      -      0      0      0      0      0      0    405    277      0      0 
 05:31:00       0     14     41      -      0      0      0      0      0      0    405    277      0      0 
 05:31:01       0     14     41      -      0      0      0      0      0      0    405    277      0      1 
 05:31:02       0     14     41      -      0      0      0      0      0      0    405    277      0      0 
 05:31:03       0     14     41      -      0      0      0      0      0      0    405    277      0      0 
 05:31:03       0     14     41      -      0      0      0      0      0      0    405    277     45      7 
 05:31:04       0     14     41      -      0      0      0      0      0      0    405    277      0      1 
 05:31:05       0     14     41      -      0      1      0      0      0      0    405    277      1      0 
 05:31:06       0     14     41      -      0      0      0      0      0      0    405    277      0      0 
 05:31:07       0     14     41      -      0      0      0      0      0      0    405    277      0      0 
 05:31:08       0     14     41      -      0      0      0      0      0      0    405    277      0      0 
 05:31:09       0     14     41      -      0      0      0      0      0      0    405    277      0      0 
 05:31:10       0     14     41      -      0      0      0      0      0      0    405    277      0      0 
 05:31:11       0     14     41      -      0      0      0      0      0      0    405    277      0      0 
 05:31:12       0     14     41      -      0      0      0      0      0      0    405    277      0      0 
 05:31:13       0     14     41      -      0      0      0      0      0      0    405    277      0      0 
 05:31:14       0     14     41      -      0      0      0      0      0      0    405    277      0      0 
 05:31:18       0     14     41      -      0      0      0      0      0      0    405    277      0      0 
 05:31:19       0     14     41      -      0      0      0      0      0      0    405    270      0      0 
 05:31:20       0     14     41      -      0      0      0      0      0      0    405    277      0      0 
 05:31:21       0     14     41      -      0      0      0      0      0      0    405    277      0      0 
 05:31:22       0     14     41      -      0      0      0      0      0      0    405    277      0      1 
 05:31:23       0     14     41      -      0      0      0      0      0      0    405    277      0      0 
 05:31:24       0     14     41      -      0      0      0      0      0      0    405    277      0      0 
 05:31:25       0     14     41      -      0      0      0      0      0      0    405    277      0      7 
 05:31:26       0     14     41      -      0      0      0      0      0      0    405    277      0      0 
 05:31:27       0     14     41      -      0      0      0      0      0      0    405    277      0      0 
 05:31:28       0     14     41      -      0      0      0      0      0      0    405    277      0      0 
 05:31:29       0     14     41      -      0      0      0      0      0      0    405    277      0      0 
 05:31:30       0     14     41      -      0     10      0      0      0      0    405    277      0      1 
 05:31:31       0     14     41      -      0      0      0      0      0      0    405    277      0      0 
 05:31:32       0     14     41      -      0      0      0      0      0      0    405    277      0      0 
 05:31:32       0     14     41      -      0      0      0      0      0      0    405    277      0      0 
 05:31:33       0     14     41      -      0      6      0      0      0      0    405    277      0      0 
 05:31:34       0     14     41      -      0      0      0      0      0      0    405    277      0      0 
 05:31:35       0     14     41      -      0      0      0      0      0      0    405    277      0      0 
 05:31:36       0     14     41      -      0      0      0      0      0      0    405    277      0      0 
 05:31:37       0     14     41      -      0      0      0      0      0      0    405    277      0      0 
 05:31:38       0     14     41      -      0      0      0      0      0      0    405    277      0      0 
 05:31:39       0     14     41      -      0      0      0      0      0      0    405    277      0      0 
 05:31:40       0     14     41      -      0      0      0      0      0      0    405    277      0      0 
#Time         gpu    pwr  gtemp  mtemp     sm    mem    enc    dec    jpg    ofa   mclk   pclk  rxpci  txpci 
#HH:MM:SS     Idx      W      C      C      %      %      %      %      %      %    MHz    MHz   MB/s   MB/s 
 05:31:41       0     14     41      -      0      0      0      0      0      0    405    277      0      0 
 05:31:42       0     14     41      -      0     10      0      0      0      0    405    277     46      0 
 05:31:43       0     14     41      -      0      0      0      0      0      0    405    277      0      0 
 05:31:44       0     14     41      -      0      0      0      0      0      0    405    277      0      0 
 05:31:45       0     14     41      -      0      0      0      0      0      0    405    277      0      0 
 05:31:46       0     14     41      -      0      0      0      0      0      0    405    277      0      0 
 05:31:47       0     14     41      -      0      0      0      0      0      0    405    277      0      0 
 05:31:48       0     14     41      -      0      0      0      0      0      0    405    270      0      0 
 05:31:49       0     14     41      -      0      0      0      0      0      0    405    277      0      0 
 05:31:53       0     14     41      -      0      0      0      0      0      0    405    277      1      0 
 05:31:54       0     14     41      -      0      0      0      0      0      0    405    277      0      0 
 05:31:55       0     14     41      -      0      0      0      0      0      0    405    277      0      0 
 05:31:56       0     14     41      -      0      0      0      0      0      0    405    277      0      0 
 05:31:57       0     14     41      -      0      0      0      0      0      0    405    277      0      0 
 05:31:58       0     14     41      -      0      0      0      0      0      0    405    277      0      0 
 05:31:59       0     15     41      -      0      0      0      0      0      0    405    277      0      0 
 05:32:00       0     14     41      -      0      0      0      0      0      0    405    277      0      0 
 05:32:01       0     15     41      -      0      0      0      0      0      0    405    277      0      0 
 05:32:02       0     15     41      -      0      0      0      0      0      0    405    277      0      0 
 05:32:03       0     15     41      -      0      0      0      0      0      0    405    277      0     11 
 05:32:04       0     15     41      -      0      0      0      0      0      0    405    277      0      0 
 05:32:04       0     15     41      -      0      0      0      0      0      0    405    277      0      0 
 05:32:05       0     15     41      -      0      0      0      0      0      0    405    277      0      0 
 05:32:06       0     15     41      -      0      0      0      0      0      0    405    277      0      0 
 05:32:07       0     15     41      -      0      0      0      0      0      0    405    277      0      0 
 05:32:08       0     15     41      -      0      0      0      0      0      0    405    277      0      0 
 05:32:09       0     14     41      -      0      0      0      0      0      0    405    277      0      0 
 05:32:10       0     15     41      -      0      0      0      0      0      0    405    277      0      0 
 05:32:11       0     15     41      -      0      0      0      0      0      0    405    277      0      0 
 05:32:12       0     15     41      -      0      0      0      0      0      0    405    277      0      0 
 05:32:13       0     15     41      -      0      0      0      0      0      0    405    277      0      0 
 05:32:14       0     14     41      -      0      0      0      0      0      0    405    277      0      1 
 05:32:15       0     15     41      -      0      5      0      0      0      0    405    277      0      0 
 05:32:16       0     15     41      -      0      0      0      0      0      0    405    277      0      0 
 05:32:17       0     15     41      -      0      0      0      0      0      0    405    277      0      0 
 05:32:18       0     15     41      -      0      0      0      0      0      0    405    277      0      0 
 05:32:19       0     15     41      -      0      0      0      0      0      0    405    277      0      0 
 05:32:20       0     14     41      -      0      0      0      0      0      0    405    277     47      6 
 05:32:21       0     14     41      -      0      0      0      0      0      0    405    277      0      0 
 05:32:22       0     14     41      -      0      0      0      0      0      0    405    277      0      0 
 05:32:23       0     14     41      -      0      0      0      0      0      0    405    277      0      0 
 05:32:24       0     15     41      -      0      0      0      0      0      0    405    277      0      0 
 05:32:25       0     15     41      -      0      0      0      0      0      0    405    277      0      0 
 05:32:29       0     14     41      -      0      0      0      0      0      0    405    277      0      0 
#Time         gpu    pwr  gtemp  mtemp     sm    mem    enc    dec    jpg    ofa   mclk   pclk  rxpci  txpci 
#HH:MM:SS     Idx      W      C      C      %      %      %      %      %      %    MHz    MHz   MB/s   MB/s 
 05:32:30       0     15     41      -      0      0      0      0      0      0    405    277      0      0 
 05:32:31       0     15     41      -      0      0      0      0      0      0    405    277      0      0 
 05:32:32       0     15     41      -      0      0      0      0      0      0    405    277      0      0 
 05:32:33       0     14     41      -      0      0      0      0      0      0    405    277      0      0 
 05:32:34       0     14     41      -      0      0      0      0      0      0    405    277      0      0 
 05:32:35       0     15     41      -      0      0      0      0      0      0    405    277      0      0 
 05:32:36       0     15     41      -      0      0      0      0      0      0    405    277      0      0 
 05:32:37       0     15     41      -      0      0      0      0      0      0    405    277      0      0 
 05:32:37       0     15     41      -      0      0      0      0      0      0    405    277      0      1 
 05:32:38       0     14     41      -      0      0      0      0      0      0    405    277      0      0 
 05:32:39       0     15     41      -      0      0      0      0      0      0    405    277      0      0 
 05:32:40       0     15     41      -      0      0      0      0      0      0    405    277      0      6 
 05:32:41       0     15     41      -      0      0      0      0      0      0    405    277      0      0 
 05:32:42       0     15     41      -      0      0      0      0      0      0    405    277      0      0 
 05:32:43       0     15     41      -      0      0      0      0      0      0    405    277      0      0 
 05:32:44       0     15     41      -      0      0      0      0      0      0    405    270      0      0 
 05:32:45       0     15     41      -      0      0      0      0      0      0    405    277      0      0 
 05:32:46       0     15     41      -      0      0      0      0      0      0    405    277      1      0 
 05:32:47       0     14     41      -      0      0      0      0      0      0    405    277      0      0 
 05:32:48       0     14     41      -      0      0      0      0      0      0    405    277      0      0 
 05:32:49       0     14     41      -      0      0      0      0      0      0    405    277      0      0 
 05:32:50       0     14     41      -      0      0      0      0      0      0    405    277      0      0 
 05:32:51       0     14     41      -      0      0      0      0      0      0    405    277      0      0 
 05:32:52       0     14     41      -      0      0      0      0      0      0    405    277      0      0 
 05:32:53       0     14     41      -      0      0      0      0      0      0    405    277      0      0 
 05:32:54       0     15     41      -      0      2      0      0      0      0    405    277      0      0 
 05:32:55       0     14     41      -      0      0      0      0      0      0    405    277      0      0 
 05:32:56       0     15     41      -      0      0      0      0      0      0    405    277     28      7 
 05:32:57       0     18     41      -      2      0      0      0      0      0    405    277      0      3 
 05:32:58       0     16     41      -      0      0      0      0      0      0    405    277     46      1 
