#Time         gpu    pwr  gtemp  mtemp     sm    mem    enc    dec    jpg    ofa   mclk   pclk  rxpci  txpci 
#HH:MM:SS     Idx      W      C      C      %      %      %      %      %      %    MHz    MHz   MB/s   MB/s 
 06:16:13       0     14     41      -      0      0      0      0      0      0    405    277      0      0 
 06:16:14       0     14     41      -      0      0      0      0      0      0    405    277      0      0 
 06:16:15       0     14     41      -      0      2      0      0      0      0    405    277      0      0 
 06:16:16       0     14     41      -      0      0      0      0      0      0    405    277      0      0 
 06:16:17       0     14     41      -      0      0      0      0      0      0    405    277      0      0 
 06:16:18       0     14     41      -      0      0      0      0      0      0    405    277      0      0 
 06:16:19       0     14     41      -      0      0      0      0      0      0    405    270      0      0 
 06:16:20       0     14     41      -      0      0      0      0      0      0    405    277      1      0 
 06:16:21       0     14     41      -      0      0      0      0      0      0    405    277      0      0 
 06:16:22       0     14     41      -      0      0      0      0      0      0    405    277      0      0 
 06:16:23       0     14     41      -      0      3      0      0      0      0    405    277      0      0 
 06:16:24       0     14     41      -      0      0      0      0      0      0    405    277    219      9 
 06:16:25       0     41     42      -      0      0      0      0      0      0  15016   2610      0      0 
 06:16:26       0     43     43      -      0      0      0      0      0      0  15016   2647      0      4 
 06:16:27       0     46     43      -      3      1      0      0      0      0  15016   2617    408    123 
 06:16:28       0     46     43      -      7      1      0      0      0      0  15016   2677   1651    141 
 06:16:29       0     45     43      -      0      0      0      0      0      0  15016   2610      0      0 
 06:16:30       0     43     43      -      0      0      0      0      0      0  15016   2610      0      0 
 06:16:31       0     35     42      -      4      0      0      0      0      0   7001    712    154     20 
 06:16:33       0     21     42      -      0      0      0      0      0      0    810    450      0      6 
 06:16:34       0     18     42      -      0      0      0      0      0      0    810    277      0      0 
 06:16:35       0     17     42      -      0      0      0      0      0      0    405    277      0      0 
 06:16:36       0     14     42      -      0      3      0      0      0      0    405    277      0      0 
 06:16:37       0     14     42      -      0      0      0      0      0      0    405    277      0      0 
 06:16:38       0     14     42      -      0      0      0      0      0      0    405    277      0      0 
 06:16:39       0     15     42      -      0      0      0      0      0      0    405    277      0      0 
 06:16:40       0     15     42      -      0      0      0      0      0      0    405    277      0      1 
 06:16:41       0     15     42      -      0      0      0      0      0      0    405    277      0      0 
 06:16:42       0     15     42      -      0      3      0      0      0      0    405    277      0      0 
 06:16:43       0     14     42      -      0      0      0      0      0      0    405    277      0      0 
 06:16:44       0     14     42      -      0      0      0      0      0      0    405    277      0      0 
 06:16:45       0     14     42      -      0      0      0      0      0      0    405    277      0      1 
 06:16:46       0     14     42      -      0      0      0      0      0      0    405    277      1      8 
 06:16:47       0     14     42      -      0      0      0      0      0      0    405    277     44      0 
 06:16:48       0     14     42      -      0     16      0      0      0      0    405    277      0      0 
 06:16:48       0     14     42      -      0      0      0      0      0      0    405    277      0      0 
 06:16:49       0     14     42      -      0      0      0      0      0      0    405    277      0      0 
 06:16:50       0     14     42      -      0      0      0      0      0      0    405    277      0      0 
 06:16:51       0     14     42      -      0      1      0      0      0      0    405    277      0      0 
 06:16:52       0     14     42      -      0      0      0      0      0      0    405    277      0      0 
 06:16:53       0     15     42      -      0      2      0      0      0      0    405    277      0      0 
 06:16:54       0     15     42      -      0      0      0      0      0      0    405    277      0      0 
 06:16:55       0     15     42      -      0      8      0      0      0      0    405    277      0      0 
 06:16:56       0     15     42      -      0      0      0      0      0      0    405    277      0      0 
#Time         gpu    pwr  gtemp  mtemp     sm    mem    enc    dec    jpg    ofa   mclk   pclk  rxpci  txpci 
#HH:MM:SS     Idx      W      C      C      %      %      %      %      %      %    MHz    MHz   MB/s   MB/s 
 06:16:57       0     15     42      -      0      0      0      0      0      0    405    277      0      0 
 06:16:58       0     14     42      -      0      0      0      0      0      0    405    277      0      0 
 06:16:59       0     15     42      -      0      0      0      0      0      0    405    277      0      0 
 06:17:00       0     15     42      -      0      0      0      0      0      0    405    277      0      0 
 06:17:01       0     14     42      -      0      0      0      0      0      0    405    277      0      0 
 06:17:02       0     14     42      -      0      0      0      0      0      0    405    277      0      0 
 06:17:03       0     14     42      -      0      0      0      0      0      0    405    277      0      0 
 06:17:04       0     14     42      -      0      0      0      0      0      0    405    277     48      6 
 06:17:05       0     14     42      -      0      0      0      0      0      0    405    277      0      0 
 06:17:09       0     15     42      -      0      0      0      0      0      0    405    277      0      1 
 06:17:10       0     14     42      -      0      0      0      0      0      0    405    277      0      1 
 06:17:11       0     14     42      -      0      1      0      0      0      0    405    277      0      0 
 06:17:12       0     14     42      -      0      0      0      0      0      0    405    277      0      0 
 06:17:13       0     14     42      -      0      0      0      0      0      0    405    277      0      0 
 06:17:14       0     14     42      -      0      0      0      0      0      0    405    277      0      0 
 06:17:15       0     14     42      -      0      0      0      0      0      0    405    277      0      0 
 06:17:17       0     14     42      -      0      0      0      0      0      0    405    277      0      0 
 06:17:18       0     14     42      -      0      0      0      0      0      0    405    277      0      0 
 06:17:18       0     14     42      -      0      0      0      0      0      0    405    277      0      0 
 06:17:19       0     14     42      -      0      0      0      0      0      0    405    277      1      0 
 06:17:20       0     15     42      -      0      0      0      0      0      0    405    277      0      0 
 06:17:21       0     14     42      -      0      0      0      0      0      0    405    277      0      0 
 06:17:22       0     14     41      -      0      0      0      0      0      0    405    277      0      0 
 06:17:23       0     14     42      -      0      0      0      0      0      0    405    277      0      0 
 06:17:24       0     14     42      -      0      0      0      0      0      0    405    277      0      0 
 06:17:25       0     15     42      -      0      0      0      0      0      0    405    277      0      0 
 06:17:26       0     15     42      -      0      0      0      0      0      0    405    277     44      9 
 06:17:27       0     15     41      -      0     10      0      0      0      0    405    277      0      0 
 06:17:28       0     14     42      -      0      0      0      0      0      0    405    277      0      0 
 06:17:29       0     14     41      -      0      0      0      0      0      0    405    277      0      0 
 06:17:30       0     14     41      -      0      0      0      0      0      0    405    277      0      0 
 06:17:31       0     14     41      -      0      0      0      0      0      0    405    277      0      0 
 06:17:32       0     14     41      -      0      0      0      0      0      0    405    277      0      0 
 06:17:33       0     14     41      -      0      0      0      0      0      0    405    277      0      0 
 06:17:34       0     14     41      -      0      0      0      0      0      0    405    277      0      0 
 06:17:35       0     14     41      -      0      0      0      0      0      0    405    277      0      0 
 06:17:36       0     14     41      -      0      0      0      0      0      0    405    277      0      0 
 06:17:37       0     14     41      -      0      0      0      0      0      0    405    277      0      0 
 06:17:38       0     14     41      -      0      0      0      0      0      0    405    277      0      1 
 06:17:39       0     14     41      -      0      0      0      0      0      0    405    277      0      0 
 06:17:40       0     14     41      -      0      0      0      0      0      0    405    277      0      0 
 06:17:41       0     14     41      -      0      0      0      0      0      0    405    277      0      0 
 06:17:44       0     14     41      -      0      0      0      0      0      0    405    277      0      0 
 06:17:45       0     14     41      -      0      0      0      0      0      0    405    277      0      0 
#Time         gpu    pwr  gtemp  mtemp     sm    mem    enc    dec    jpg    ofa   mclk   pclk  rxpci  txpci 
#HH:MM:SS     Idx      W      C      C      %      %      %      %      %      %    MHz    MHz   MB/s   MB/s 
 06:17:46       0     14     41      -      0      0      0      0      0      0    405    277      0      3 
 06:17:47       0     14     41      -      0      0      0      0      0      0    405    277     46      0 
 06:17:48       0     14     41      -      0      0      0      0      0      0    405    277      0      0 
 06:17:49       0     14     41      -      0      0      0      0      0      0    405    277      0      0 
 06:17:50       0     14     41      -      0      0      0      0      0      0    405    277      0      0 
 06:17:51       0     14     41      -      0      0      0      0      0      0    405    277      0      0 
 06:17:51       0     14     41      -      0      0      0      0      0      0    405    277      0      0 
 06:17:52       0     14     41      -      0      0      0      0      0      0    405    277      0      0 
 06:17:53       0     14     41      -      0      0      0      0      0      0    405    277      0      0 
 06:17:54       0     14     41      -      0      0      0      0      0      0    405    277      0      0 
 06:17:55       0     14     42      -      0      0      0      0      0      0    405    277      0      0 
 06:17:56       0     14     41      -      0      0      0      0      0      0    405    277      0      1 
 06:17:57       0     14     41      -      0      0      0      0      0      0    405    277      0      1 
 06:17:58       0     14     41      -      0     18      0      0      0      0    405    277      0      0 
 06:17:59       0     14     41      -      0      0      0      0      0      0    405    277      0      0 
 06:18:00       0     14     41      -      0      0      0      0      0      0    405    277      0      0 
 06:18:01       0     14     41      -      0      0      0      0      0      0    405    277      0      0 
 06:18:02       0     14     41      -      0      0      0      0      0      0    405    277      0      0 
 06:18:03       0     14     41      -      0      2      0      0      0      0    405    277      0      3 
 06:18:04       0     14     41      -      0      0      0      0      0      0    405    277     45      0 
 06:18:05       0     14     41      -      0      0      0      0      0      0    405    277      0      0 
 06:18:06       0     14     41      -      0      0      0      0      0      0    405    277      0      0 
 06:18:07       0     14     41      -      0      0      0      0      0      0    405    277      0      0 
 06:18:08       0     14     41      -      0      0      0      0      0      0    405    277      0      0 
 06:18:09       0     14     41      -      0      0      0      0      0      0    405    277      0      0 
 06:18:10       0     14     41      -      0      0      0      0      0      0    405    277      0      0 
 06:18:10       0     14     41      -      0      0      0      0      0      0    405    277      0      0 
 06:18:11       0     14     41      -      0      0      0      0      0      0    405    277      0      0 
 06:18:12       0     14     41      -      0      0      0      0      0      0    405    270      0      0 
 06:18:13       0     14     41      -      0      0      0      0      0      0    405    277      0      0 
 06:18:14       0     14     41      -      0      0      0      0      0      0    405    277      0      1 
 06:18:15       0     14     41      -      0     16      0      0      0      0    405    277      0      0 
 06:18:20       0     14     41      -      0      0      0      0      0      0    405    277      0      0 
 06:18:21       0     14     41      -      0      0      0      0      0      0    405    277      0      0 
 06:18:22       0     14     41      -      0      0      0      0      0      0    405    277      0      0 
 06:18:23       0     14     41      -      0      0      0      0      0      0    405    277      0      0 
 06:18:24       0     14     41      -      0      0      0      0      0      0    405    277      0      0 
 06:18:25       0     14     41      -      0      0      0      0      0      0    405    277      0     11 
 06:18:26       0     14     41      -      0      0      0      0      0      0    405    277      0      0 
 06:18:27       0     15     41      -      0     12      0      0      0      0    405    277      0      0 
 06:18:28       0     15     41      -      0      0      0      0      0      0    405    277      1      0 
 06:18:29       0     14     41      -      0      0      0      0      0      0    405    277      0      0 
 06:18:30       0     14     41      -      0      0      0      0      0      0    405    277      0      0 
 06:18:31       0     14     41      -      0      1      0      0      0      0    405    277      0      0 
#Time         gpu    pwr  gtemp  mtemp     sm    mem    enc    dec    jpg    ofa   mclk   pclk  rxpci  txpci 
#HH:MM:SS     Idx      W      C      C      %      %      %      %      %      %    MHz    MHz   MB/s   MB/s 
 06:18:31       0     14     41      -      0      0      0      0      0      0    405    277      0      0 
 06:18:32       0     14     41      -      0      0      0      0      0      0    405    277      0      0 
 06:18:33       0     14     41      -      0      0      0      0      0      0    405    277      0      0 
 06:18:34       0     14     41      -      0      0      0      0      0      0    405    277      0      0 
 06:18:35       0     14     41      -      0      1      0      0      0      0    405    277      0      0 
 06:18:36       0     14     41      -      0      0      0      0      0      0    405    277      1      0 
 06:18:37       0     14     41      -      0      0      0      0      0      0    405    277      0      0 
 06:18:38       0     14     41      -      0      0      0      0      0      0    405    277      0      0 
 06:18:39       0     14     41      -      0      0      0      0      0      0    405    277      0      0 
 06:18:40       0     14     41      -      0      0      0      0      0      0    405    277      0      0 
 06:18:41       0     14     41      -      0      0      0      0      0      0    405    277      0      0 
 06:18:42       0     14     41      -      0      0      0      0      0      0    405    277     45      7 
 06:18:43       0     14     41      -      0      0      0      0      0      0    405    277      0      0 
 06:18:44       0     14     41      -      0      0      0      0      0      0    405    277      0      0 
 06:18:45       0     14     41      -      0      0      0      0      0      0    405    277      0      0 
 06:18:46       0     14     41      -      0      0      0      0      0      0    405    277      0      0 
 06:18:47       0     14     41      -      0      0      0      0      0      0    405    277      0      0 
 06:18:48       0     14     41      -      0      0      0      0      0      0    405    277      0      0 
 06:18:49       0     14     41      -      0      0      0      0      0      0    405    277      0      0 
 06:18:50       0     15     41      -      0      0      0      0      0      0    405    277      0      0 
 06:18:51       0     15     41      -      0      0      0      0      0      0    405    277      0      0 
 06:18:55       0     14     41      -      0      0      0      0      0      0    405    277      0      0 
 06:18:56       0     14     41      -      0      0      0      0      0      0    405    277      0      0 
 06:18:57       0     14     41      -      0      0      0      0      0      0    405    277      0      0 
 06:18:58       0     14     41      -      0      0      0      0      0      0    405    277      0      0 
 06:18:58       0     14     41      -      0      0      0      0      0      0    405    277      0      0 
 06:18:59       0     14     41      -      0      0      0      0      0      0    405    277      0      0 
 06:19:00       0     14     41      -      0      0      0      0      0      0    405    277      0      0 
 06:19:01       0     14     41      -      0      9      0      0      0      0    405    277      0      0 
 06:19:02       0     14     41      -      0      0      0      0      0      0    405    277     27     11 
 06:19:03       0     14     41      -      0      0      0      0      0      0    405    277      0      0 
 06:19:04       0     14     41      -      0      0      0      0      0      0    405    277      0      0 
 06:19:05       0     14     41      -      0      0      0      0      0      0    405    277      0      0 
 06:19:06       0     14     41      -      0      0      0      0      0      0    405    277      0      0 
 06:19:07       0     14     41      -      0      0      0      0      0      0    405    277      0      0 
 06:19:08       0     15     41      -      0      9      0      0      0      0    405    277      0      0 
 06:19:09       0     14     41      -      0      0      0      0      0      0    405    270      0      0 
 06:19:10       0     14     41      -      0      8      0      0      0      0    405    277      0      0 
 06:19:11       0     14     41      -      0      0      0      0      0      0    405    277      0      0 
 06:19:12       0     14     41      -      0      0      0      0      0      0    405    277      0      0 
 06:19:13       0     14     41      -      0      5      0      0      0      0    405    277      0      0 
 06:19:14       0     14     41      -      0      9      0      0      0      0    405    277      0      0 
 06:19:15       0     14     41      -      0      0      0      0      0      0    405    277      0      0 
 06:19:16       0     14     41      -      0      0      0      0      0      0    405    277      0      0 
#Time         gpu    pwr  gtemp  mtemp     sm    mem    enc    dec    jpg    ofa   mclk   pclk  rxpci  txpci 
#HH:MM:SS     Idx      W      C      C      %      %      %      %      %      %    MHz    MHz   MB/s   MB/s 
 06:19:17       0     14     41      -      0      0      0      0      0      0    405    277      0      0 
 06:19:18       0     14     41      -      0      0      0      0      0      0    405    277      0      0 
 06:19:19       0     14     41      -      0      0      0      0      0      0    405    277      0      0 
 06:19:19       0     14     41      -      0      0      0      0      0      0    405    277     75      3 
 06:19:20       0     14     41      -      0      0      0      0      0      0    405    277      0      0 
 06:19:21       0     14     41      -      0      0      0      0      0      0    405    277      0      0 
 06:19:22       0     14     41      -      0      0      0      0      0      0    405    277      1      0 
 06:19:23       0     14     41      -      0      0      0      0      0      0    405    277      0      0 
 06:19:24       0     14     41      -      0      0      0      0      0      0    405    277      0      0 
 06:19:25       0     14     41      -      0      1      0      0      0      0    405    277      0      0 
 06:19:26       0     14     41      -      0      0      0      0      0      0    405    277      0      0 
 06:19:30       0     14     41      -      0      0      0      0      0      0    405    277      0      0 
 06:19:31       0     14     41      -      0      0      0      0      0      0    405    277      0      0 
 06:19:32       0     14     41      -      0      0      0      0      0      0    405    277      0      0 
 06:19:33       0     15     41      -      0      0      0      0      0      0    405    270      0      0 
 06:19:34       0     14     41      -      0      0      0      0      0      0    405    277      0      1 
 06:19:35       0     14     41      -      0      0      0      0      0      0    405    277      0      0 
 06:19:36       0     15     41      -      0      5      0      0      0      0    405    277      0      0 
 06:19:37       0     14     41      -      0      0      0      0      0      0    405    277      0      0 
 06:19:38       0     14     41      -      0      0      0      0      0      0    405    277      0      0 
 06:19:39       0     14     41      -      0      0      0      0      0      0    405    277      0      0 
 06:19:40       0     14     41      -      0      0      0      0      0      0    405    277      0      3 
 06:19:41       0     14     41      -      0      0      0      0      0      0    405    277     46      0 
 06:19:42       0     14     41      -      0      0      0      0      0      0    405    277      0      0 
 06:19:43       0     14     41      -      0      0      0      0      0      0    405    277      0      1 
 06:19:44       0     14     41      -      0      0      0      0      0      0    405    277      0      0 
 06:19:45       0     15     41      -      0     18      0      0      0      0    405    277      0      0 
 06:19:46       0     14     41      -      0      0      0      0      0      0    405    277      0      0 
 06:19:47       0     14     41      -      0      0      0      0      0      0    405    277      0      0 
 06:19:48       0     14     41      -      0      0      0      0      0      0    405    277      0      0 
 06:19:49       0     14     41      -      0      0      0      0      0      0    405    277      0      0 
 06:19:50       0     14     41      -      0      0      0      0      0      0    405    277      0      0 
 06:19:51       0     14     41      -      0      0      0      0      0      0    405    277      0      0 
 06:19:52       0     14     41      -      0      0      0      0      0      0    405    277      0      1 
 06:19:53       0     14     41      -      0      0      0      0      0      0    405    277      0      0 
 06:19:54       0     14     41      -      0      0      0      0      0      0    405    277      0      0 
 06:19:55       0     14     41      -      0      0      0      0      0      0    405    277      0      0 
 06:19:56       0     14     41      -      0      0      0      0      0      0    405    277      0      0 
 06:19:56       0     14     41      -      0      0      0      0      0      0    405    277      0      0 
 06:19:57       0     14     41      -      0      0      0      0      0      0    405    277      0     12 
 06:19:58       0     15     41      -      0      0      0      0      0      0    405    277      0      0 
 06:19:59       0     15     41      -      0      0      0      0      0      0    405    277      0      0 
 06:20:00       0     14     41      -      0      0      0      0      0      0    405    277      0      0 
 06:20:01       0     14     41      -      0      0      0      0      0      0    405    277      0      0 
#Time         gpu    pwr  gtemp  mtemp     sm    mem    enc    dec    jpg    ofa   mclk   pclk  rxpci  txpci 
#HH:MM:SS     Idx      W      C      C      %      %      %      %      %      %    MHz    MHz   MB/s   MB/s 
 06:20:05       0     14     41      -      0      0      0      0      0      0    405    270      0      0 
 06:20:06       0     14     41      -      0      0      0      0      0      0    405    277      0      0 
 06:20:07       0     14     41      -      0      0      0      0      0      0    405    277      0      1 
 06:20:08       0     14     41      -      0      0      0      0      0      0    405    277      0      0 
 06:20:09       0     14     41      -      0      0      0      0      0      0    405    277      0      0 
 06:20:10       0     14     41      -      0      0      0      0      0      0    405    277      0      0 
 06:20:11       0     14     41      -      0      2      0      0      0      0    405    277      0      0 
 06:20:12       0     14     41      -      0      2      0      0      0      0    405    277      0      0 
 06:20:13       0     14     41      -      0      0      0      0      0      0    405    277      0      0 
 06:20:14       0     14     41      -      0      0      0      0      0      0    405    277      0      0 
 06:20:15       0     14     41      -      0      0      0      0      0      0    405    277      0      0 
 06:20:16       0     14     41      -      0      0      0      0      0      0    405    277      0      0 
 06:20:17       0     14     41      -      0      0      0      0      0      0    405    277      0      0 
 06:20:18       0     14     41      -      0      0      0      0      0      0    405    277     45      8 
 06:20:19       0     14     41      -      0      0      0      0      0      0    405    277      0      0 
 06:20:20       0     15     41      -      0      0      0      0      0      0    405    277      0      0 
 06:20:21       0     15     41      -      0      0      0      0      0      0    405    277      0      0 
 06:20:22       0     14     41      -      0      0      0      0      0      0    405    277      0      0 
 06:20:23       0     14     41      -      0      0      0      0      0      0    405    277      0      0 
 06:20:24       0     14     41      -      0      0      0      0      0      0    405    277      0      0 
 06:20:24       0     14     41      -      0      0      0      0      0      0    405    277      0      0 
 06:20:25       0     14     41      -      0      0      0      0      0      0    405    277      0      0 
 06:20:26       0     14     41      -      0      2      0      0      0      0    405    270      0      0 
 06:20:27       0     14     41      -      0      0      0      0      0      0    405    277      0      0 
 06:20:28       0     14     41      -      0     13      0      0      0      0    405    277      0      0 
 06:20:29       0     14     41      -      0      0      0      0      0      0    405    277      0      0 
 06:20:30       0     14     41      -      0      0      0      0      0      0    405    277      0      0 
 06:20:31       0     14     41      -      0      0      0      0      0      0    405    277      0      0 
 06:20:32       0     14     41      -      0      0      0      0      0      0    405    277      0      0 
 06:20:33       0     14     41      -      0      0      0      0      0      0    405    277      0      0 
 06:20:34       0     14     41      -      0      0      0      0      0      0    405    277      0      1 
 06:20:35       0     14     41      -      0      0      0      0      0      0    405    277     63      3 
 06:20:36       0     14     41      -      0      0      0      0      0      0    405    277      0      0 
 06:20:37       0     14     41      -      0      0      0      0      0      0    405    277      0      0 
 06:20:41       0     14     41      -      0      0      0      0      0      0    405    277      0      1 
 06:20:42       0     14     41      -      0      0      0      0      0      0    405    277      0      0 
 06:20:43       0     14     41      -      0      0      0      0      0      0    405    277      0      0 
 06:20:44       0     14     41      -      0      0      0      0      0      0    405    277      0      0 
 06:20:45       0     14     41      -      0      0      0      0      0      0    405    277      0      0 
 06:20:46       0     14     41      -      0      0      0      0      0      0    405    277      0      0 
 06:20:47       0     14     41      -      0      0      0      0      0      0    405    277      0      0 
 06:20:48       0     14     41      -      0      0      0      0      0      0    405    277      0      0 
 06:20:49       0     14     41      -      0      0      0      0      0      0    405    277      0      0 
 06:20:50       0     14     41      -      0      0      0      0      0      0    405    277      0      0 
#Time         gpu    pwr  gtemp  mtemp     sm    mem    enc    dec    jpg    ofa   mclk   pclk  rxpci  txpci 
#HH:MM:SS     Idx      W      C      C      %      %      %      %      %      %    MHz    MHz   MB/s   MB/s 
 06:20:51       0     14     41      -      0      0      0      0      0      0    405    277      0      1 
 06:20:52       0     14     41      -      0      0      0      0      0      0    405    277      0      0 
 06:20:53       0     14     41      -      0      0      0      0      0      0    405    277      0      0 
 06:20:54       0     14     41      -      0      0      0      0      0      0    405    277      0      0 
 06:20:55       0     14     41      -      0      0      0      0      0      0    405    277      0      0 
 06:20:56       0     14     41      -      0      0      0      0      0      0    405    277      0      0 
 06:20:57       0     14     41      -      0      0      0      0      0      0    405    277      0     11 
 06:20:58       0     14     41      -      0      0      0      0      0      0    405    277     17      0 
 06:20:59       0     14     41      -      0      0      0      0      0      0    405    270      0      0 
 06:21:00       0     14     41      -      0      0      0      0      0      0    405    277      0      0 
 06:21:01       0     14     41      -      0      8      0      0      0      0    405    277      0      0 
 06:21:01       0     14     41      -      0      0      0      0      0      0    405    277      0      0 
 06:21:02       0     14     41      -      0      0      0      0      0      0    405    277      0      0 
 06:21:03       0     14     41      -      0      0      0      0      0      0    405    277      0      0 
 06:21:04       0     14     41      -      0      0      0      0      0      0    405    277      0      0 
 06:21:05       0     14     41      -      0      0      0      0      0      0    405    277      0      0 
 06:21:06       0     14     41      -      0      0      0      0      0      0    405    277      0      0 
 06:21:07       0     14     41      -      0      0      0      0      0      0    405    277      0      0 
 06:21:08       0     14     41      -      0      6      0      0      0      0    405    277      0      0 
 06:21:09       0     14     41      -      0      0      0      0      0      0    405    277      0      0 
 06:21:10       0     14     41      -      0      3      0      0      0      0    405    277      0      0 
