#Time         gpu    pwr  gtemp  mtemp     sm    mem    enc    dec    jpg    ofa   mclk   pclk     fb   bar1   ccpm 
#HH:MM:SS     Idx      W      C      C      %      %      %      %      %      %    MHz    MHz     MB     MB     MB 
 10:50:20       0     29     27      -      0      0      0      0      0      0    810    457      2      1      0 
 10:50:25       0     20     25      -      0      0      0      0      0      0    405    225      2      1      0 
 10:50:30       0     20     25      -      0      0      0      0      0      0    405    225      2      1      0 
 10:50:35       0     32     26      -      0      0      0      0      0      0  14801   2722    338      4      0 
 10:50:40       0     48     28      -      4      0      0      0      0      0  14801   2737   2306      4      0 
 10:50:45       0     48     28      -      0      0      0      0      0      0  14801   2722   2690      4      0 
 10:50:50       0     48     28      -      0      0      0      0      0      0  14801   2722   2700      4      0 
 10:50:55       0     48     28      -      0      0      0      0      0      0  14801   2722   2710      4      0 
 10:51:00       0     22     26      -      0      0      0      0      0      0    810    232   2714      4      0 
 10:51:05       0     21     25      -      0      0      0      0      0      0    405    225   2714      4      0 
 10:51:10       0     20     24      -      0      0      0      0      0      0    405    225   2714      4      0 
 10:51:15       0     20     24      -      0      0      0      0      0      0    405    225   2714      4      0 
 10:51:20       0     43     27      -      0      0      0      0      0      0  14801   2722   4936      4      0 
 10:51:25       0     48     28      -      0      0      0      0      0      0  14801   2722   4946      4      0 
 10:51:30       0     67     29      -    100      8      0      0      0      0  14801   2955   4996      4      0 
 10:51:35       0     48     29      -      0      0      0      0      0      0  14801   2722  15068      4      0 
 10:51:40       0     54     29      -      0      0      0      0      0      0  14801   2955  15070      4      0 
 10:51:45       0     48     29      -      0      0      0      0      0      0  14801   2722  15712      4      0 
 10:51:50       0     48     29      -      0      0      0      0      0      0  14801   2722  15712      4      0 
 10:51:55       0     48     29      -      0      0      0      0      0      0  14801   2722  15712      4      0 
 10:52:00       0     25     27      -      0      0      0      0      0      0    810    382  15712      4      0 
 10:52:05       0    154     31      -      0      0      0      0      0      0  14801   2925  15714      4      0 
 10:52:10       0    148     48      -    100     40      0      0      0      0  14801   2932  15734      4      0 
 10:52:15       0    304     53      -    100     35      0      0      0      0  14801   2880  15734      4      0 
 10:52:20       0    296     56      -    100      8      0      0      0      0  14801   2887  15692      4      0 
 10:52:25       0    308     55      -    100     25      0      0      0      0  14801   2880  15696      4      0 
 10:52:30       0    303     52      -     99     30      0      0      0      0  14801   2880  15696      4      0 
 10:52:35       0    308     57      -    100     32      0      0      0      0  14801   2880  15696      4      0 
 10:52:40       0     60     38      -      0      0      0      0      0      0  14801   2940  15696      4      0 
 10:52:45       0     49     35      -      0      0      0      0      0      0  14801   2715  15696      4      0 
 10:52:50       0     51     35      -     27     29      0      0      0      0  14801   2715      4      2      0 
