#Time         gpu    pwr  gtemp  mtemp     sm    mem    enc    dec    jpg    ofa   mclk   pclk     fb   bar1   ccpm 
#HH:MM:SS     Idx      W      C      C      %      %      %      %      %      %    MHz    MHz     MB     MB     MB 
 10:56:23       0     20     29      -      0      0      0      0      0      0    405    225      2      1      0 
 10:56:28       0     20     28      -      0      0      0      0      0      0    405    225      2      1      0 
 10:56:33       0     20     28      -      0      0      0      0      0      0    405    225      2      1      0 
 10:56:38       0     28     29      -      0      0      0      0      0      0  14801   2730    338      4      0 
 10:56:43       0     49     30      -      3      0      0      0      0      0  14801   2745   2286      4      0 
 10:56:48       0     48     30      -      0      0      0      0      0      0  14801   2722   2694      4      0 
 10:56:53       0     48     30      -      0      0      0      0      0      0  14801   2722  15096      4      0 
 10:56:58       0     54     30      -      0      0      0      0      0      0  14801   2955  15096      4      0 
 10:57:03       0     49     30      -      0      0      0      0      0      0  14801   2722  11478      4      0 
 10:57:08       0     59     30      -      0      0      0      0      0      0  14801   2955  11478      4      0 
 10:57:13       0     48     30      -      0      0      0      0      0      0  14801   2737  11508      4      0 
 10:57:18       0     48     30      -      0      0      0      0      0      0  14801   2722  11530      4      0 
 10:57:23       0     48     30      -      0      0      0      0      0      0  14801   2722  11530      4      0 
 10:57:28       0     53     31      -    100      5      0      0      0      0  14801   2752  11530      4      0 
 10:57:33       0     48     29      -      0      0      0      0      0      0  14801   2722  11530      4      0 
 10:57:38       0     48     30      -      0      0      0      0      0      0  14801   2722  11538      4      0 
 10:57:43       0     48     30      -      0      0      0      0      0      0  14801   2722  11538      4      0 
 10:57:48       0    212     33      -      0      0      0      0      0      0  14801   2917  12134      4      0 
 10:57:53       0     60     31      -      0      0      0      0      0      0  14801   2955  12134      4      0 
 10:57:58       0     48     30      -      0      0      0      0      0      0  14801   2722  15116      4      0 
 10:58:03       0    128     45      -    100     35      0      0      0      0  14801   2940  15700      4      0 
 10:58:08       0     48     30      -      0      0      0      0      0      0  14801   2722  15700      4      0 
 10:58:13       0     48     30      -      0      0      0      0      0      0  14801   2722  15700      4      0 
 10:58:18       0     48     30      -      0      0      0      0      0      0  14801   2722  15700      4      0 
 10:58:23       0     26     28      -      0      0      0      0      0      0    810    390  15700      4      0 
 10:58:28       0     54     31      -      0      0      0      0      0      0  14801   2955  15702      4      0 
 10:58:33       0     48     30      -      0      0      0      0      0      0  14801   2722  15702      4      0 
 10:58:38       0    289     50      -    100     35      0      0      0      0  14801   2887  15722      4      0 
 10:58:43       0    293     55      -    100     11      0      0      0      0  14801   2887  15722      4      0 
 10:58:48       0    295     54      -    100     26      0      0      0      0  14801   2880  15680      4      0 
 10:58:53       0    297     54      -    100     33      0      0      0      0  14801   2880  15680      4      0 
 10:58:58       0    291     55      -    100     35      0      0      0      0  14801   2880  15680      4      0 
 10:59:03       0    292     59      -    100      2      0      0      0      0  14801   2880  15698      4      0 
 10:59:08       0    293     60      -    100      5      0      0      0      0  14801   2880  15698      4      0 
 10:59:13       0    296     57      -    100     35      0      0      0      0  14801   2880  15698      4      0 
 10:59:18       0    301     60      -    100      2      0      0      0      0  14801   2880  15698      4      0 
 10:59:23       0    304     59      -    100      7      0      0      0      0  14801   2887  15702      4      0 
 10:59:28       0    308     56      -    100     20      0      0      0      0  14801   2880  15702      4      0 
 10:59:33       0    307     55      -    100     14      0      0      0      0  14801   2887  15702      4      0 
 10:59:38       0    312     58      -    100      2      0      0      0      0  14801   2887  15702      4      0 
 10:59:43       0    305     56      -    100     24      0      0      0      0  14801   2880  15702      4      0 
 10:59:48       0    307     54      -    100     33      0      0      0      0  14801   2887  15678      4      0 
 10:59:53       0    308     53      -    100     27      0      0      0      0  14801   2887  15678      4      0 
 10:59:58       0    308     58      -    100      2      0      0      0      0  14801   2887  15678      4      0 
#Time         gpu    pwr  gtemp  mtemp     sm    mem    enc    dec    jpg    ofa   mclk   pclk     fb   bar1   ccpm 
#HH:MM:SS     Idx      W      C      C      %      %      %      %      %      %    MHz    MHz     MB     MB     MB 
 11:00:03       0    307     54      -    100     11      0      0      0      0  14801   2887  15678      4      0 
 11:00:08       0    305     57      -    100      2      0      0      0      0  14801   2880  15678      4      0 
 11:00:13       0    307     57      -    100      2      0      0      0      0  14801   2880  15678      4      0 
 11:00:18       0    306     56      -    100     11      0      0      0      0  14801   2887  15678      4      0 
 11:00:23       0    310     57      -    100      2      0      0      0      0  14801   2887  15678      4      0 
 11:00:28       0    306     51      -    100     28      0      0      0      0  14801   2880  15678      4      0 
 11:00:33       0    307     57      -    100      2      0      0      0      0  14801   2895  15678      4      0 
 11:00:38       0    306     58      -    100      2      0      0      0      0  14801   2880  15678      4      0 
 11:00:43       0    302     52      -    100      8      0      0      0      0  14801   2880  15678      4      0 
 11:00:48       0    305     53      -    100     20      0      0      0      0  14801   2880  15678      4      0 
 11:00:53       0    305     57      -    100      2      0      0      0      0  14801   2880  15678      4      0 
 11:00:58       0    300     57      -    100      2      0      0      0      0  14801   2887  15698      4      0 
 11:01:03       0    306     57      -    100      2      0      0      0      0  14801   2895  15698      4      0 
 11:01:08       0    305     52      -     98     35      0      0      0      0  14801   2880  15698      4      0 
 11:01:13       0    310     58      -    100      2      0      0      0      0  14801   2887  15698      4      0 
 11:01:18       0    309     57      -    100      2      0      0      0      0  14801   2887  15698      4      0 
 11:01:23       0    309     57      -    100      2      0      0      0      0  14801   2887  15698      4      0 
 11:01:28       0    308     57      -    100      2      0      0      0      0  14801   2887  15698      4      0 
 11:01:33       0    305     53      -    100     23      0      0      0      0  14801   2887  15698      4      0 
 11:01:38       0    308     57      -    100     10      0      0      0      0  14801   2887  15698      4      0 
 11:01:43       0    309     57      -    100      6      0      0      0      0  14801   2887  15698      4      0 
 11:01:48       0    304     57      -    100      8      0      0      0      0  14801   2880  15698      4      0 
 11:01:53       0    309     57      -    100      2      0      0      0      0  14801   2887  15698      4      0 
 11:01:58       0    308     54      -    100     29      0      0      0      0  14801   2887  15698      4      0 
 11:02:03       0    309     57      -    100      2      0      0      0      0  14801   2887  15698      4      0 
 11:02:08       0    308     57      -    100      2      0      0      0      0  14801   2887  15698      4      0 
 11:02:13       0    304     57      -    100      2      0      0      0      0  14801   2887  15698      4      0 
 11:02:18       0    308     54      -    100     38      0      0      0      0  14801   2887  15698      4      0 
 11:02:23       0    309     58      -    100      2      0      0      0      0  14801   2887  15698      4      0 
 11:02:28       0    308     57      -    100      2      0      0      0      0  14801   2880  15698      4      0 
 11:02:33       0    287     57      -    100      2      0      0      0      0  14801   2887  15682      4      0 
 11:02:38       0    307     56      -    100      2      0      0      0      0  14801   2887  15682      4      0 
 11:02:43       0    307     57      -    100      2      0      0      0      0  14801   2887  15682      4      0 
 11:02:48       0    308     58      -    100      2      0      0      0      0  14801   2887  15682      4      0 
 11:02:54       0    304     57      -    100      2      0      0      0      0  14801   2880  15682      4      0 
 11:02:59       0    308     58      -    100      2      0      0      0      0  14801   2887  15682      4      0 
 11:03:04       0    307     58      -    100      2      0      0      0      0  14801   2887  15682      4      0 
 11:03:09       0    309     54      -    100      1      0      0      0      0  14801   2880  15682      4      0 
 11:03:14       0    307     57      -    100      2      0      0      0      0  14801   2887  15682      4      0 
 11:03:19       0    307     57      -    100      2      0      0      0      0  14801   2880  15682      4      0 
 11:03:24       0    308     58      -    100      2      0      0      0      0  14801   2887  15682      4      0 
 11:03:29       0    307     58      -    100      2      0      0      0      0  14801   2880  15682      4      0 
 11:03:34       0    308     58      -    100      2      0      0      0      0  14801   2887  15682      4      0 
 11:03:39       0    307     58      -    100      2      0      0      0      0  14801   2887  15682      4      0 
#Time         gpu    pwr  gtemp  mtemp     sm    mem    enc    dec    jpg    ofa   mclk   pclk     fb   bar1   ccpm 
#HH:MM:SS     Idx      W      C      C      %      %      %      %      %      %    MHz    MHz     MB     MB     MB 
 11:03:44       0    306     57      -    100      2      0      0      0      0  14801   2880  15682      4      0 
 11:03:49       0    307     57      -    100      2      0      0      0      0  14801   2887  15682      4      0 
 11:03:54       0    307     58      -    100      2      0      0      0      0  14801   2887  15682      4      0 
 11:03:59       0    306     58      -    100      2      0      0      0      0  14801   2887  15682      4      0 
 11:04:04       0    307     58      -    100      2      0      0      0      0  14801   2887  15682      4      0 
 11:04:09       0    307     58      -    100      2      0      0      0      0  14801   2887  15682      4      0 
 11:04:14       0    307     56      -    100     36      0      0      0      0  14801   2887  15682      4      0 
 11:04:19       0    307     57      -    100      2      0      0      0      0  14801   2887  15682      4      0 
 11:04:24       0    302     57      -    100      2      0      0      0      0  14801   2880  15682      4      0 
 11:04:29       0    307     58      -    100      2      0      0      0      0  14801   2887  15682      4      0 
 11:04:34       0    313     58      -    100      2      0      0      0      0  14801   2887  15702      4      0 
 11:04:39       0    306     58      -    100      2      0      0      0      0  14801   2887  15702      4      0 
 11:04:44       0    306     58      -    100      2      0      0      0      0  14801   2887  15702      4      0 
 11:04:49       0    308     58      -    100      2      0      0      0      0  14801   2880  15702      4      0 
 11:04:54       0    307     57      -    100      2      0      0      0      0  14801   2887  15702      4      0 
 11:04:59       0    312     57      -    100      2      0      0      0      0  14801   2887  15702      4      0 
 11:05:04       0    305     58      -    100      2      0      0      0      0  14801   2880  15702      4      0 
 11:05:09       0    313     53      -    100      2      0      0      0      0  14801   2887  15702      4      0 
 11:05:14       0    302     58      -    100      2      0      0      0      0  14801   2880  15702      4      0 
 11:05:19       0    313     58      -    100      2      0      0      0      0  14801   2887  15702      4      0 
 11:05:24       0    306     58      -    100      2      0      0      0      0  14801   2887  15702      4      0 
 11:05:29       0    312     58      -    100      2      0      0      0      0  14801   2887  15702      4      0 
 11:05:34       0    305     57      -    100      2      0      0      0      0  14801   2887  15702      4      0 
 11:05:39       0    305     58      -    100      2      0      0      0      0  14801   2880  15702      4      0 
 11:05:44       0    313     58      -    100      2      0      0      0      0  14801   2887  15702      4      0 
 11:05:49       0    301     58      -    100      2      0      0      0      0  14801   2887  15702      4      0 
 11:05:54       0    306     58      -    100      2      0      0      0      0  14801   2887  15702      4      0 
 11:05:59       0    312     58      -    100      2      0      0      0      0  14801   2880  15702      4      0 
 11:06:04       0    305     57      -    100      2      0      0      0      0  14801   2887  15702      4      0 
 11:06:09       0    305     57      -    100      2      0      0      0      0  14801   2880  15702      4      0 
 11:06:14       0    306     58      -    100      2      0      0      0      0  14801   2880  15702      4      0 
 11:06:19       0    313     58      -    100      2      0      0      0      0  14801   2887  15702      4      0 
 11:06:24       0    305     58      -    100     12      0      0      0      0  14801   2887  15702      4      0 
 11:06:29       0    306     58      -    100      2      0      0      0      0  14801   2887  15702      4      0 
 11:06:34       0    305     58      -    100      2      0      0      0      0  14801   2887  15702      4      0 
 11:06:39       0    305     57      -    100      2      0      0      0      0  14801   2887  15702      4      0 
 11:06:44       0    313     58      -    100      2      0      0      0      0  14801   2887  15702      4      0 
 11:06:49       0    313     54      -    100      2      0      0      0      0  14801   2887  15702      4      0 
 11:06:54       0    307     49      -    100     35      0      0      0      0  14801   2887  15680      4      0 
 11:06:59       0    305     58      -    100     12      0      0      0      0  14801   2887  15680      4      0 
 11:07:04       0    302     57      -    100      2      0      0      0      0  14801   2895  15680      4      0 
 11:07:09       0    305     58      -    100      2      0      0      0      0  14801   2887  15680      4      0 
 11:07:14       0    300     57      -    100      2      0      0      0      0  14801   2887  15680      4      0 
 11:07:19       0    305     58      -    100      2      0      0      0      0  14801   2887  15680      4      0 
#Time         gpu    pwr  gtemp  mtemp     sm    mem    enc    dec    jpg    ofa   mclk   pclk     fb   bar1   ccpm 
#HH:MM:SS     Idx      W      C      C      %      %      %      %      %      %    MHz    MHz     MB     MB     MB 
 11:07:24       0    300     58      -    100      2      0      0      0      0  14801   2887  15680      4      0 
 11:07:29       0    305     58      -    100      2      0      0      0      0  14801   2887  15680      4      0 
 11:07:34       0    302     58      -    100      2      0      0      0      0  14801   2880  15680      4      0 
 11:07:39       0    305     58      -    100      2      0      0      0      0  14801   2887  15680      4      0 
 11:07:44       0    301     58      -    100      2      0      0      0      0  14801   2880  15680      4      0 
 11:07:49       0    304     58      -    100      2      0      0      0      0  14801   2887  15680      4      0 
 11:07:54       0    301     58      -    100      2      0      0      0      0  14801   2887  15680      4      0 
 11:07:59       0    304     58      -    100      2      0      0      0      0  14801   2887  15680      4      0 
 11:08:04       0    300     57      -    100     20      0      0      0      0  14801   2887  15680      4      0 
 11:08:09       0    304     57      -    100     25      0      0      0      0  14801   2887  15680      4      0 
 11:08:14       0    306     53      -    100      2      0      0      0      0  14801   2887  15680      4      0 
 11:08:19       0    313     58      -    100      2      0      0      0      0  14801   2887  15680      4      0 
 11:08:24       0    312     58      -    100      2      0      0      0      0  14801   2887  15680      4      0 
 11:08:29       0    305     58      -    100      2      0      0      0      0  14801   2887  15680      4      0 
 11:08:34       0    305     58      -    100      2      0      0      0      0  14801   2887  15680      4      0 
 11:08:39       0    304     58      -    100      2      0      0      0      0  14801   2887  15680      4      0 
 11:08:44       0    305     53      -    100     14      0      0      0      0  14801   2887  15680      4      0 
 11:08:49       0    313     58      -    100      2      0      0      0      0  14801   2880  15680      4      0 
 11:08:54       0    313     58      -    100      2      0      0      0      0  14801   2887  15680      4      0 
 11:08:59       0    303     58      -    100      2      0      0      0      0  14801   2887  15680      4      0 
 11:09:04       0    304     58      -    100      2      0      0      0      0  14801   2887  15680      4      0 
 11:09:09       0    313     58      -    100      2      0      0      0      0  14801   2887  15680      4      0 
 11:09:14       0    314     58      -    100      2      0      0      0      0  14801   2887  15680      4      0 
 11:09:19       0    301     58      -    100      2      0      0      0      0  14801   2880  15680      4      0 
 11:09:24       0    303     58      -    100      2      0      0      0      0  14801   2887  15680      4      0 
 11:09:29       0    312     58      -    100      1      0      0      0      0  14801   2887  15680      4      0 
 11:09:34       0    312     58      -    100      2      0      0      0      0  14801   2887  15680      4      0 
 11:09:39       0    304     58      -    100      2      0      0      0      0  14801   2887  15680      4      0 
 11:09:44       0    313     58      -    100      2      0      0      0      0  14801   2887  15700      4      0 
 11:09:49       0    314     58      -    100      2      0      0      0      0  14801   2887  15700      4      0 
 11:09:54       0    303     58      -    100      2      0      0      0      0  14801   2887  15700      4      0 
 11:09:59       0    305     51      -    100      9      0      0      0      0  14801   2887  15700      4      0 
 11:10:04       0    311     58      -    100      2      0      0      0      0  14801   2880  15700      4      0 
 11:10:09       0    304     57      -    100      1      0      0      0      0  14801   2887  15700      4      0 
 11:10:14       0    313     58      -    100      2      0      0      0      0  14801   2880  15700      4      0 
 11:10:19       0    304     58      -    100      2      0      0      0      0  14801   2887  15700      4      0 
 11:10:24       0    303     58      -    100      2      0      0      0      0  14801   2880  15700      4      0 
 11:10:29       0    312     58      -    100      2      0      0      0      0  14801   2887  15700      4      0 
 11:10:34       0    303     58      -    100      2      0      0      0      0  14801   2880  15700      4      0 
 11:10:39       0    312     57      -    100      2      0      0      0      0  14801   2887  15700      4      0 
 11:10:44       0    305     58      -    100      2      0      0      0      0  14801   2880  15700      4      0 
 11:10:49       0    300     54      -    100     23      0      0      0      0  14801   2895  15700      4      0 
 11:10:54       0    313     58      -    100      2      0      0      0      0  14801   2887  15700      4      0 
 11:10:59       0    304     58      -    100      2      0      0      0      0  14801   2880  15700      4      0 
#Time         gpu    pwr  gtemp  mtemp     sm    mem    enc    dec    jpg    ofa   mclk   pclk     fb   bar1   ccpm 
#HH:MM:SS     Idx      W      C      C      %      %      %      %      %      %    MHz    MHz     MB     MB     MB 
 11:11:04       0    313     58      -    100      2      0      0      0      0  14801   2887  15700      4      0 
 11:11:09       0    304     58      -    100      2      0      0      0      0  14801   2887  15700      4      0 
 11:11:14       0    312     57      -    100      2      0      0      0      0  14801   2880  15702      4      0 
 11:11:19       0    303     57      -    100      2      0      0      0      0  14801   2887  15702      4      0 
 11:11:24       0    313     58      -    100      2      0      0      0      0  14801   2880  15702      4      0 
 11:11:29       0    302     58      -    100      1      0      0      0      0  14801   2887  15702      4      0 
 11:11:34       0    313     58      -    100      2      0      0      0      0  14801   2887  15702      4      0 
 11:11:39       0    144     52      -    100      9      0      0      0      0  14801   2887  15702      4      0 
 11:11:44       0    209     42      -     94     65      0      0      0      0  14801   2910  15720      4      0 
 11:11:49       0     48     33      -      0      0      0      0      0      0  14801   2722  15720      4      0 
 11:11:54       0    258     50      -     98     35      0      0      0      0  14801   2895  15720      4      0 
 11:11:59       0    296     53      -    100     37      0      0      0      0  14801   2880  15720      4      0 
 11:12:04       0    299     59      -    100      2      0      0      0      0  14801   2880  15682      4      0 
 11:12:09       0    300     60      -    100      7      0      0      0      0  14801   2880  15682      4      0 
 11:12:14       0    295     60      -    100      8      0      0      0      0  14801   2880  15682      4      0 
 11:12:19       0    298     60      -    100      2      0      0      0      0  14801   2880  15700      4      0 
 11:12:24       0    299     57      -    100     30      0      0      0      0  14801   2880  15700      4      0 
 11:12:29       0    305     59      -    100      2      0      0      0      0  14801   2880  15700      4      0 
 11:12:34       0    311     56      -    100     35      0      0      0      0  14801   2880  15700      4      0 
 11:12:39       0    310     56      -     98     35      0      0      0      0  14801   2887  15704      4      0 
 11:12:44       0    306     59      -    100      4      0      0      0      0  14801   2880  15704      4      0 
 11:12:49       0    310     55      -    100     17      0      0      0      0  14801   2880  15704      4      0 
 11:12:54       0    307     57      -    100      4      0      0      0      0  14801   2880  15704      4      0 
 11:12:59       0    308     57      -    100      2      0      0      0      0  14801   2880  15704      4      0 
 11:13:04       0    307     57      -    100      2      0      0      0      0  14801   2880  15680      4      0 
 11:13:09       0    307     58      -    100      2      0      0      0      0  14801   2880  15680      4      0 
 11:13:14       0    308     53      -     98     38      0      0      0      0  14801   2880  15680      4      0 
 11:13:19       0    309     58      -    100      2      0      0      0      0  14801   2880  15680      4      0 
 11:13:24       0    308     57      -    100      2      0      0      0      0  14801   2880  15680      4      0 
 11:13:29       0    304     57      -    100      2      0      0      0      0  14801   2880  15680      4      0 
 11:13:34       0    308     57      -    100      2      0      0      0      0  14801   2880  15680      4      0 
 11:13:39       0    308     57      -    100      2      0      0      0      0  14801   2880  15680      4      0 
 11:13:44       0    306     54      -     99     36      0      0      0      0  14801   2887  15680      4      0 
 11:13:49       0    309     58      -    100      2      0      0      0      0  14801   2880  15680      4      0 
 11:13:54       0    309     57      -    100      2      0      0      0      0  14801   2880  15680      4      0 
 11:13:59       0    309     57      -    100      2      0      0      0      0  14801   2880  15680      4      0 
 11:14:04       0    307     57      -    100      2      0      0      0      0  14801   2887  15680      4      0 
 11:14:09       0    308     57      -    100      2      0      0      0      0  14801   2880  15680      4      0 
 11:14:14       0    306     57      -    100      2      0      0      0      0  14801   2880  15700      4      0 
 11:14:19       0    309     57      -    100      2      0      0      0      0  14801   2880  15700      4      0 
 11:14:24       0    308     52      -     98     38      0      0      0      0  14801   2887  15700      4      0 
 11:14:29       0    307     57      -    100      2      0      0      0      0  14801   2880  15700      4      0 
 11:14:34       0    307     56      -    100      5      0      0      0      0  14801   2880  15700      4      0 
 11:14:39       0    307     57      -    100      2      0      0      0      0  14801   2880  15700      4      0 
#Time         gpu    pwr  gtemp  mtemp     sm    mem    enc    dec    jpg    ofa   mclk   pclk     fb   bar1   ccpm 
#HH:MM:SS     Idx      W      C      C      %      %      %      %      %      %    MHz    MHz     MB     MB     MB 
 11:14:44       0    306     57      -    100      2      0      0      0      0  14801   2880  15700      4      0 
 11:14:49       0    304     53      -    100     31      0      0      0      0  14801   2880  15700      4      0 
 11:14:54       0    307     57      -    100      2      0      0      0      0  14801   2880  15700      4      0 
 11:14:59       0    307     57      -    100      2      0      0      0      0  14801   2880  15700      4      0 
 11:15:04       0    307     57      -    100      2      0      0      0      0  14801   2887  15700      4      0 
 11:15:09       0    306     57      -    100      2      0      0      0      0  14801   2880  15700      4      0 
 11:15:14       0    307     56      -    100      2      0      0      0      0  14801   2887  15700      4      0 
 11:15:19       0    306     55      -    100      3      0      0      0      0  14801   2887  15700      4      0 
 11:15:24       0    306     57      -    100      2      0      0      0      0  14801   2880  15700      4      0 
 11:15:29       0    307     57      -    100      2      0      0      0      0  14801   2880  15700      4      0 
 11:15:34       0    307     57      -    100      2      0      0      0      0  14801   2880  15700      4      0 
 11:15:39       0    306     57      -    100      2      0      0      0      0  14801   2880  15700      4      0 
 11:15:44       0    306     57      -    100      2      0      0      0      0  14801   2887  15700      4      0 
 11:15:49       0    304     57      -    100      2      0      0      0      0  14801   2880  15684      4      0 
 11:15:54       0    306     57      -    100      2      0      0      0      0  14801   2880  15684      4      0 
 11:15:59       0    306     57      -    100      2      0      0      0      0  14801   2880  15684      4      0 
 11:16:04       0    306     52      -    100     30      0      0      0      0  14801   2880  15684      4      0 
 11:16:09       0    306     57      -    100      2      0      0      0      0  14801   2880  15684      4      0 
 11:16:14       0    306     57      -    100      2      0      0      0      0  14801   2880  15684      4      0 
 11:16:19       0    306     52      -    100      5      0      0      0      0  14801   2887  15684      4      0 
 11:16:24       0    305     56      -    100      2      0      0      0      0  14801   2887  15684      4      0 
 11:16:29       0    306     57      -    100      2      0      0      0      0  14801   2887  15684      4      0 
 11:16:34       0    305     57      -    100      2      0      0      0      0  14801   2880  15684      4      0 
 11:16:39       0    305     58      -    100      2      0      0      0      0  14801   2880  15684      4      0 
 11:16:44       0    307     58      -    100      2      0      0      0      0  14801   2880  15684      4      0 
 11:16:49       0    306     57      -    100      2      0      0      0      0  14801   2880  15684      4      0 
 11:16:54       0    305     57      -    100      2      0      0      0      0  14801   2880  15684      4      0 
 11:16:59       0    305     57      -    100      2      0      0      0      0  14801   2880  15684      4      0 
 11:17:04       0    306     57      -    100      2      0      0      0      0  14801   2880  15684      4      0 
 11:17:09       0    305     57      -    100      2      0      0      0      0  14801   2880  15684      4      0 
 11:17:14       0    305     58      -    100      2      0      0      0      0  14801   2880  15684      4      0 
 11:17:19       0    306     57      -    100      2      0      0      0      0  14801   2887  15684      4      0 
 11:17:24       0    305     52      -    100     33      0      0      0      0  14801   2880  15684      4      0 
 11:17:29       0    312     57      -    100      2      0      0      0      0  14801   2880  15684      4      0 
 11:17:34       0    306     57      -    100      2      0      0      0      0  14801   2880  15684      4      0 
 11:17:39       0    305     57      -    100      2      0      0      0      0  14801   2880  15684      4      0 
 11:17:44       0    305     56      -    100     19      0      0      0      0  14801   2887  15684      4      0 
 11:17:49       0    305     58      -    100      2      0      0      0      0  14801   2880  15704      4      0 
 11:17:54       0    305     57      -    100      2      0      0      0      0  14801   2880  15704      4      0 
 11:18:00       0    305     52      -    100     25      0      0      0      0  14801   2887  15704      4      0 
 11:18:05       0    304     57      -    100      2      0      0      0      0  14801   2880  15704      4      0 
 11:18:10       0    304     57      -    100      2      0      0      0      0  14801   2887  15704      4      0 
 11:18:15       0    305     57      -    100      2      0      0      0      0  14801   2880  15704      4      0 
 11:18:20       0    304     57      -    100      2      0      0      0      0  14801   2880  15704      4      0 
#Time         gpu    pwr  gtemp  mtemp     sm    mem    enc    dec    jpg    ofa   mclk   pclk     fb   bar1   ccpm 
#HH:MM:SS     Idx      W      C      C      %      %      %      %      %      %    MHz    MHz     MB     MB     MB 
 11:18:25       0    312     58      -    100      2      0      0      0      0  14801   2880  15704      4      0 
 11:18:30       0    304     57      -    100      2      0      0      0      0  14801   2880  15704      4      0 
 11:18:35       0    310     57      -    100      2      0      0      0      0  14801   2880  15704      4      0 
 11:18:40       0    303     57      -    100      2      0      0      0      0  14801   2887  15704      4      0 
 11:18:45       0    304     57      -    100      2      0      0      0      0  14801   2880  15704      4      0 
 11:18:50       0    304     52      -    100     31      0      0      0      0  14801   2887  15704      4      0 
 11:18:55       0    305     58      -    100      2      0      0      0      0  14801   2880  15704      4      0 
 11:19:00       0    311     58      -    100      2      0      0      0      0  14801   2880  15704      4      0 
 11:19:05       0    303     53      -     99     32      0      0      0      0  14801   2887  15704      4      0 
 11:19:10       0    303     57      -    100      2      0      0      0      0  14801   2880  15704      4      0 
 11:19:15       0    309     57      -    100      2      0      0      0      0  14801   2880  15704      4      0 
 11:19:20       0    304     52      -    100     35      0      0      0      0  14801   2887  15704      4      0 
 11:19:25       0    303     57      -    100      2      0      0      0      0  14801   2887  15704      4      0 
 11:19:30       0    305     58      -    100      2      0      0      0      0  14801   2880  15704      4      0 
 11:19:35       0    311     58      -    100      2      0      0      0      0  14801   2880  15704      4      0 
 11:19:40       0    303     57      -    100      2      0      0      0      0  14801   2880  15704      4      0 
 11:19:45       0    304     57      -    100      2      0      0      0      0  14801   2880  15704      4      0 
 11:19:50       0    311     57      -    100      2      0      0      0      0  14801   2880  15704      4      0 
 11:19:55       0    311     57      -    100      2      0      0      0      0  14801   2880  15704      4      0 
 11:20:00       0    305     54      -    100     35      0      0      0      0  14801   2887  15704      4      0 
 11:20:05       0    303     57      -    100      2      0      0      0      0  14801   2887  15704      4      0 
 11:20:10       0    262     56      -    100      2      0      0      0      0  14801   2902  15682      4      0 
 11:20:15       0    303     57      -    100      2      0      0      0      0  14801   2880  15682      4      0 
 11:20:20       0    302     57      -    100      2      0      0      0      0  14801   2880  15682      4      0 
 11:20:25       0    304     57      -    100      2      0      0      0      0  14801   2880  15682      4      0 
 11:20:30       0    302     57      -    100      2      0      0      0      0  14801   2880  15682      4      0 
 11:20:35       0    304     57      -    100      2      0      0      0      0  14801   2880  15682      4      0 
 11:20:40       0    303     57      -    100      2      0      0      0      0  14801   2880  15682      4      0 
 11:20:45       0    304     57      -    100      2      0      0      0      0  14801   2880  15682      4      0 
 11:20:50       0    304     57      -    100      2      0      0      0      0  14801   2880  15682      4      0 
 11:20:55       0    303     57      -    100      2      0      0      0      0  14801   2880  15682      4      0 
 11:21:00       0    302     57      -    100      2      0      0      0      0  14801   2880  15682      4      0 
 11:21:05       0    303     57      -    100      2      0      0      0      0  14801   2880  15682      4      0 
 11:21:10       0    301     57      -    100      2      0      0      0      0  14801   2880  15682      4      0 
 11:21:15       0    303     58      -    100      2      0      0      0      0  14801   2880  15682      4      0 
 11:21:20       0    302     57      -    100      2      0      0      0      0  14801   2880  15682      4      0 
 11:21:25       0    302     57      -    100      2      0      0      0      0  14801   2887  15682      4      0 
 11:21:30       0    272     40      -      0      0      0      0      0      0  14801   2910  15682      4      0 
 11:21:35       0    311     57      -    100      2      0      0      0      0  14801   2887  15682      4      0 
 11:21:40       0    311     57      -    100      2      0      0      0      0  14801   2880  15682      4      0 
 11:21:45       0    309     57      -    100      2      0      0      0      0  14801   2880  15682      4      0 
 11:21:50       0    304     58      -    100      2      0      0      0      0  14801   2880  15682      4      0 
 11:21:55       0    302     57      -    100      2      0      0      0      0  14801   2887  15682      4      0 
 11:22:00       0    302     57      -    100      2      0      0      0      0  14801   2880  15682      4      0 
#Time         gpu    pwr  gtemp  mtemp     sm    mem    enc    dec    jpg    ofa   mclk   pclk     fb   bar1   ccpm 
#HH:MM:SS     Idx      W      C      C      %      %      %      %      %      %    MHz    MHz     MB     MB     MB 
 11:22:05       0    311     57      -    100      2      0      0      0      0  14801   2880  15682      4      0 
 11:22:10       0    311     57      -    100      2      0      0      0      0  14801   2880  15682      4      0 
 11:22:15       0    302     57      -    100      2      0      0      0      0  14801   2887  15682      4      0 
 11:22:20       0    302     57      -    100      1      0      0      0      0  14801   2880  15682      4      0 
 11:22:25       0    302     53      -    100     34      0      0      0      0  14801   2887  15682      4      0 
 11:22:30       0    311     57      -    100      2      0      0      0      0  14801   2880  15682      4      0 
 11:22:35       0    309     57      -    100      2      0      0      0      0  14801   2880  15682      4      0 
 11:22:40       0    302     57      -    100      2      0      0      0      0  14801   2887  15682      4      0 
 11:22:45       0    302     54      -     97     38      0      0      0      0  14801   2887  15682      4      0 
 11:22:50       0    311     57      -    100      2      0      0      0      0  14801   2887  15682      4      0 
 11:22:55       0    302     57      -    100      2      0      0      0      0  14801   2880  15682      4      0 
 11:23:00       0    302     56      -    100     18      0      0      0      0  14801   2887  15702      4      0 
 11:23:05       0    312     57      -    100      2      0      0      0      0  14801   2880  15702      4      0 
 11:23:10       0    300     57      -    100      2      0      0      0      0  14801   2880  15702      4      0 
 11:23:15       0    302     56      -    100      2      0      0      0      0  14801   2887  15702      4      0 
 11:23:20       0    310     57      -    100      2      0      0      0      0  14801   2880  15702      4      0 
 11:23:25       0    302     57      -    100      2      0      0      0      0  14801   2887  15702      4      0 
 11:23:30       0    301     54      -     98     34      0      0      0      0  14801   2887  15702      4      0 
 11:23:35       0    312     57      -    100      2      0      0      0      0  14801   2880  15702      4      0 
 11:23:40       0    302     57      -    100      2      0      0      0      0  14801   2880  15702      4      0 
 11:23:45       0    311     57      -    100      2      0      0      0      0  14801   2887  15702      4      0 
 11:23:50       0    302     57      -    100      2      0      0      0      0  14801   2880  15702      4      0 
 11:23:55       0    301     53      -    100     26      0      0      0      0  14801   2887  15702      4      0 
 11:24:00       0    305     57      -    100      2      0      0      0      0  14801   2880  15702      4      0 
 11:24:05       0    294     57      -    100      2      0      0      0      0  14801   2880  15702      4      0 
 11:24:10       0    310     58      -    100      2      0      0      0      0  14801   2880  15702      4      0 
 11:24:15       0    302     57      -    100      2      0      0      0      0  14801   2880  15702      4      0 
 11:24:20       0    311     57      -    100      2      0      0      0      0  14801   2880  15702      4      0 
 11:24:25       0    302     57      -    100      2      0      0      0      0  14801   2880  15702      4      0 
 11:24:30       0    310     57      -    100      2      0      0      0      0  14801   2880  15704      4      0 
 11:24:35       0    302     57      -    100      2      0      0      0      0  14801   2880  15704      4      0 
 11:24:40       0    312     58      -    100      2      0      0      0      0  14801   2880  15704      4      0 
 11:24:45       0    302     57      -    100      2      0      0      0      0  14801   2880  15704      4      0 
 11:24:50       0    312     57      -    100      2      0      0      0      0  14801   2880  15704      4      0 
 11:24:55       0    205     53      -    100      6      0      0      0      0  14801   2887  15704      4      0 
 11:25:00       0    225     37      -     32      7      0      0      0      0  14801   2932  15722      4      0 
 11:25:05       0    209     43      -     93     72      0      0      0      0  14801   2895  15724      4      0 
 11:25:10       0    212     44      -     93     73      0      0      0      0  14801   2895  15724      4      0 
 11:25:15       0    213     45      -     93     74      0      0      0      0  14801   2895  15724      4      0 
 11:25:20       0    213     46      -     93     74      0      0      0      0  14801   2895  15724      4      0 
 11:25:25       0    214     46      -     93     74      0      0      0      0  14801   2895  15724      4      0 
 11:25:30       0    214     47      -     93     74      0      0      0      0  14801   2895  15724      4      0 
 11:25:35       0    214     47      -     93     74      0      0      0      0  14801   2895  15724      4      0 
 11:25:40       0    215     47      -     93     74      0      0      0      0  14801   2895  15724      4      0 
#Time         gpu    pwr  gtemp  mtemp     sm    mem    enc    dec    jpg    ofa   mclk   pclk     fb   bar1   ccpm 
#HH:MM:SS     Idx      W      C      C      %      %      %      %      %      %    MHz    MHz     MB     MB     MB 
 11:25:45       0    215     48      -     93     74      0      0      0      0  14801   2895  15724      4      0 
 11:25:50       0    215     49      -     93     74      0      0      0      0  14801   2895  15724      4      0 
 11:25:55       0    215     49      -     93     74      0      0      0      0  14801   2895  15724      4      0 
 11:26:00       0    215     49      -     93     74      0      0      0      0  14801   2895  15724      4      0 
 11:26:05       0    215     49      -     93     74      0      0      0      0  14801   2895  15724      4      0 
 11:26:10       0    216     49      -     93     74      0      0      0      0  14801   2895  15724      4      0 
 11:26:15       0    216     50      -     93     74      0      0      0      0  14801   2895  15724      4      0 
 11:26:20       0    216     50      -     93     74      0      0      0      0  14801   2895  15724      4      0 
 11:26:25       0    217     50      -     93     74      0      0      0      0  14801   2895  15724      4      0 
 11:26:30       0    217     50      -     93     74      0      0      0      0  14801   2895  15724      4      0 
 11:26:35       0    217     50      -     93     74      0      0      0      0  14801   2895  15724      4      0 
 11:26:40       0    217     50      -     93     74      0      0      0      0  14801   2895  15724      4      0 
 11:26:45       0    217     50      -     93     74      0      0      0      0  14801   2895  15724      4      0 
 11:26:50       0    217     51      -     93     74      0      0      0      0  14801   2895  15724      4      0 
 11:26:55       0    217     51      -     93     74      0      0      0      0  14801   2895  15724      4      0 
 11:27:00       0    217     51      -     93     74      0      0      0      0  14801   2895  15724      4      0 
 11:27:05       0    217     51      -     93     74      0      0      0      0  14801   2895  15724      4      0 
 11:27:10       0    217     51      -     93     74      0      0      0      0  14801   2895  15724      4      0 
 11:27:15       0    217     51      -     93     74      0      0      0      0  14801   2895  15724      4      0 
 11:27:20       0    217     51      -     93     74      0      0      0      0  14801   2895  15724      4      0 
 11:27:25       0    218     51      -     93     74      0      0      0      0  14801   2895  15724      4      0 
 11:27:30       0    218     51      -     93     74      0      0      0      0  14801   2895  15724      4      0 
 11:27:35       0    218     51      -     93     74      0      0      0      0  14801   2895  15724      4      0 
 11:27:40       0    218     51      -     93     74      0      0      0      0  14801   2895  15724      4      0 
 11:27:45       0    218     51      -     93     74      0      0      0      0  14801   2895  15724      4      0 
 11:27:50       0    218     51      -     93     74      0      0      0      0  14801   2895  15724      4      0 
 11:27:55       0    218     51      -     93     74      0      0      0      0  14801   2895  15724      4      0 
 11:28:00       0    218     51      -     93     74      0      0      0      0  14801   2895  15724      4      0 
 11:28:05       0    218     51      -     93     74      0      0      0      0  14801   2895  15724      4      0 
 11:28:10       0    219     52      -     93     74      0      0      0      0  14801   2895  15724      4      0 
 11:28:15       0    219     52      -     93     74      0      0      0      0  14801   2895  15724      4      0 
 11:28:20       0    219     52      -     93     74      0      0      0      0  14801   2895  15724      4      0 
 11:28:25       0    219     51      -     93     75      0      0      0      0  14801   2895  15724      4      0 
 11:28:30       0    219     52      -     93     74      0      0      0      0  14801   2895  15724      4      0 
 11:28:35       0    219     52      -     93     74      0      0      0      0  14801   2895  15724      4      0 
 11:28:40       0    219     52      -     93     74      0      0      0      0  14801   2895  15724      4      0 
 11:28:45       0    219     52      -     93     74      0      0      0      0  14801   2895  15724      4      0 
 11:28:50       0    219     52      -     93     74      0      0      0      0  14801   2895  15724      4      0 
 11:28:55       0    219     52      -     93     75      0      0      0      0  14801   2895  15724      4      0 
 11:29:00       0    219     51      -     93     74      0      0      0      0  14801   2895  15080      4      0 
 11:29:05       0    219     52      -     93     74      0      0      0      0  14801   2895  15080      4      0 
 11:29:10       0    219     52      -     93     74      0      0      0      0  14801   2895  15080      4      0 
 11:29:15       0    219     52      -     93     75      0      0      0      0  14801   2895  15080      4      0 
 11:29:20       0    219     52      -     93     74      0      0      0      0  14801   2887  15080      4      0 
#Time         gpu    pwr  gtemp  mtemp     sm    mem    enc    dec    jpg    ofa   mclk   pclk     fb   bar1   ccpm 
#HH:MM:SS     Idx      W      C      C      %      %      %      %      %      %    MHz    MHz     MB     MB     MB 
 11:29:25       0    219     52      -     93     74      0      0      0      0  14801   2880  15080      4      0 
 11:29:30       0    219     52      -     93     75      0      0      0      0  14801   2880  15080      4      0 
 11:29:35       0    219     52      -     93     75      0      0      0      0  14801   2880  15080      4      0 
 11:29:40       0    219     52      -     93     75      0      0      0      0  14801   2880  15080      4      0 
 11:29:45       0    219     52      -     93     75      0      0      0      0  14801   2887  15080      4      0 
 11:29:50       0    220     52      -     93     75      0      0      0      0  14801   2880  15080      4      0 
 11:29:55       0    219     52      -     93     75      0      0      0      0  14801   2880  15080      4      0 
 11:30:00       0    220     52      -     93     75      0      0      0      0  14801   2880  15080      4      0 
 11:30:05       0    219     52      -     93     75      0      0      0      0  14801   2880  15080      4      0 
 11:30:10       0    219     52      -     93     75      0      0      0      0  14801   2880  15080      4      0 
 11:30:15       0    219     52      -     93     75      0      0      0      0  14801   2880  15080      4      0 
 11:30:20       0    220     52      -     93     75      0      0      0      0  14801   2880  15080      4      0 
 11:30:25       0    220     52      -     94     75      0      0      0      0  14801   2880  15080      4      0 
 11:30:30       0    220     52      -     94     75      0      0      0      0  14801   2880  15080      4      0 
 11:30:35       0    219     52      -     93     75      0      0      0      0  14801   2880  15080      4      0 
 11:30:40       0    220     52      -     93     75      0      0      0      0  14801   2880  15080      4      0 
 11:30:45       0    125     48      -     96     43      0      0      0      0  14801   2910  15082      4      0 
 11:30:50       0    181     49      -     94     65      0      0      0      0  14801   2895  15082      4      0 
 11:30:55       0    169     48      -     96     47      0      0      0      0  14801   2902  15082      4      0 
 11:31:00       0    299     59      -    100     35      0      0      0      0  14801   2880  15682      4      0 
 11:31:05       0    306     60      -    100     38      0      0      0      0  14801   2872  15682      4      0 
 11:31:10       0    310     62      -    100     13      0      0      0      0  14801   2865  15682      4      0 
 11:31:15       0    315     63      -    100     17      0      0      0      0  14801   2872  15682      4      0 
 11:31:20       0    314     60      -    100     28      0      0      0      0  14801   2880  15682      4      0 
 11:31:25       0    316     60      -    100     21      0      0      0      0  14801   2880  15682      4      0 
 11:31:30       0    320     55      -    100      5      0      0      0      0  14801   2880  15682      4      0 
 11:31:35       0    311     55      -    100      1      0      0      0      0  14801   2880  15684      4      0 
 11:31:40       0    301     55      -    100     27      0      0      0      0  14801   2880  15680      4      0 
 11:31:45       0    300     57      -    100     17      0      0      0      0  14801   2880  15682      4      0 
 11:31:50       0    302     60      -    100     19      0      0      0      0  14801   2887  15682      4      0 
 11:31:55       0    263     47      -     96     45      0      0      0      0  14801   2887  15682      4      0 
 11:32:00       0    220     47      -     94     76      0      0      0      0  14801   2895  15682      4      0 
 11:32:05       0    218     48      -     93     76      0      0      0      0  14801   2895  15682      4      0 
 11:32:10       0    218     48      -     94     75      0      0      0      0  14801   2895  15682      4      0 
 11:32:15       0    219     49      -     94     76      0      0      0      0  14801   2895  15682      4      0 
 11:32:20       0    219     49      -     94     76      0      0      0      0  14801   2895  15682      4      0 
 11:32:25       0    219     49      -     93     75      0      0      0      0  14801   2895  15682      4      0 
 11:32:31       0    220     49      -     94     76      0      0      0      0  14801   2895  15682      4      0 
 11:32:36       0    219     50      -     94     76      0      0      0      0  14801   2895  15682      4      0 
 11:32:41       0    220     50      -     93     75      0      0      0      0  14801   2895  15682      4      0 
 11:32:46       0    220     50      -     94     76      0      0      0      0  14801   2895  15682      4      0 
 11:32:51       0    220     50      -     93     75      0      0      0      0  14801   2895  15682      4      0 
 11:32:56       0    220     50      -     93     76      0      0      0      0  14801   2895  15682      4      0 
 11:33:01       0    220     51      -     93     76      0      0      0      0  14801   2895  15682      4      0 
#Time         gpu    pwr  gtemp  mtemp     sm    mem    enc    dec    jpg    ofa   mclk   pclk     fb   bar1   ccpm 
#HH:MM:SS     Idx      W      C      C      %      %      %      %      %      %    MHz    MHz     MB     MB     MB 
 11:33:06       0    220     51      -     93     75      0      0      0      0  14801   2895  15682      4      0 
 11:33:11       0    220     51      -     93     76      0      0      0      0  14801   2895  15682      4      0 
 11:33:16       0    221     51      -     93     76      0      0      0      0  14801   2895  15682      4      0 
 11:33:21       0    221     51      -     94     76      0      0      0      0  14801   2895  15682      4      0 
 11:33:26       0    221     51      -     93     76      0      0      0      0  14801   2895  15682      4      0 
 11:33:31       0    221     51      -     93     76      0      0      0      0  14801   2895  15682      4      0 
 11:33:36       0    221     51      -     93     76      0      0      0      0  14801   2895  15682      4      0 
 11:33:41       0    221     51      -     93     76      0      0      0      0  14801   2895  15098      4      0 
 11:33:46       0    221     52      -     93     76      0      0      0      0  14801   2895  15098      4      0 
 11:33:51       0    221     52      -     93     76      0      0      0      0  14801   2895  15098      4      0 
 11:33:56       0    221     52      -     93     76      0      0      0      0  14801   2895  15098      4      0 
 11:34:01       0    222     52      -     93     76      0      0      0      0  14801   2895  15098      4      0 
 11:34:06       0    221     52      -     93     76      0      0      0      0  14801   2895  15098      4      0 
 11:34:11       0    222     52      -     93     76      0      0      0      0  14801   2895  15098      4      0 
 11:34:16       0    222     52      -     94     76      0      0      0      0  14801   2895  15098      4      0 
 11:34:21       0    222     52      -     94     76      0      0      0      0  14801   2895  15098      4      0 
 11:34:26       0    222     52      -     94     76      0      0      0      0  14801   2895  15098      4      0 
 11:34:31       0    222     52      -     94     76      0      0      0      0  14801   2880  15098      4      0 
 11:34:36       0    222     52      -     94     76      0      0      0      0  14801   2880  15098      4      0 
 11:34:41       0    222     52      -     94     76      0      0      0      0  14801   2880  15098      4      0 
 11:34:46       0    222     52      -     94     76      0      0      0      0  14801   2880  15098      4      0 
 11:34:51       0    222     52      -     94     76      0      0      0      0  14801   2887  15098      4      0 
 11:34:56       0    222     52      -     94     76      0      0      0      0  14801   2880  15098      4      0 
 11:35:01       0    222     52      -     93     76      0      0      0      0  14801   2880  15098      4      0 
 11:35:06       0    222     52      -     93     76      0      0      0      0  14801   2887  15098      4      0 
 11:35:11       0    222     52      -     93     76      0      0      0      0  14801   2880  15098      4      0 
 11:35:16       0    222     52      -     93     76      0      0      0      0  14801   2887  15098      4      0 
 11:35:21       0    222     52      -     94     76      0      0      0      0  14801   2880  15098      4      0 
 11:35:26       0    222     52      -     94     76      0      0      0      0  14801   2880  15098      4      0 
 11:35:31       0    223     52      -     94     76      0      0      0      0  14801   2880  15098      4      0 
 11:35:36       0    222     52      -     94     76      0      0      0      0  14801   2880  15098      4      0 
 11:35:41       0    223     52      -     94     76      0      0      0      0  14801   2880  15098      4      0 
 11:35:46       0    223     52      -     93     76      0      0      0      0  14801   2887  15098      4      0 
 11:35:51       0    222     52      -     93     76      0      0      0      0  14801   2887  15098      4      0 
 11:35:56       0    222     52      -     93     76      0      0      0      0  14801   2887  15098      4      0 
 11:36:01       0    223     52      -     94     76      0      0      0      0  14801   2880  15098      4      0 
 11:36:06       0    222     52      -     93     76      0      0      0      0  14801   2887  15098      4      0 
 11:36:11       0    223     53      -     94     76      0      0      0      0  14801   2887  15098      4      0 
 11:36:16       0    223     52      -     94     76      0      0      0      0  14801   2887  15098      4      0 
 11:36:21       0    223     52      -     94     76      0      0      0      0  14801   2887  15098      4      0 
 11:36:26       0    222     52      -     94     76      0      0      0      0  14801   2887  15098      4      0 
 11:36:31       0    223     52      -     94     76      0      0      0      0  14801   2887  15098      4      0 
 11:36:36       0    223     52      -     93     76      0      0      0      0  14801   2887  15098      4      0 
 11:36:41       0    223     52      -     93     76      0      0      0      0  14801   2887  15098      4      0 
#Time         gpu    pwr  gtemp  mtemp     sm    mem    enc    dec    jpg    ofa   mclk   pclk     fb   bar1   ccpm 
#HH:MM:SS     Idx      W      C      C      %      %      %      %      %      %    MHz    MHz     MB     MB     MB 
 11:36:46       0    223     52      -     93     76      0      0      0      0  14801   2887  15098      4      0 
 11:36:51       0    223     52      -     94     76      0      0      0      0  14801   2887  15098      4      0 
 11:36:56       0    223     52      -     94     76      0      0      0      0  14801   2887  15098      4      0 
 11:37:01       0    223     52      -     94     76      0      0      0      0  14801   2887  15098      4      0 
 11:37:06       0    223     52      -     94     76      0      0      0      0  14801   2887  15098      4      0 
 11:37:11       0    223     52      -     93     76      0      0      0      0  14801   2880  15098      4      0 
 11:37:16       0    223     53      -     94     76      0      0      0      0  14801   2887  15098      4      0 
 11:37:21       0    223     52      -     94     76      0      0      0      0  14801   2887  15098      4      0 
 11:37:26       0    223     53      -     94     76      0      0      0      0  14801   2880  15098      4      0 
 11:37:31       0    223     52      -     93     76      0      0      0      0  14801   2887  15098      4      0 
 11:37:36       0    223     52      -     93     76      0      0      0      0  14801   2887  15098      4      0 
 11:37:41       0    223     52      -     94     76      0      0      0      0  14801   2880  15098      4      0 
 11:37:46       0    223     52      -     94     76      0      0      0      0  14801   2887  15098      4      0 
 11:37:51       0    224     52      -     94     76      0      0      0      0  14801   2887  15098      4      0 
 11:37:56       0    224     53      -     94     76      0      0      0      0  14801   2887  15098      4      0 
 11:38:01       0    224     53      -     94     76      0      0      0      0  14801   2880  15098      4      0 
 11:38:06       0    108     43      -      0      0      0      0      0      0  14801   2925  15680      4      0 
 11:38:11       0    301     60      -    100     16      0      0      0      0  14801   2865  15682      4      0 
 11:38:16       0    303     62      -    100     34      0      0      0      0  14801   2865  15682      4      0 
 11:38:21       0    315     66      -    100      0      0      0      0      0  14801   2865  15682      4      0 
 11:38:26       0    177     49      -     95     56      0      0      0      0  14801   2895  15682      4      0 
 11:38:31       0    314     58      -    100     27      0      0      0      0  14801   2880  15682      4      0 
 11:38:36       0    314     60      -    100      1      0      0      0      0  14801   2887  15682      4      0 
 11:38:41       0    318     59      -    100      7      0      0      0      0  14801   2880  15682      4      0 
 11:38:46       0    228     42      -     97     28      0      0      0      0  14801   2902  15682      4      0 
 11:38:51       0    180     43      -     95     56      0      0      0      0  14801   2910  15682      4      0 
 11:38:56       0    162     43      -     95     57      0      0      0      0  14801   2910  15682      4      0 
 11:39:01       0    177     44      -     95     56      0      0      0      0  14801   2902  15682      4      0 
 11:39:06       0    217     46      -     93     75      0      0      0      0  14801   2895  15682      4      0 
 11:39:11       0    218     47      -     93     75      0      0      0      0  14801   2895  15682      4      0 
 11:39:16       0    218     47      -     92     75      0      0      0      0  14801   2895  15682      4      0 
 11:39:21       0    218     47      -     93     76      0      0      0      0  14801   2895  15682      4      0 
 11:39:26       0    218     48      -     93     75      0      0      0      0  14801   2895  15682      4      0 
 11:39:31       0    218     49      -     93     75      0      0      0      0  14801   2895  15682      4      0 
 11:39:36       0    219     49      -     93     75      0      0      0      0  14801   2895  15682      4      0 
 11:39:41       0    219     49      -     93     76      0      0      0      0  14801   2895  15682      4      0 
 11:39:46       0    219     49      -     93     76      0      0      0      0  14801   2895  15682      4      0 
 11:39:51       0    219     50      -     93     76      0      0      0      0  14801   2895  15682      4      0 
 11:39:56       0    220     50      -     93     75      0      0      0      0  14801   2895  15682      4      0 
 11:40:01       0    220     50      -     93     75      0      0      0      0  14801   2895  15682      4      0 
 11:40:06       0    220     50      -     93     75      0      0      0      0  14801   2895  15682      4      0 
 11:40:11       0    220     51      -     93     76      0      0      0      0  14801   2895  15682      4      0 
 11:40:16       0    220     51      -     93     76      0      0      0      0  14801   2895  15682      4      0 
 11:40:21       0    220     51      -     93     76      0      0      0      0  14801   2895  15682      4      0 
#Time         gpu    pwr  gtemp  mtemp     sm    mem    enc    dec    jpg    ofa   mclk   pclk     fb   bar1   ccpm 
#HH:MM:SS     Idx      W      C      C      %      %      %      %      %      %    MHz    MHz     MB     MB     MB 
 11:40:26       0    221     51      -     93     76      0      0      0      0  14801   2895  15682      4      0 
 11:40:31       0    220     51      -     93     76      0      0      0      0  14801   2895  15682      4      0 
 11:40:36       0    221     51      -     93     76      0      0      0      0  14801   2895  15098      4      0 
 11:40:41       0    220     51      -     93     76      0      0      0      0  14801   2895  15098      4      0 
 11:40:46       0    221     52      -     93     76      0      0      0      0  14801   2895  15098      4      0 
 11:40:51       0    221     51      -     93     76      0      0      0      0  14801   2895  15098      4      0 
 11:40:56       0    221     51      -     93     76      0      0      0      0  14801   2895  15098      4      0 
 11:41:01       0    221     51      -     93     76      0      0      0      0  14801   2895  15098      4      0 
 11:41:06       0    221     51      -     93     76      0      0      0      0  14801   2895  15098      4      0 
 11:41:11       0    221     52      -     93     76      0      0      0      0  14801   2895  15098      4      0 
 11:41:16       0    221     52      -     94     76      0      0      0      0  14801   2895  15098      4      0 
 11:41:21       0    221     52      -     93     76      0      0      0      0  14801   2895  15098      4      0 
 11:41:26       0    222     52      -     93     76      0      0      0      0  14801   2895  15098      4      0 
 11:41:31       0    222     52      -     94     76      0      0      0      0  14801   2895  15098      4      0 
 11:41:36       0    222     52      -     94     76      0      0      0      0  14801   2895  15098      4      0 
 11:41:41       0    222     52      -     93     76      0      0      0      0  14801   2895  15098      4      0 
 11:41:46       0    222     52      -     94     76      0      0      0      0  14801   2895  15098      4      0 
 11:41:51       0    222     52      -     94     76      0      0      0      0  14801   2895  15098      4      0 
 11:41:56       0    222     52      -     94     76      0      0      0      0  14801   2895  15098      4      0 
 11:42:01       0    222     52      -     94     76      0      0      0      0  14801   2895  15098      4      0 
 11:42:06       0    222     52      -     94     76      0      0      0      0  14801   2895  15098      4      0 
 11:42:11       0    222     52      -     94     76      0      0      0      0  14801   2895  15098      4      0 
 11:42:16       0    223     52      -     93     76      0      0      0      0  14801   2895  15098      4      0 
 11:42:21       0    222     53      -     93     76      0      0      0      0  14801   2895  15098      4      0 
 11:42:26       0    223     53      -     94     76      0      0      0      0  14801   2887  15098      4      0 
 11:42:31       0    222     53      -     94     76      0      0      0      0  14801   2887  15098      4      0 
 11:42:36       0    223     53      -     94     76      0      0      0      0  14801   2887  15098      4      0 
 11:42:41       0    223     52      -     94     76      0      0      0      0  14801   2887  15098      4      0 
 11:42:46       0    223     52      -     94     76      0      0      0      0  14801   2887  15098      4      0 
 11:42:51       0    223     53      -     93     76      0      0      0      0  14801   2887  15098      4      0 
 11:42:56       0    223     53      -     94     76      0      0      0      0  14801   2887  15098      4      0 
 11:43:01       0    223     53      -     94     76      0      0      0      0  14801   2887  15098      4      0 
 11:43:06       0    223     53      -     94     76      0      0      0      0  14801   2887  15098      4      0 
 11:43:11       0    223     53      -     94     76      0      0      0      0  14801   2887  15098      4      0 
 11:43:16       0    223     53      -     93     76      0      0      0      0  14801   2887  15098      4      0 
 11:43:21       0    223     53      -     93     76      0      0      0      0  14801   2887  15098      4      0 
 11:43:26       0    223     53      -     94     76      0      0      0      0  14801   2887  15098      4      0 
 11:43:31       0    223     53      -     93     76      0      0      0      0  14801   2887  15098      4      0 
 11:43:36       0    223     53      -     94     76      0      0      0      0  14801   2887  15098      4      0 
 11:43:41       0    223     53      -     94     76      0      0      0      0  14801   2887  15098      4      0 
 11:43:46       0    223     53      -     94     76      0      0      0      0  14801   2887  15098      4      0 
 11:43:51       0    223     52      -     94     76      0      0      0      0  14801   2887  15098      4      0 
 11:43:56       0    223     53      -     94     76      0      0      0      0  14801   2887  15098      4      0 
 11:44:01       0    223     53      -     94     76      0      0      0      0  14801   2887  15098      4      0 
#Time         gpu    pwr  gtemp  mtemp     sm    mem    enc    dec    jpg    ofa   mclk   pclk     fb   bar1   ccpm 
#HH:MM:SS     Idx      W      C      C      %      %      %      %      %      %    MHz    MHz     MB     MB     MB 
 11:44:06       0    223     53      -     94     76      0      0      0      0  14801   2887  15098      4      0 
 11:44:11       0    223     53      -     94     76      0      0      0      0  14801   2887  15098      4      0 
 11:44:16       0    223     53      -     93     76      0      0      0      0  14801   2887  15098      4      0 
 11:44:21       0    223     53      -     94     76      0      0      0      0  14801   2887  15098      4      0 
 11:44:26       0    223     53      -     93     76      0      0      0      0  14801   2887  15098      4      0 
 11:44:31       0    223     53      -     94     76      0      0      0      0  14801   2887  15098      4      0 
 11:44:36       0    223     53      -     93     76      0      0      0      0  14801   2887  15098      4      0 
 11:44:41       0    223     53      -     94     77      0      0      0      0  14801   2887  15098      4      0 
 11:44:46       0    224     53      -     93     76      0      0      0      0  14801   2887  15098      4      0 
 11:44:51       0    224     53      -     94     76      0      0      0      0  14801   2887  15098      4      0 
 11:44:56       0    223     53      -     93     76      0      0      0      0  14801   2887  15098      4      0 
 11:45:01       0    102     57      -    100     37      0      0      0      0  14801   2917  15682      4      0 
 11:45:06       0    303     63      -    100     19      0      0      0      0  14801   2872  15682      4      0 
 11:45:11       0    312     62      -    100     37      0      0      0      0  14801   2865  15682      4      0 
 11:45:16       0    318     58      -     98     37      0      0      0      0  14801   2865  15682      4      0 
 11:45:21       0    189     49      -     95     57      0      0      0      0  14801   2895  15682      4      0 
 11:45:26       0    314     60      -    100     14      0      0      0      0  14801   2880  15680      4      0 
 11:45:31       0    314     56      -    100     25      0      0      0      0  14801   2880  15682      4      0 
 11:45:36       0    318     59      -    100      0      0      0      0      0  14801   2880  15682      4      0 
 11:45:41       0    247     44      -     96     47      0      0      0      0  14801   2895  15682      4      0 
 11:45:46       0    175     43      -     96     52      0      0      0      0  14801   2910  15682      4      0 
 11:45:51       0    172     43      -     95     56      0      0      0      0  14801   2910  15682      4      0 
 11:45:56       0    170     43      -     95     55      0      0      0      0  14801   2902  15682      4      0 
 11:46:01       0    173     43      -     95     51      0      0      0      0  14801   2902  15682      4      0 
 11:46:06       0    290     52      -    100     33      0      0      0      0  14801   2887  15680      4      0 
 11:46:11       0    299     56      -     98     39      0      0      0      0  14801   2880  15680      4      0 
 11:46:16       0    300     60      -    100     17      0      0      0      0  14801   2872  15682      4      0 
 11:46:21       0    304     58      -    100     38      0      0      0      0  14801   2872  15682      4      0 
 11:46:27       0    280     49      -     97     34      0      0      0      0  14801   2887  15680      4      0 
 11:46:32       0    300     57      -    100     36      0      0      0      0  14801   2887  15680      4      0 
 11:46:37       0    300     60      -    100     13      0      0      0      0  14801   2887  15682      4      0 
 11:46:42       0    305     58      -    100     29      0      0      0      0  14801   2872  15682      4      0 
 11:46:47       0    171     39      -      0      0      0      0      0      0  14801   2940  15680      4      0 
 11:46:52       0    301     56      -    100     17      0      0      0      0  14801   2880  15680      4      0 
 11:46:57       0    300     58      -    100     15      0      0      0      0  14801   2887  15682      4      0 
 11:47:02       0    302     61      -    100      0      0      0      0      0  14801   2887  15682      4      0 
 11:47:07       0    305     61      -    100      1      0      0      0      0  14801   2880  15682      4      0 
 11:47:12       0    286     59      -    100     14      0      0      0      0  14801   2880  15700      4      0 
 11:47:17       0    308     54      -    100     29      0      0      0      0  14801   2880  15700      4      0 
 11:47:22       0    310     55      -    100     28      0      0      0      0  14801   2880  15700      4      0 
 11:47:27       0    310     55      -    100     34      0      0      0      0  14801   2880  15700      4      0 
 11:47:32       0    311     58      -    100      2      0      0      0      0  14801   2880  15704      4      0 
 11:47:37       0    311     58      -    100      2      0      0      0      0  14801   2880  15704      4      0 
 11:47:42       0    304     57      -    100      3      0      0      0      0  14801   2887  15704      4      0 
#Time         gpu    pwr  gtemp  mtemp     sm    mem    enc    dec    jpg    ofa   mclk   pclk     fb   bar1   ccpm 
#HH:MM:SS     Idx      W      C      C      %      %      %      %      %      %    MHz    MHz     MB     MB     MB 
 11:47:47       0     64     34      -      0      0      0      0      0      0  14801   2715  15682      4      0 
 11:47:52       0     49     32      -      0      0      0      0      0      0  15001   2722      2      1      0 
