#Time         gpu    pwr  gtemp  mtemp     sm    mem    enc    dec    jpg    ofa   mclk   pclk     fb   bar1   ccpm 
#HH:MM:SS     Idx      W      C      C      %      %      %      %      %      %    MHz    MHz     MB     MB     MB 
 10:53:13       0     20     29      -      0      0      0      0      0      0    405    225      2      1      0 
 10:53:18       0     20     28      -      0      0      0      0      0      0    405    225      2      1      0 
 10:53:23       0     20     27      -      0      0      0      0      0      0    405    225      2      1      0 
 10:53:28       0     26     28      -      0      0      0      0      0      0  14801   1605    338      4      0 
 10:53:33       0     49     30      -      5      0      0      0      0      0  14801   2737   2264      4      0 
 10:53:38       0     48     30      -      0      0      0      0      0      0  14801   2722   2694      4      0 
 10:53:43       0     48     30      -      0      0      0      0      0      0  14801   2722  15096      4      0 
 10:53:48       0     51     30      -      0      0      0      0      0      0  14801   2722  15096      4      0 
 10:53:53       0     48     30      -      0      0      0      0      0      0  14801   2722  11478      4      0 
 10:53:58       0     59     30      -      0      0      0      0      0      0  14801   2955  11478      4      0 
 10:54:03       0     48     29      -      0      0      0      0      0      0  14801   2722  11508      4      0 
 10:54:08       0     48     29      -      0      0      0      0      0      0  14801   2722  11508      4      0 
 10:54:13       0     54     30      -      0      0      0      0      0      0  14801   2955  11530      4      0 
 10:54:18       0     54     30      -      0      0      0      0      0      0  14801   2955  11530      4      0 
 10:54:23       0     48     29      -      0      0      0      0      0      0  14801   2722  11530      4      0 
 10:54:28       0     60     30      -      0      0      0      0      0      0  14801   2955  11530      4      0 
 10:54:33       0     55     30      -    100      1      0      0      0      0  14801   2955  11536      4      0 
 10:54:38       0     48     29      -      0      0      0      0      0      0  14801   2722  11538      4      0 
 10:54:43       0     48     29      -      0      0      0      0      0      0  14801   2722  11538      4      0 
 10:54:48       0     85     32      -      0      0      0      0      0      0  14801   2955  12134      4      0 
 10:54:53       0     60     30      -      0      0      0      0      0      0  14801   2955  12134      4      0 
 10:54:58       0     48     30      -      0      0      0      0      0      0  14801   2722  15116      4      0 
 10:55:03       0     87     40      -    100     34      0      0      0      0  14801   2955  15700      4      0 
 10:55:08       0     48     30      -      0      0      0      0      0      0  14801   2722  15700      4      0 
 10:55:13       0     48     29      -      0      0      0      0      0      0  14801   2722  15700      4      0 
 10:55:18       0     48     29      -      0      0      0      0      0      0  14801   2722  15700      4      0 
 10:55:23       0     25     28      -      0      0      0      0      0      0    810    390  15700      4      0 
 10:55:28       0    259     48      -    100     28      0      0      0      0  14801   2895  15722      4      0 
 10:55:33       0    294     52      -    100     37      0      0      0      0  14801   2887  15722      4      0 
 10:55:38       0    292     56      -    100     11      0      0      0      0  14801   2880  15680      4      0 
 10:55:43       0    291     53      -    100     30      0      0      0      0  14801   2895  15680      4      0 
 10:55:48       0    295     53      -    100     33      0      0      0      0  14801   2880  15680      4      0 
 10:55:53       0    282     48      -     95     51      0      0      0      0  14801   2880  15682      4      0 
 10:55:58       0     48     35      -      0      0      0      0      0      0  14801   2715  15680      4      0 
