#Time         gpu    pwr  gtemp  mtemp     sm    mem    enc    dec    jpg    ofa   mclk   pclk     fb   bar1   ccpm 
#HH:MM:SS     Idx      W      C      C      %      %      %      %      %      %    MHz    MHz     MB     MB     MB 
 06:52:12       0     38     29      -      0      0      0      0      0      0   7001    600      2      1      0 
 06:52:18       0     21     28      -      0      0      0      0      0      0    405    225      2      1      0 
 06:52:23       0     21     27      -      0      0      0      0      0      0    405    225      2      1      0 
 06:52:28       0     33     29      -      0      0      0      0      0      0  14801   2722    338      4      0 
 06:52:33       0     49     29      -      3      0      0      0      0      0  14801   2737   2222      4      0 
 06:52:38       0     48     30      -      0      0      0      0      0      0  14801   2722   2694      4      0 
 06:52:43       0     48     30      -      0      0      0      0      0      0  14801   2722  15096      4      0 
 06:52:48       0     56     30      -      0      0      0      0      0      0  14801   2955  15096      4      0 
 06:52:53       0     49     30      -      0      0      0      0      0      0  14801   2722  11478      4      0 
 06:52:58       0     58     30      -      0      0      0      0      0      0  14801   2955  11478      4      0 
 06:53:03       0     48     29      -      0      0      0      0      0      0  14801   2722  11478      4      0 
 06:53:08       0     48     29      -      0      0      0      0      0      0  14801   2722  11530      4      0 
 06:53:13       0     48     29      -      0      0      0      0      0      0  14801   2722  11530      4      0 
 06:53:18       0     48     29      -      0      0      0      0      0      0  14801   2722  11530      4      0 
 06:53:23       0     51     30      -      0      0      0      0      0      0  14801   2722  11530      4      0 
 06:53:28       0     82     31      -      0      0      0      0      0      0  14801   2955  11538      4      0 
 06:53:33       0     48     29      -      0      0      0      0      0      0  14801   2722  11538      4      0 
 06:53:38       0     48     29      -      0      0      0      0      0      0  14801   2722  11538      4      0 
 06:53:43       0     54     31      -      0      0      0      0      0      0  14801   2955  12134      4      0 
 06:53:48       0     60     30      -      0      0      0      0      0      0  14801   2955  12134      4      0 
 06:53:53       0     48     30      -      1      1      0      0      0      0  14801   2722  15116      4      0 
 06:53:58       0     48     30      -      0      0      0      0      0      0  14801   2722  15116      4      0 
 06:54:03       0    129     46      -    100     27      0      0      0      0  14801   2910  15700      4      0 
 06:54:08       0     48     30      -      0      0      0      0      0      0  14801   2722  15458      4      0 
 06:54:13       0     48     30      -      0      0      0      0      0      0  14801   2722  15458      4      0 
 06:54:18       0     48     30      -      0      0      0      0      0      0  14801   2722  15458      4      0 
 06:54:23       0     25     28      -      0      0      0      0      0      0    810    420  15458      4      0 
 06:54:28       0    181     39      -     95     51      0      0      0      0  14801   2910  15458      4      0 
 06:54:33       0    293     54      -    100     10      0      0      0      0  14801   2887  15676      4      0 
 06:54:38       0    288     56      -    100      0      0      0      0      0  14801   2895  15680      4      0 
 06:54:43       0    189     43      -     95     51      0      0      0      0  14801   2910  15422      4      0 
 06:54:48       0    146     37      -      0      0      0      0      0      0  14801   2940  15416      4      0 
 06:54:53       0    296     57      -     99     28      0      0      0      0  14801   2880  15678      4      0 
 06:54:58       0    299     56      -    100     25      0      0      0      0  14801   2880  15682      4      0 
 06:55:03       0    164     39      -      0      0      0      0      0      0  14801   2940  15206      4      0 
 06:55:08       0     48     36      -      0      0      0      0      0      0  14801   2715  15206      4      0 
