#Time         gpu    pwr  gtemp  mtemp     sm    mem    enc    dec    jpg    ofa   mclk   pclk     fb   bar1   ccpm 
#HH:MM:SS     Idx      W      C      C      %      %      %      %      %      %    MHz    MHz     MB     MB     MB 
 07:47:15       0     40     28      -      0      0      0      0      0      0   7001    525      2      1      0 
 07:47:20       0     20     26      -      0      0      0      0      0      0    405    225      2      1      0 
 07:47:25       0     20     26      -      0      0      0      0      0      0    405    225      2      1      0 
 07:47:30       0     23     27      -      1      0      0      0      0      0  14801   2062    338      4      0 
 07:47:35       0     48     29      -      5      0      0      0      0      0  14801   2737   2264      4      0 
 07:47:40       0     48     29      -      0      0      0      0      0      0  14801   2722   2694      4      0 
 07:47:45       0     48     28      -      0      0      0      0      0      0  14801   2722   2702      4      0 
 07:47:50       0     48     28      -      0      0      0      0      0      0  14801   2722   2702      4      0 
 07:47:55       0     26     27      -      0      0      0      0      0      0    810    420   2702      4      0 
 07:48:00       0     21     25      -      0      0      0      0      0      0    405    225   2702      4      0 
 07:48:05       0     47     28      -      0      0      0      0      0      0  14801   2722  15476      4      0 
 07:48:10       0     54     29      -      0      0      0      0      0      0  14801   2955  15476      4      0 
 07:48:15       0     48     28      -      0      0      0      0      0      0  14801   2722  15476      4      0 
 07:48:20       0     48     28      -      0      0      0      0      0      0  14801   2722  11558      4      0 
 07:48:25       0     48     28      -      0      0      0      0      0      0  14801   2722  11558      4      0 
 07:48:30       0     47     28      -      0      0      0      0      0      0  14801   2722  11590      4      0 
 07:48:35       0     55     29      -      0      0      0      0      0      0  14801   2955  11590      4      0 
 07:48:40       0     48     28      -      0      0      0      0      0      0  14801   2722  11590      4      0 
 07:48:45       0     56     29      -     77      4      0      0      0      0  14801   2955  11590      4      0 
 07:48:50       0     48     28      -      0      0      0      0      0      0  14801   2722  11590      4      0 
 07:48:55       0     48     28      -      0      0      0      0      0      0  14801   2722  11618      4      0 
 07:49:00       0     51     28      -      0      0      0      0      0      0  14801   2722  11618      4      0 
 07:49:05       0    271     47      -    100     32      0      0      0      0  14801   2895  12194      4      0 
 07:49:10       0     57     30      -     92      5      0      0      0      0  14801   2955  12194      4      0 
 07:49:15       0     48     29      -      0      0      0      0      0      0  14801   2722  12194      4      0 
 07:49:20       0     48     29      -      0      0      0      0      0      0  14801   2722  15132      4      0 
 07:49:25       0     64     36      -    100      0      0      0      0      0  14801   2955  15736      4      0 
 07:49:30       0     48     29      -      0      0      0      0      0      0  14801   2722  15736      4      0 
 07:49:35       0     48     29      -      0      0      0      0      0      0  14801   2722  15736      4      0 
 07:49:40       0     48     29      -      0      0      0      0      0      0  14801   2722  15736      4      0 
 07:49:46       0     26     27      -      0      0      0      0      0      0    810    405  15736      4      0 
 07:49:51       0    189     47      -    100     38      0      0      0      0  14801   2910  15738      4      0 
 07:49:56       0    291     50      -    100      8      0      0      0      0  14801   2887  15738      4      0 
 07:50:01       0    291     51      -    100      1      0      0      0      0  14801   2880  15692      4      0 
 07:50:06       0    239     50      -     99     36      0      0      0      0  14801   2902  15696      4      0 
 07:50:11       0    295     49      -    100     31      0      0      0      0  14801   2880  15696      4      0 
 07:50:16       0    292     58      -    100     25      0      0      0      0  14801   2880  15694      4      0 
 07:50:21       0     49     35      -      0      0      0      0      0      0  14801   2715  15696      4      0 
 07:50:26       0     48     34      -      0      0      0      0      0      0  15001   2715      2      1      0 
