#Time         gpu    pwr  gtemp  mtemp     sm    mem    enc    dec    jpg    ofa   mclk   pclk     fb   bar1   ccpm 
#HH:MM:SS     Idx      W      C      C      %      %      %      %      %      %    MHz    MHz     MB     MB     MB 
 23:53:43       0     30     33      -      0      0      0      0      0      0   7001    510      2      1      0 
 23:53:48       0     20     31      -      0      0      0      0      0      0    405    225      2      1      0 
 23:53:53       0     20     31      -      0      0      0      0      0      0    405    225      2      1      0 
 23:53:58       0     25     31      -      1      0      0      0      0      0  14801   1147    338      4      0 
 23:54:03       0     49     32      -      5      0      0      0      0      0  14801   2737   2078      4      0 
 23:54:08       0     48     32      -      0      0      0      0      0      0  14801   2722   2694      4      0 
 23:54:13       0     48     32      -      0      0      0      0      0      0  14801   2722   2702      4      0 
 23:54:18       0     48     31      -      0      0      0      0      0      0  14801   2722   2702      4      0 
 23:54:23       0     21     29      -      0      0      0      0      0      0    405    240   2702      4      0 
 23:54:28       0     20     28      -      0      0      0      0      0      0    405    225   2702      4      0 
 23:54:33       0     48     30      -      0      0      0      0      0      0  14801   2722  15096      4      0 
 23:54:38       0     48     31      -      0      0      0      0      0      0  14801   2722  15096      4      0 
 23:54:43       0     48     30      -      0      0      0      0      0      0  14801   2722  15096      4      0 
 23:54:48       0     53     31      -      0      0      0      0      0      0  14801   2955  15096      4      0 
 23:54:53       0     48     30      -      0      0      0      0      0      0  14801   2722  11478      4      0 
 23:54:58       0     54     31      -      0      0      0      0      0      0  14801   2955  11478      4      0 
 23:55:03       0     48     30      -      0      0      0      0      0      0  14801   2722  11478      4      0 
 23:55:08       0     48     30      -      0      0      0      0      0      0  14801   2722  11478      4      0 
 23:55:13       0     48     30      -      0      0      0      0      0      0  14801   2722  11508      4      0 
 23:55:18       0     48     30      -      0      0      0      0      0      0  14801   2722  11530      4      0 
 23:55:23       0     56     31      -    100      5      0      0      0      0  14801   2902  11530      4      0 
 23:55:28       0     48     30      -      0      0      0      0      0      0  14801   2722  11530      4      0 
 23:55:33       0     55     31      -    100      5      0      0      0      0  14801   2865  11530      4      0 
 23:55:38       0     48     30      -      0      0      0      0      0      0  14801   2722  11530      4      0 
 23:55:43       0     50     30      -      0      0      0      0      0      0  14801   2722  11538      4      0 
 23:55:48       0     54     31      -      0      0      0      0      0      0  14801   2955  11538      4      0 
 23:55:53       0    183     47      -    100     31      0      0      0      0  14801   2902  12134      4      0 
 23:55:58       0     48     30      -      0      0      0      0      0      0  14801   2722  12134      4      0 
 23:56:03       0     48     30      -      0      0      0      0      0      0  14801   2722  12134      4      0 
 23:56:08       0     48     30      -      0      0      0      0      0      0  14801   2722  15116      4      0 
 23:56:13       0     48     30      -      0      0      0      0      0      0  14801   2722  15118      4      0 
 23:56:18       0     53     31      -      0      0      0      0      0      0  14801   2955  15458      4      0 
 23:56:23       0     48     30      -      0      0      0      0      0      0  14801   2722  15458      4      0 
 23:56:28       0     48     30      -      0      0      0      0      0      0  14801   2722  15458      4      0 
 23:56:33       0     45     29      -      0      0      0      0      0      0   7001   2377  15458      4      0 
 23:56:38       0    136     38      -     94     61      0      0      0      0  14801   2910  15458      4      0 
 23:56:43       0    290     50      -    100     30      0      0      0      0  14801   2895  15676      4      0 
 23:56:48       0    295     55      -    100     17      0      0      0      0  14801   2880  15676      4      0 
 23:56:53       0    258     45      -     95     54      0      0      0      0  14801   2895  15422      4      0 
 23:56:58       0    192     44      -     94     58      0      0      0      0  14801   2895  15416      4      0 
 23:57:03       0    293     55      -    100     21      0      0      0      0  14801   2880  15678      4      0 
 23:57:08       0    297     59      -    100     15      0      0      0      0  14801   2880  15678      4      0 
 23:57:13       0    196     46      -     95     53      0      0      0      0  14801   2895  15422      4      0 
 23:57:18       0     49     37      -      0      0      0      0      0      0  14801   2715  15206      4      0 
#Time         gpu    pwr  gtemp  mtemp     sm    mem    enc    dec    jpg    ofa   mclk   pclk     fb   bar1   ccpm 
#HH:MM:SS     Idx      W      C      C      %      %      %      %      %      %    MHz    MHz     MB     MB     MB 
 23:57:23       0     48     36      -      0      0      0      0      0      0  14801   2715      4      2      0 
