#Time         gpu    pwr  gtemp  mtemp     sm    mem    enc    dec    jpg    ofa   mclk   pclk     fb   bar1   ccpm 
#HH:MM:SS     Idx      W      C      C      %      %      %      %      %      %    MHz    MHz     MB     MB     MB 
 00:04:15       0     45     28      -      0      0      0      0      0      0   7001   2670      2      1      0 
 00:04:20       0     20     26      -      0      0      0      0      0      0    405    225      2      1      0 
 00:04:25       0     20     26      -      0      0      0      0      0      0    405    225      2      1      0 
 00:04:30       0     26     27      -      1      0      0      0      0      0  14801    225    338      4      0 
 00:04:35       0     48     28      -      4      0      0      0      0      0  14801   2737   2102      4      0 
 00:04:40       0     48     28      -      0      0      0      0      0      0  14801   2722   2694      4      0 
 00:04:45       0     48     28      -      0      0      0      0      0      0  14801   2722  15096      4      0 
 00:04:50       0     53     29      -      0      0      0      0      0      0  14801   2820  15096      4      0 
 00:04:55       0     48     29      -      0      0      0      0      0      0  14801   2722  11478      4      0 
 00:05:00       0     48     29      -      0      0      0      0      0      0  14801   2722  11478      4      0 
 00:05:05       0     48     29      -      0      0      0      0      0      0  14801   2722  11478      4      0 
 00:05:10       0     48     29      -      0      0      0      0      0      0  14801   2722  11530      4      0 
 00:05:15       0     54     29      -      0      0      0      0      0      0  14801   2955  11530      4      0 
 00:05:20       0     48     29      -      0      0      0      0      0      0  14801   2722  11530      4      0 
 00:05:25       0     60     29      -      0      0      0      0      0      0  14801   2955  11530      4      0 
 00:05:30       0     48     29      -     13      0      0      0      0      0  14801   2722  11536      4      0 
 00:05:35       0     48     29      -      0      0      0      0      0      0  14801   2722  11538      4      0 
 00:05:40       0     48     29      -      0      0      0      0      0      0  14801   2722  11538      4      0 
 00:05:45       0    272     48      -    100     25      0      0      0      0  14801   2910  12134      4      0 
 00:05:50       0     48     29      -      0      0      0      0      0      0  14801   2722  12134      4      0 
 00:05:55       0     48     29      -      0      0      0      0      0      0  14801   2722  12134      4      0 
 00:06:00       0     48     29      -      0      0      0      0      0      0  14801   2722  15116      4      0 
 00:06:05       0     79     39      -    100     21      0      0      0      0  14801   2955  15700      4      0 
 00:06:10       0     48     30      -      0      0      0      0      0      0  14801   2722  15458      4      0 
 00:06:15       0     48     29      -      0      0      0      0      0      0  14801   2722  15458      4      0 
 00:06:20       0     48     29      -      0      0      0      0      0      0  14801   2722  15458      4      0 
 00:06:25       0     22     27      -      0      0      0      0      0      0    810    255  15458      4      0 
 00:06:30       0    181     38      -     95     50      0      0      0      0  14801   2910  15458      4      0 
 00:06:35       0     48     30      -      0      0      0      0      0      0  14801   2722  15458      4      0 
 00:06:40       0     48     30      -      0      0      0      0      0      0  14801   2722  15676      4      0 
 00:06:45       0    292     54      -    100      7      0      0      0      0  14801   2895  15676      4      0 
 00:06:50       0    296     56      -    100      0      0      0      0      0  14801   2880  15680      4      0 
 00:06:55       0    298     55      -     98     34      0      0      0      0  14801   2880  15680      4      0 
 00:07:00       0    293     55      -    100     30      0      0      0      0  14801   2880  15680      4      0 
 00:07:05       0    292     56      -    100      7      0      0      0      0  14801   2880  15698      4      0 
 00:07:10       0    294     56      -    100     28      0      0      0      0  14801   2880  15698      4      0 
 00:07:15       0    296     57      -    100     28      0      0      0      0  14801   2880  15698      4      0 
 00:07:20       0    298     56      -    100     12      0      0      0      0  14801   2880  15698      4      0 
 00:07:25       0    302     56      -    100     21      0      0      0      0  14801   2880  15702      4      0 
 00:07:30       0    305     58      -    100      2      0      0      0      0  14801   2880  15702      4      0 
 00:07:35       0    309     57      -    100     20      0      0      0      0  14801   2887  15702      4      0 
 00:07:40       0    308     53      -    100      8      0      0      0      0  14801   2880  15702      4      0 
 00:07:45       0    309     58      -    100      2      0      0      0      0  14801   2880  15702      4      0 
 00:07:50       0    309     54      -    100     13      0      0      0      0  14801   2887  15678      4      0 
#Time         gpu    pwr  gtemp  mtemp     sm    mem    enc    dec    jpg    ofa   mclk   pclk     fb   bar1   ccpm 
#HH:MM:SS     Idx      W      C      C      %      %      %      %      %      %    MHz    MHz     MB     MB     MB 
 00:07:55       0    311     58      -    100      2      0      0      0      0  14801   2880  15678      4      0 
 00:08:00       0    308     57      -    100      2      0      0      0      0  14801   2880  15678      4      0 
 00:08:05       0    308     54      -    100     28      0      0      0      0  14801   2887  15678      4      0 
 00:08:10       0    306     57      -    100      2      0      0      0      0  14801   2887  15678      4      0 
 00:08:15       0    309     57      -    100      2      0      0      0      0  14801   2880  15678      4      0 
 00:08:20       0    306     52      -    100     28      0      0      0      0  14801   2887  15678      4      0 
 00:08:25       0    309     57      -    100      2      0      0      0      0  14801   2887  15678      4      0 
 00:08:30       0    308     57      -    100      2      0      0      0      0  14801   2880  15678      4      0 
 00:08:35       0    310     57      -    100      2      0      0      0      0  14801   2887  15678      4      0 
 00:08:40       0    307     56      -    100      3      0      0      0      0  14801   2887  15678      4      0 
 00:08:45       0    309     57      -    100      2      0      0      0      0  14801   2880  15678      4      0 
 00:08:50       0    310     57      -    100      2      0      0      0      0  14801   2880  15678      4      0 
 00:08:55       0    310     58      -    100      2      0      0      0      0  14801   2880  15678      4      0 
 00:09:00       0    310     57      -    100      2      0      0      0      0  14801   2880  15678      4      0 
 00:09:05       0    305     52      -    100     22      0      0      0      0  14801   2887  15698      4      0 
 00:09:10       0    309     57      -    100      2      0      0      0      0  14801   2880  15698      4      0 
 00:09:15       0    308     57      -    100      2      0      0      0      0  14801   2887  15698      4      0 
 00:09:20       0    309     57      -    100      2      0      0      0      0  14801   2887  15698      4      0 
 00:09:25       0    305     54      -    100     29      0      0      0      0  14801   2887  15698      4      0 
 00:09:30       0    310     58      -    100      2      0      0      0      0  14801   2880  15698      4      0 
 00:09:35       0    309     58      -    100      2      0      0      0      0  14801   2880  15698      4      0 
 00:09:40       0    306     57      -    100      2      0      0      0      0  14801   2880  15698      4      0 
 00:09:45       0    306     55      -    100      3      0      0      0      0  14801   2887  15096      4      0 
 00:09:50       0    306     56      -    100      2      0      0      0      0  14801   2887  15698      4      0 
 00:09:55       0    309     57      -    100      2      0      0      0      0  14801   2887  15698      4      0 
 00:10:00       0    308     58      -    100      2      0      0      0      0  14801   2887  15698      4      0 
 00:10:05       0    309     58      -    100      2      0      0      0      0  14801   2887  15698      4      0 
 00:10:10       0    306     57      -    100      2      0      0      0      0  14801   2887  15698      4      0 
 00:10:15       0    308     56      -    100      2      0      0      0      0  14801   2887  15698      4      0 
 00:10:20       0    307     57      -    100      2      0      0      0      0  14801   2887  15698      4      0 
 00:10:25       0    308     57      -    100      2      0      0      0      0  14801   2880  15698      4      0 
 00:10:30       0    309     57      -    100      2      0      0      0      0  14801   2887  15698      4      0 
 00:10:35       0    308     58      -    100      2      0      0      0      0  14801   2880  15698      4      0 
 00:10:40       0    309     53      -    100     13      0      0      0      0  14801   2887  15682      4      0 
 00:10:45       0    308     57      -    100      2      0      0      0      0  14801   2887  15682      4      0 
 00:10:50       0    305     57      -    100      2      0      0      0      0  14801   2887  15682      4      0 
 00:10:55       0    307     57      -    100      2      0      0      0      0  14801   2887  15682      4      0 
 00:11:00       0    307     57      -    100      2      0      0      0      0  14801   2887  15682      4      0 
 00:11:05       0    307     57      -    100      2      0      0      0      0  14801   2887  15682      4      0 
 00:11:10       0    309     51      -    100     12      0      0      0      0  14801   2887  15682      4      0 
 00:11:15       0    308     57      -    100      2      0      0      0      0  14801   2887  15682      4      0 
 00:11:20       0    307     57      -    100      2      0      0      0      0  14801   2887  15682      4      0 
 00:11:25       0    305     57      -    100      2      0      0      0      0  14801   2895  15682      4      0 
 00:11:30       0    306     57      -    100      2      0      0      0      0  14801   2880  15682      4      0 
#Time         gpu    pwr  gtemp  mtemp     sm    mem    enc    dec    jpg    ofa   mclk   pclk     fb   bar1   ccpm 
#HH:MM:SS     Idx      W      C      C      %      %      %      %      %      %    MHz    MHz     MB     MB     MB 
 00:11:35       0    307     57      -    100      2      0      0      0      0  14801   2887  15682      4      0 
 00:11:40       0    304     57      -    100      2      0      0      0      0  14801   2887  15682      4      0 
 00:11:45       0    307     58      -    100      2      0      0      0      0  14801   2887  15682      4      0 
 00:11:50       0    307     58      -    100      2      0      0      0      0  14801   2887  15682      4      0 
 00:11:55       0    304     57      -    100      2      0      0      0      0  14801   2887  15682      4      0 
 00:12:00       0    306     57      -    100      2      0      0      0      0  14801   2887  15682      4      0 
 00:12:05       0    306     52      -    100     17      0      0      0      0  14801   2887  15682      4      0 
 00:12:10       0    312     57      -    100      2      0      0      0      0  14801   2887  15682      4      0 
 00:12:15       0    306     58      -    100      2      0      0      0      0  14801   2887  15682      4      0 
 00:12:20       0    306     58      -    100      2      0      0      0      0  14801   2887  15682      4      0 
 00:12:25       0    306     57      -    100      2      0      0      0      0  14801   2887  15682      4      0 
 00:12:30       0    312     57      -    100      2      0      0      0      0  14801   2887  15682      4      0 
 00:12:35       0    286     57      -    100      2      0      0      0      0  14801   2887  15702      4      0 
 00:12:40       0    306     57      -    100      2      0      0      0      0  14801   2887  15702      4      0 
 00:12:45       0    309     57      -    100      2      0      0      0      0  14801   2887  15702      4      0 
 00:12:50       0    307     58      -    100      2      0      0      0      0  14801   2880  15702      4      0 
 00:12:55       0    307     51      -    100      8      0      0      0      0  14801   2887  15702      4      0 
 00:13:00       0    303     58      -    100      2      0      0      0      0  14801   2887  15702      4      0 
 00:13:05       0    306     56      -    100      2      0      0      0      0  14801   2887  15702      4      0 
 00:13:10       0    305     57      -    100      2      0      0      0      0  14801   2887  15702      4      0 
 00:13:15       0    305     56      -    100      2      0      0      0      0  14801   2887  15702      4      0 
 00:13:20       0    306     57      -    100      2      0      0      0      0  14801   2887  15702      4      0 
 00:13:25       0    307     54      -     99     33      0      0      0      0  14801   2887  15702      4      0 
 00:13:30       0    305     58      -    100      2      0      0      0      0  14801   2887  15702      4      0 
 00:13:35       0    313     58      -    100      2      0      0      0      0  14801   2880  15702      4      0 
 00:13:40       0    306     57      -    100      2      0      0      0      0  14801   2887  15702      4      0 
 00:13:45       0    304     57      -    100      2      0      0      0      0  14801   2887  15702      4      0 
 00:13:50       0    308     54      -    100      2      0      0      0      0  14801   2887  15702      4      0 
 00:13:55       0    305     57      -    100      2      0      0      0      0  14801   2887  15702      4      0 
 00:14:00       0    306     58      -    100      2      0      0      0      0  14801   2880  15702      4      0 
 00:14:05       0    313     58      -    100      2      0      0      0      0  14801   2887  15702      4      0 
 00:14:10       0    301     56      -    100      7      0      0      0      0  14801   2887  15702      4      0 
 00:14:15       0    305     57      -    100      2      0      0      0      0  14801   2887  15702      4      0 
 00:14:20       0    305     57      -    100      2      0      0      0      0  14801   2880  15702      4      0 
 00:14:25       0    312     57      -    100      2      0      0      0      0  14801   2887  15702      4      0 
 00:14:30       0    305     53      -    100     26      0      0      0      0  14801   2887  15702      4      0 
 00:14:35       0    305     58      -    100      2      0      0      0      0  14801   2887  15702      4      0 
 00:14:40       0    305     58      -    100      2      0      0      0      0  14801   2887  15702      4      0 
 00:14:45       0    306     58      -    100      2      0      0      0      0  14801   2887  15702      4      0 
 00:14:50       0    312     57      -    100      2      0      0      0      0  14801   2887  15702      4      0 
 00:14:55       0    313     57      -    100      2      0      0      0      0  14801   2887  15702      4      0 
 00:15:00       0    312     57      -    100      2      0      0      0      0  14801   2887  15680      4      0 
 00:15:05       0    305     52      -    100     22      0      0      0      0  14801   2887  15680      4      0 
 00:15:10       0    304     52      -    100     30      0      0      0      0  14801   2887  15680      4      0 
#Time         gpu    pwr  gtemp  mtemp     sm    mem    enc    dec    jpg    ofa   mclk   pclk     fb   bar1   ccpm 
#HH:MM:SS     Idx      W      C      C      %      %      %      %      %      %    MHz    MHz     MB     MB     MB 
 00:15:15       0    305     57      -    100      2      0      0      0      0  14801   2887  15680      4      0 
 00:15:20       0    304     57      -    100      2      0      0      0      0  14801   2887  15680      4      0 
 00:15:25       0    304     57      -    100      2      0      0      0      0  14801   2887  15680      4      0 
 00:15:30       0    304     57      -    100      2      0      0      0      0  14801   2887  15680      4      0 
 00:15:35       0    304     57      -    100      2      0      0      0      0  14801   2887  15680      4      0 
 00:15:40       0    303     57      -    100      2      0      0      0      0  14801   2887  15680      4      0 
 00:15:46       0    304     58      -    100      2      0      0      0      0  14801   2887  15680      4      0 
 00:15:51       0    304     57      -    100      2      0      0      0      0  14801   2887  15680      4      0 
 00:15:56       0    304     57      -    100      2      0      0      0      0  14801   2887  15680      4      0 
 00:16:01       0    304     51      -    100     22      0      0      0      0  14801   2887  15680      4      0 
 00:16:06       0    305     50      -    100      9      0      0      0      0  14801   2887  15680      4      0 
 00:16:11       0    312     57      -    100      2      0      0      0      0  14801   2887  15680      4      0 
 00:16:16       0    313     58      -    100      2      0      0      0      0  14801   2887  15680      4      0 
 00:16:21       0    303     58      -    100      2      0      0      0      0  14801   2887  15680      4      0 
 00:16:26       0    305     58      -    100      2      0      0      0      0  14801   2887  15680      4      0 
 00:16:31       0    303     57      -    100      2      0      0      0      0  14801   2887  15680      4      0 
 00:16:36       0    303     57      -    100      2      0      0      0      0  14801   2887  15680      4      0 
 00:16:41       0    303     51      -    100      3      0      0      0      0  14801   2887  15680      4      0 
 00:16:46       0    313     57      -    100      2      0      0      0      0  14801   2887  15680      4      0 
 00:16:51       0    309     58      -    100      2      0      0      0      0  14801   2880  15680      4      0 
 00:16:56       0    302     58      -    100      2      0      0      0      0  14801   2887  15680      4      0 
 00:17:01       0    300     58      -    100      2      0      0      0      0  14801   2880  15680      4      0 
 00:17:06       0    304     53      -    100     25      0      0      0      0  14801   2887  15680      4      0 
 00:17:11       0    313     57      -    100      2      0      0      0      0  14801   2887  15680      4      0 
 00:17:16       0    303     57      -    100      2      0      0      0      0  14801   2887  15680      4      0 
 00:17:21       0    302     57      -    100      2      0      0      0      0  14801   2880  15680      4      0 
 00:17:26       0    303     58      -    100      2      0      0      0      0  14801   2887  15680      4      0 
 00:17:31       0    304     52      -    100     24      0      0      0      0  14801   2887  15680      4      0 
 00:17:36       0    312     58      -    100      2      0      0      0      0  14801   2887  15680      4      0 
 00:17:41       0    304     57      -    100      2      0      0      0      0  14801   2887  15680      4      0 
 00:17:46       0    301     55      -    100     14      0      0      0      0  14801   2887  15700      4      0 
 00:17:51       0    294     57      -    100      2      0      0      0      0  14801   2887  15700      4      0 
 00:17:56       0    283     58      -    100      2      0      0      0      0  14801   2880  15700      4      0 
 00:18:01       0    290     59      -    100      2      0      0      0      0  14801   2880  15700      4      0 
 00:18:06       0    304     60      -    100      2      0      0      0      0  14801   2887  15700      4      0 
 00:18:11       0    301     59      -    100      2      0      0      0      0  14801   2887  15700      4      0 
 00:18:16       0    305     57      -    100     15      0      0      0      0  14801   2887  15700      4      0 
 00:18:21       0    313     58      -    100      2      0      0      0      0  14801   2887  15700      4      0 
 00:18:26       0    303     58      -    100      2      0      0      0      0  14801   2887  15700      4      0 
 00:18:31       0    313     58      -    100      2      0      0      0      0  14801   2887  15700      4      0 
 00:18:36       0    303     58      -    100      2      0      0      0      0  14801   2887  15700      4      0 
 00:18:41       0    301     53      -    100     22      0      0      0      0  14801   2887  15700      4      0 
 00:18:46       0    313     58      -    100      2      0      0      0      0  14801   2887  15700      4      0 
 00:18:51       0    302     58      -    100      2      0      0      0      0  14801   2887  15700      4      0 
#Time         gpu    pwr  gtemp  mtemp     sm    mem    enc    dec    jpg    ofa   mclk   pclk     fb   bar1   ccpm 
#HH:MM:SS     Idx      W      C      C      %      %      %      %      %      %    MHz    MHz     MB     MB     MB 
 00:18:56       0    312     57      -    100      2      0      0      0      0  14801   2887  15700      4      0 
 00:19:01       0    296     57      -    100      2      0      0      0      0  14801   2887  15700      4      0 
 00:19:06       0    305     58      -    100      2      0      0      0      0  14801   2887  15700      4      0 
 00:19:11       0    299     58      -    100      2      0      0      0      0  14801   2887  15700      4      0 
 00:19:16       0    305     52      -    100     13      0      0      0      0  14801   2887  15098      4      0 
 00:19:21       0    302     58      -    100      2      0      0      0      0  14801   2887  15702      4      0 
 00:19:26       0    310     58      -    100      2      0      0      0      0  14801   2887  15702      4      0 
 00:19:31       0    301     57      -    100      2      0      0      0      0  14801   2887  15702      4      0 
 00:19:36       0    313     57      -    100      2      0      0      0      0  14801   2887  15702      4      0 
 00:19:41       0    268     48      -    100      8      0      0      0      0  14801   2887  15704      4      0 
 00:19:46       0    200     44      -     97     60      0      0      0      0  14801   2910  15468      4      0 
 00:19:51       0    188     43      -     95     57      0      0      0      0  14801   2895  15416      4      0 
 00:19:56       0     48     34      -      0      0      0      0      0      0  14801   2715  15416      4      0 
 00:20:01       0     48     33      -      0      0      0      0      0      0  14801   2722  15416      4      0 
 00:20:06       0    295     53      -    100     28      0      0      0      0  14801   2880  15678      4      0 
 00:20:11       0    295     56      -    100     16      0      0      0      0  14801   2880  15682      4      0 
 00:20:16       0    302     57      -    100     25      0      0      0      0  14801   2880  15682      4      0 
 00:20:21       0    302     61      -    100      1      0      0      0      0  14801   2872  15682      4      0 
 00:20:26       0    298     60      -    100      2      0      0      0      0  14801   2887  15700      4      0 
 00:20:31       0    303     60      -    100      2      0      0      0      0  14801   2880  15700      4      0 
 00:20:36       0    307     57      -    100     20      0      0      0      0  14801   2880  15700      4      0 
 00:20:41       0    308     55      -    100     23      0      0      0      0  14801   2880  15700      4      0 
 00:20:46       0    304     58      -    100      2      0      0      0      0  14801   2880  15704      4      0 
 00:20:51       0    309     58      -    100      2      0      0      0      0  14801   2880  15704      4      0 
 00:20:56       0    309     58      -    100      2      0      0      0      0  14801   2880  15704      4      0 
 00:21:01       0    309     58      -    100      2      0      0      0      0  14801   2887  15704      4      0 
 00:21:06       0    307     58      -    100      2      0      0      0      0  14801   2880  15704      4      0 
 00:21:11       0    307     57      -    100      2      0      0      0      0  14801   2880  15704      4      0 
 00:21:16       0    310     57      -    100      2      0      0      0      0  14801   2880  15680      4      0 
 00:21:21       0    307     58      -    100      2      0      0      0      0  14801   2880  15680      4      0 
 00:21:26       0    306     54      -    100     26      0      0      0      0  14801   2880  15680      4      0 
 00:21:31       0    307     58      -    100      2      0      0      0      0  14801   2880  15680      4      0 
 00:21:36       0    311     58      -    100      2      0      0      0      0  14801   2880  15680      4      0 
 00:21:41       0    310     58      -    100      2      0      0      0      0  14801   2880  15680      4      0 
 00:21:46       0    305     57      -    100      2      0      0      0      0  14801   2887  15680      4      0 
 00:21:51       0    308     53      -    100      2      0      0      0      0  14801   2880  15680      4      0 
 00:21:56       0    307     57      -    100      2      0      0      0      0  14801   2880  15680      4      0 
 00:22:01       0    309     58      -    100      2      0      0      0      0  14801   2880  15680      4      0 
 00:22:06       0    305     57      -    100     18      0      0      0      0  14801   2880  15680      4      0 
 00:22:11       0    304     57      -    100     20      0      0      0      0  14801   2880  15680      4      0 
 00:22:16       0    304     57      -    100     23      0      0      0      0  14801   2880  15680      4      0 
 00:22:21       0    304     54      -    100     11      0      0      0      0  14801   2880  15680      4      0 
 00:22:26       0    307     57      -    100      2      0      0      0      0  14801   2880  15700      4      0 
 00:22:31       0    309     57      -    100      2      0      0      0      0  14801   2880  15700      4      0 
#Time         gpu    pwr  gtemp  mtemp     sm    mem    enc    dec    jpg    ofa   mclk   pclk     fb   bar1   ccpm 
#HH:MM:SS     Idx      W      C      C      %      %      %      %      %      %    MHz    MHz     MB     MB     MB 
 00:22:36       0    304     55      -    100     12      0      0      0      0  14801   2887  15700      4      0 
 00:22:41       0    308     58      -    100      2      0      0      0      0  14801   2880  15700      4      0 
 00:22:46       0    308     53      -    100      2      0      0      0      0  14801   2887  15700      4      0 
 00:22:51       0    308     57      -    100      2      0      0      0      0  14801   2880  15700      4      0 
 00:22:56       0    308     57      -    100      2      0      0      0      0  14801   2887  15700      4      0 
 00:23:01       0    308     57      -    100      2      0      0      0      0  14801   2887  15700      4      0 
 00:23:06       0    308     53      -    100      2      0      0      0      0  14801   2880  15700      4      0 
 00:23:11       0    307     53      -    100      2      0      0      0      0  14801   2880  15700      4      0 
 00:23:16       0    308     58      -    100      2      0      0      0      0  14801   2887  15700      4      0 
 00:23:21       0    307     58      -    100      2      0      0      0      0  14801   2880  15700      4      0 
 00:23:26       0    308     57      -    100      2      0      0      0      0  14801   2887  15700      4      0 
 00:23:31       0    307     57      -    100      2      0      0      0      0  14801   2880  15700      4      0 
 00:23:36       0    307     57      -    100      2      0      0      0      0  14801   2880  15700      4      0 
 00:23:41       0    307     58      -    100      2      0      0      0      0  14801   2887  15700      4      0 
 00:23:46       0    308     58      -    100      2      0      0      0      0  14801   2880  15700      4      0 
 00:23:51       0    307     56      -     98     31      0      0      0      0  14801   2887  15700      4      0 
 00:23:56       0    307     58      -    100      2      0      0      0      0  14801   2887  15700      4      0 
 00:24:01       0    307     57      -    100     19      0      0      0      0  14801   2887  15684      4      0 
 00:24:06       0    306     57      -    100      2      0      0      0      0  14801   2880  15684      4      0 
 00:24:11       0    308     53      -    100      8      0      0      0      0  14801   2887  15684      4      0 
 00:24:16       0    307     57      -    100      2      0      0      0      0  14801   2887  15684      4      0 
 00:24:21       0    307     58      -    100      2      0      0      0      0  14801   2887  15684      4      0 
 00:24:26       0    311     58      -    100      2      0      0      0      0  14801   2880  15684      4      0 
 00:24:31       0    306     57      -    100      2      0      0      0      0  14801   2880  15684      4      0 
 00:24:36       0    307     57      -    100      2      0      0      0      0  14801   2887  15684      4      0 
 00:24:41       0    305     57      -    100      2      0      0      0      0  14801   2880  15684      4      0 
 00:24:46       0    306     57      -    100      2      0      0      0      0  14801   2880  15684      4      0 
 00:24:51       0    306     58      -    100      2      0      0      0      0  14801   2880  15684      4      0 
 00:24:56       0    306     58      -    100      2      0      0      0      0  14801   2887  15684      4      0 
 00:25:01       0    307     58      -    100      2      0      0      0      0  14801   2880  15684      4      0 
 00:25:06       0    305     57      -    100      2      0      0      0      0  14801   2880  15684      4      0 
 00:25:11       0    305     57      -    100      2      0      0      0      0  14801   2880  15684      4      0 
 00:25:16       0    305     57      -    100      2      0      0      0      0  14801   2880  15684      4      0 
 00:25:21       0    305     57      -    100      2      0      0      0      0  14801   2880  15684      4      0 
 00:25:26       0    305     57      -    100      2      0      0      0      0  14801   2887  15684      4      0 
 00:25:31       0    306     58      -    100      2      0      0      0      0  14801   2887  15684      4      0 
 00:25:36       0    306     58      -    100      2      0      0      0      0  14801   2880  15684      4      0 
 00:25:41       0    305     57      -    100     21      0      0      0      0  14801   2887  15684      4      0 
 00:25:46       0    307     54      -    100      2      0      0      0      0  14801   2880  15684      4      0 
 00:25:51       0    304     57      -    100      2      0      0      0      0  14801   2880  15684      4      0 
 00:25:56       0    300     57      -    100      2      0      0      0      0  14801   2887  15704      4      0 
 00:26:01       0    306     52      -    100      2      0      0      0      0  14801   2887  15704      4      0 
 00:26:06       0    305     58      -    100      2      0      0      0      0  14801   2887  15704      4      0 
 00:26:11       0    305     57      -    100      2      0      0      0      0  14801   2887  15704      4      0 
#Time         gpu    pwr  gtemp  mtemp     sm    mem    enc    dec    jpg    ofa   mclk   pclk     fb   bar1   ccpm 
#HH:MM:SS     Idx      W      C      C      %      %      %      %      %      %    MHz    MHz     MB     MB     MB 
 00:26:16       0    311     57      -    100      2      0      0      0      0  14801   2880  15704      4      0 
 00:26:21       0    304     57      -    100      2      0      0      0      0  14801   2880  15704      4      0 
 00:26:26       0    312     57      -    100      2      0      0      0      0  14801   2880  15704      4      0 
 00:26:31       0    304     57      -    100      2      0      0      0      0  14801   2887  15704      4      0 
 00:26:36       0    306     52      -    100      2      0      0      0      0  14801   2880  15704      4      0 
 00:26:41       0    305     58      -    100      2      0      0      0      0  14801   2887  15704      4      0 
 00:26:46       0    313     58      -    100      2      0      0      0      0  14801   2880  15704      4      0 
 00:26:51       0    305     57      -    100      2      0      0      0      0  14801   2880  15704      4      0 
 00:26:56       0    308     57      -    100      2      0      0      0      0  14801   2880  15704      4      0 
 00:27:01       0    305     57      -    100     26      0      0      0      0  14801   2887  15704      4      0 
 00:27:06       0    304     57      -    100      2      0      0      0      0  14801   2880  15704      4      0 
 00:27:11       0    313     58      -    100      2      0      0      0      0  14801   2887  15704      4      0 
 00:27:16       0    304     57      -    100     28      0      0      0      0  14801   2887  15704      4      0 
 00:27:21       0    305     58      -    100      2      0      0      0      0  14801   2880  15704      4      0 
 00:27:26       0    311     57      -    100      2      0      0      0      0  14801   2887  15704      4      0 
 00:27:31       0    305     53      -    100     31      0      0      0      0  14801   2887  15704      4      0 
 00:27:36       0    304     57      -    100      2      0      0      0      0  14801   2880  15704      4      0 
 00:27:41       0    302     57      -    100      2      0      0      0      0  14801   2880  15704      4      0 
 00:27:46       0    312     58      -    100      2      0      0      0      0  14801   2887  15704      4      0 
 00:27:51       0    312     58      -    100      2      0      0      0      0  14801   2880  15704      4      0 
 00:27:56       0    304     57      -    100      2      0      0      0      0  14801   2887  15704      4      0 
 00:28:01       0    303     57      -    100      2      0      0      0      0  14801   2887  15704      4      0 
 00:28:06       0    304     57      -    100      2      0      0      0      0  14801   2887  15704      4      0 
 00:28:11       0    304     57      -    100      2      0      0      0      0  14801   2880  15704      4      0 
 00:28:16       0    312     58      -    100      2      0      0      0      0  14801   2880  15704      4      0 
 00:28:21       0    311     58      -    100      2      0      0      0      0  14801   2880  15682      4      0 
 00:28:26       0    313     58      -    100      2      0      0      0      0  14801   2887  15682      4      0 
 00:28:31       0    311     57      -    100      2      0      0      0      0  14801   2880  15682      4      0 
 00:28:36       0    304     51      -    100     18      0      0      0      0  14801   2887  15682      4      0 
 00:28:41       0    304     52      -    100     17      0      0      0      0  14801   2887  15682      4      0 
 00:28:46       0    303     56      -    100     11      0      0      0      0  14801   2887  15682      4      0 
 00:28:51       0    303     55      -    100     18      0      0      0      0  14801   2887  15682      4      0 
 00:28:56       0    303     57      -    100      2      0      0      0      0  14801   2887  15682      4      0 
 00:29:01       0    303     56      -    100     19      0      0      0      0  14801   2887  15682      4      0 
 00:29:06       0    303     56      -    100     13      0      0      0      0  14801   2887  15682      4      0 
 00:29:11       0    303     51      -    100     16      0      0      0      0  14801   2887  15682      4      0 
 00:29:16       0    303     50      -    100     16      0      0      0      0  14801   2887  15682      4      0 
 00:29:21       0    311     57      -    100      2      0      0      0      0  14801   2880  15682      4      0 
 00:29:26       0    312     57      -    100      2      0      0      0      0  14801   2880  15682      4      0 
 00:29:31       0    312     58      -    100      2      0      0      0      0  14801   2880  15682      4      0 
 00:29:36       0    311     58      -    100      2      0      0      0      0  14801   2880  15682      4      0 
 00:29:41       0    302     57      -    100      2      0      0      0      0  14801   2880  15682      4      0 
 00:29:46       0    303     57      -    100      2      0      0      0      0  14801   2887  15682      4      0 
 00:29:51       0    301     57      -    100      2      0      0      0      0  14801   2880  15682      4      0 
#Time         gpu    pwr  gtemp  mtemp     sm    mem    enc    dec    jpg    ofa   mclk   pclk     fb   bar1   ccpm 
#HH:MM:SS     Idx      W      C      C      %      %      %      %      %      %    MHz    MHz     MB     MB     MB 
 00:29:56       0    303     55      -    100     20      0      0      0      0  14801   2887  15682      4      0 
 00:30:01       0    311     57      -    100      2      0      0      0      0  14801   2880  15682      4      0 
 00:30:06       0    312     58      -    100      2      0      0      0      0  14801   2880  15682      4      0 
 00:30:11       0    301     58      -    100      2      0      0      0      0  14801   2880  15682      4      0 
 00:30:16       0    302     57      -    100      2      0      0      0      0  14801   2880  15682      4      0 
 00:30:21       0    300     56      -    100      7      0      0      0      0  14801   2887  15682      4      0 
 00:30:26       0    311     57      -    100      2      0      0      0      0  14801   2887  15682      4      0 
 00:30:31       0    312     57      -    100      2      0      0      0      0  14801   2880  15682      4      0 
 00:30:36       0    304     57      -    100      2      0      0      0      0  14801   2887  15682      4      0 
 00:30:41       0    303     58      -    100      2      0      0      0      0  14801   2887  15682      4      0 
 00:30:46       0    312     58      -    100      2      0      0      0      0  14801   2880  15682      4      0 
 00:30:51       0    312     57      -    100      2      0      0      0      0  14801   2880  15682      4      0 
 00:30:57       0    302     57      -    100      2      0      0      0      0  14801   2887  15682      4      0 
 00:31:02       0    302     56      -    100      4      0      0      0      0  14801   2887  15682      4      0 
 00:31:07       0    310     57      -    100      2      0      0      0      0  14801   2880  15702      4      0 
 00:31:12       0    302     58      -    100      2      0      0      0      0  14801   2880  15702      4      0 
 00:31:17       0    301     52      -     98     32      0      0      0      0  14801   2887  15702      4      0 
 00:31:22       0    312     57      -    100      2      0      0      0      0  14801   2880  15702      4      0 
 00:31:27       0    301     57      -    100      2      0      0      0      0  14801   2880  15702      4      0 
 00:31:32       0    301     53      -    100     26      0      0      0      0  14801   2887  15702      4      0 
 00:31:37       0    311     57      -    100      2      0      0      0      0  14801   2880  15702      4      0 
 00:31:42       0    302     57      -    100      2      0      0      0      0  14801   2887  15702      4      0 
 00:31:47       0    312     58      -    100      2      0      0      0      0  14801   2880  15702      4      0 
 00:31:52       0    308     58      -    100      2      0      0      0      0  14801   2880  15702      4      0 
 00:31:57       0    302     57      -    100      2      0      0      0      0  14801   2887  15702      4      0 
 00:32:02       0    312     57      -    100      2      0      0      0      0  14801   2880  15702      4      0 
 00:32:07       0    302     57      -    100      2      0      0      0      0  14801   2887  15702      4      0 
 00:32:12       0    312     57      -    100      2      0      0      0      0  14801   2887  15702      4      0 
 00:32:17       0    301     57      -    100      2      0      0      0      0  14801   2880  15702      4      0 
 00:32:22       0    302     52      -    100     27      0      0      0      0  14801   2887  15702      4      0 
 00:32:27       0    309     58      -    100      2      0      0      0      0  14801   2880  15702      4      0 
 00:32:32       0    294     57      -    100      2      0      0      0      0  14801   2887  15702      4      0 
 00:32:37       0    304     57      -    100      2      0      0      0      0  14801   2880  15702      4      0 
 00:32:42       0    293     56      -    100     11      0      0      0      0  14801   2887  15704      4      0 
 00:32:47       0    303     58      -    100      2      0      0      0      0  14801   2880  15704      4      0 
 00:32:52       0    293     57      -    100      2      0      0      0      0  14801   2887  15704      4      0 
 00:32:57       0    307     58      -    100      2      0      0      0      0  14801   2880  15704      4      0 
 00:33:02       0    294     56      -    100      5      0      0      0      0  14801   2887  15704      4      0 
 00:33:07       0    196     42      -     98     51      0      0      0      0  14801   2917  15468      4      0 
 00:33:12       0    287     51      -    100     25      0      0      0      0  14801   2887  15678      4      0 
 00:33:17       0    197     43      -     95     58      0      0      0      0  14801   2895  15416      4      0 
 00:33:22       0    213     45      -     94     63      0      0      0      0  14801   2895  15416      4      0 
 00:33:27       0    214     45      -     94     63      0      0      0      0  14801   2895  15416      4      0 
 00:33:32       0    215     46      -     94     62      0      0      0      0  14801   2895  15416      4      0 
#Time         gpu    pwr  gtemp  mtemp     sm    mem    enc    dec    jpg    ofa   mclk   pclk     fb   bar1   ccpm 
#HH:MM:SS     Idx      W      C      C      %      %      %      %      %      %    MHz    MHz     MB     MB     MB 
 00:33:37       0    215     47      -     94     63      0      0      0      0  14801   2895  15416      4      0 
 00:33:42       0    215     47      -     94     63      0      0      0      0  14801   2895  15416      4      0 
 00:33:47       0    216     48      -     94     63      0      0      0      0  14801   2895  15416      4      0 
 00:33:52       0    216     48      -     94     63      0      0      0      0  14801   2895  15416      4      0 
 00:33:57       0    216     48      -     93     63      0      0      0      0  14801   2895  15416      4      0 
 00:34:02       0    217     49      -     94     63      0      0      0      0  14801   2895  15416      4      0 
 00:34:07       0    216     49      -     93     63      0      0      0      0  14801   2895  15416      4      0 
 00:34:12       0    217     49      -     94     63      0      0      0      0  14801   2895  15416      4      0 
 00:34:17       0    218     50      -     94     63      0      0      0      0  14801   2895  15416      4      0 
 00:34:22       0    217     50      -     94     63      0      0      0      0  14801   2895  15416      4      0 
 00:34:27       0    217     50      -     94     63      0      0      0      0  14801   2895  15416      4      0 
 00:34:32       0    217     50      -     94     63      0      0      0      0  14801   2895  15416      4      0 
 00:34:37       0    218     50      -     94     63      0      0      0      0  14801   2895  15416      4      0 
 00:34:42       0    218     50      -     94     63      0      0      0      0  14801   2895  15416      4      0 
 00:34:47       0    218     51      -     94     63      0      0      0      0  14801   2895  15416      4      0 
 00:34:52       0    218     51      -     94     63      0      0      0      0  14801   2895  15416      4      0 
 00:34:57       0    218     51      -     94     63      0      0      0      0  14801   2895  15416      4      0 
 00:35:02       0    218     51      -     94     63      0      0      0      0  14801   2895  15416      4      0 
 00:35:07       0    218     51      -     94     63      0      0      0      0  14801   2895  15416      4      0 
 00:35:12       0    219     51      -     94     63      0      0      0      0  14801   2895  15416      4      0 
 00:35:17       0    218     51      -     94     63      0      0      0      0  14801   2895  15416      4      0 
 00:35:22       0    219     51      -     94     63      0      0      0      0  14801   2895  15416      4      0 
 00:35:27       0    219     51      -     94     63      0      0      0      0  14801   2895  15416      4      0 
 00:35:32       0    219     51      -     94     63      0      0      0      0  14801   2895  15416      4      0 
 00:35:37       0    219     51      -     94     63      0      0      0      0  14801   2895  15416      4      0 
 00:35:42       0    219     51      -     94     63      0      0      0      0  14801   2895  15416      4      0 
 00:35:47       0    219     52      -     94     63      0      0      0      0  14801   2895  15416      4      0 
 00:35:52       0    219     52      -     94     63      0      0      0      0  14801   2895  15416      4      0 
 00:35:57       0    219     52      -     94     63      0      0      0      0  14801   2895  15416      4      0 
 00:36:02       0    219     52      -     94     63      0      0      0      0  14801   2895  15416      4      0 
 00:36:07       0    219     52      -     94     63      0      0      0      0  14801   2895  15416      4      0 
 00:36:12       0    219     52      -     94     63      0      0      0      0  14801   2895  15416      4      0 
 00:36:17       0    219     52      -     94     63      0      0      0      0  14801   2895  15416      4      0 
 00:36:22       0    219     52      -     94     63      0      0      0      0  14801   2895  15416      4      0 
 00:36:27       0    220     52      -     94     63      0      0      0      0  14801   2895  15416      4      0 
 00:36:32       0    220     52      -     94     64      0      0      0      0  14801   2895  15416      4      0 
 00:36:37       0    220     52      -     94     63      0      0      0      0  14801   2895  15416      4      0 
 00:36:42       0    219     52      -     94     63      0      0      0      0  14801   2895  15416      4      0 
 00:36:47       0    219     52      -     94     63      0      0      0      0  14801   2895  15416      4      0 
 00:36:52       0    219     52      -     94     63      0      0      0      0  14801   2895  15416      4      0 
 00:36:57       0    219     52      -     94     63      0      0      0      0  14801   2895  15416      4      0 
 00:37:02       0    220     52      -     94     63      0      0      0      0  14801   2895  15416      4      0 
 00:37:07       0    220     52      -     94     64      0      0      0      0  14801   2895  15416      4      0 
 00:37:12       0    219     52      -     94     63      0      0      0      0  14801   2895  15420      4      0 
#Time         gpu    pwr  gtemp  mtemp     sm    mem    enc    dec    jpg    ofa   mclk   pclk     fb   bar1   ccpm 
#HH:MM:SS     Idx      W      C      C      %      %      %      %      %      %    MHz    MHz     MB     MB     MB 
 00:37:17       0    219     52      -     94     63      0      0      0      0  14801   2895  15420      4      0 
 00:37:22       0    220     52      -     94     64      0      0      0      0  14801   2895  15420      4      0 
 00:37:27       0    220     52      -     94     64      0      0      0      0  14801   2895  15420      4      0 
 00:37:32       0    220     52      -     94     63      0      0      0      0  14801   2895  15420      4      0 
 00:37:37       0    220     52      -     94     63      0      0      0      0  14801   2880  15420      4      0 
 00:37:42       0    220     52      -     94     63      0      0      0      0  14801   2880  15420      4      0 
 00:37:47       0    220     52      -     94     64      0      0      0      0  14801   2880  15420      4      0 
 00:37:52       0    220     52      -     94     63      0      0      0      0  14801   2880  15420      4      0 
 00:37:57       0    220     52      -     94     64      0      0      0      0  14801   2880  15420      4      0 
 00:38:02       0    220     52      -     94     64      0      0      0      0  14801   2880  15420      4      0 
 00:38:07       0    220     52      -     94     64      0      0      0      0  14801   2880  15420      4      0 
 00:38:12       0    220     52      -     94     64      0      0      0      0  14801   2880  15420      4      0 
 00:38:17       0    220     52      -     94     64      0      0      0      0  14801   2880  15420      4      0 
 00:38:22       0    220     52      -     93     63      0      0      0      0  14801   2880  15420      4      0 
 00:38:27       0    220     52      -     94     64      0      0      0      0  14801   2880  15420      4      0 
 00:38:32       0    220     52      -     94     64      0      0      0      0  14801   2880  15420      4      0 
 00:38:37       0    221     52      -     94     64      0      0      0      0  14801   2880  15420      4      0 
 00:38:42       0    221     52      -     94     64      0      0      0      0  14801   2880  15420      4      0 
 00:38:47       0    221     53      -     94     64      0      0      0      0  14801   2880  15420      4      0 
 00:38:52       0    221     52      -     94     64      0      0      0      0  14801   2880  15420      4      0 
 00:38:57       0    146     48      -     96     38      0      0      0      0  14801   2902  15416      4      0 
 00:39:02       0    184     46      -     67     25      0      0      0      0  14801   2895  15080      4      0 
 00:39:07       0    153     46      -     57     28      0      0      0      0  14801   2895  15080      4      0 
 00:39:12       0    301     59      -    100     24      0      0      0      0  14801   2872  15678      4      0 
 00:39:17       0    306     60      -    100     33      0      0      0      0  14801   2865  15682      4      0 
 00:39:22       0    311     59      -     98     32      0      0      0      0  14801   2865  15682      4      0 
 00:39:27       0    294     48      -     23      9      0      0      0      0  14801   2872  15208      4      0 
 00:39:32       0    317     60      -    100     12      0      0      0      0  14801   2880  15678      4      0 
 00:39:37       0    315     60      -    100      5      0      0      0      0  14801   2880  15682      4      0 
 00:39:42       0    319     60      -    100      7      0      0      0      0  14801   2880  15682      4      0 
 00:39:47       0    151     38      -      0      0      0      0      0      0  14801   2940  15678      4      0 
 00:39:52       0    302     56      -    100     24      0      0      0      0  14801   2880  15678      4      0 
 00:39:57       0    302     60      -    100      8      0      0      0      0  14801   2880  15682      4      0 
 00:40:02       0    305     57      -    100     29      0      0      0      0  14801   2880  15682      4      0 
 00:40:07       0    180     46      -     95     50      0      0      0      0  14801   2895  15422      4      0 
 00:40:12       0    222     47      -     94     64      0      0      0      0  14801   2895  15422      4      0 
 00:40:17       0    219     47      -     94     64      0      0      0      0  14801   2895  15422      4      0 
 00:40:22       0    219     48      -     94     64      0      0      0      0  14801   2895  15422      4      0 
 00:40:27       0    220     48      -     94     64      0      0      0      0  14801   2895  15422      4      0 
 00:40:32       0    220     49      -     95     65      0      0      0      0  14801   2895  15422      4      0 
 00:40:37       0    220     49      -     94     64      0      0      0      0  14801   2895  15422      4      0 
 00:40:42       0    220     49      -     95     65      0      0      0      0  14801   2895  15422      4      0 
 00:40:47       0    220     50      -     94     64      0      0      0      0  14801   2895  15422      4      0 
 00:40:52       0    221     50      -     94     64      0      0      0      0  14801   2895  15422      4      0 
#Time         gpu    pwr  gtemp  mtemp     sm    mem    enc    dec    jpg    ofa   mclk   pclk     fb   bar1   ccpm 
#HH:MM:SS     Idx      W      C      C      %      %      %      %      %      %    MHz    MHz     MB     MB     MB 
 00:40:57       0    221     50      -     94     64      0      0      0      0  14801   2895  15422      4      0 
 00:41:02       0    221     51      -     95     65      0      0      0      0  14801   2895  15422      4      0 
 00:41:07       0    221     51      -     94     64      0      0      0      0  14801   2895  15422      4      0 
 00:41:12       0    222     51      -     94     64      0      0      0      0  14801   2895  15422      4      0 
 00:41:17       0    221     51      -     94     64      0      0      0      0  14801   2895  15422      4      0 
 00:41:22       0    222     51      -     94     64      0      0      0      0  14801   2895  15422      4      0 
 00:41:27       0    222     51      -     94     64      0      0      0      0  14801   2895  15422      4      0 
 00:41:32       0    222     51      -     94     64      0      0      0      0  14801   2895  15422      4      0 
 00:41:37       0    222     52      -     94     64      0      0      0      0  14801   2895  15422      4      0 
 00:41:42       0    222     52      -     94     64      0      0      0      0  14801   2895  15422      4      0 
 00:41:47       0    222     52      -     94     65      0      0      0      0  14801   2895  15422      4      0 
 00:41:52       0    222     51      -     95     65      0      0      0      0  14801   2895  15446      4      0 
 00:41:57       0    222     52      -     94     65      0      0      0      0  14801   2895  15446      4      0 
 00:42:02       0    222     52      -     95     65      0      0      0      0  14801   2895  15446      4      0 
 00:42:07       0    223     52      -     94     65      0      0      0      0  14801   2895  15446      4      0 
 00:42:12       0    223     52      -     94     64      0      0      0      0  14801   2880  15446      4      0 
 00:42:17       0    223     52      -     95     65      0      0      0      0  14801   2880  15446      4      0 
 00:42:22       0    222     52      -     94     65      0      0      0      0  14801   2880  15446      4      0 
 00:42:27       0    222     52      -     94     65      0      0      0      0  14801   2880  15446      4      0 
 00:42:32       0    223     52      -     94     65      0      0      0      0  14801   2880  15446      4      0 
 00:42:37       0    223     52      -     94     65      0      0      0      0  14801   2880  15446      4      0 
 00:42:42       0    223     52      -     94     65      0      0      0      0  14801   2880  15446      4      0 
 00:42:47       0    223     52      -     94     65      0      0      0      0  14801   2880  15446      4      0 
 00:42:52       0    223     52      -     94     65      0      0      0      0  14801   2880  15446      4      0 
 00:42:57       0    223     52      -     94     65      0      0      0      0  14801   2880  15446      4      0 
 00:43:02       0    223     52      -     94     65      0      0      0      0  14801   2880  15446      4      0 
 00:43:07       0    223     52      -     94     65      0      0      0      0  14801   2880  15446      4      0 
 00:43:12       0    223     52      -     94     65      0      0      0      0  14801   2880  15446      4      0 
 00:43:17       0    223     52      -     95     65      0      0      0      0  14801   2880  15446      4      0 
 00:43:22       0    224     53      -     95     65      0      0      0      0  14801   2880  15446      4      0 
 00:43:27       0    224     52      -     94     65      0      0      0      0  14801   2880  15446      4      0 
 00:43:32       0    223     52      -     95     65      0      0      0      0  14801   2880  15446      4      0 
 00:43:37       0    224     52      -     94     65      0      0      0      0  14801   2880  15446      4      0 
 00:43:42       0    224     52      -     94     65      0      0      0      0  14801   2880  15446      4      0 
 00:43:47       0    224     53      -     95     65      0      0      0      0  14801   2880  15446      4      0 
 00:43:52       0    224     53      -     93     64      0      0      0      0  14801   2880  15446      4      0 
 00:43:57       0    224     53      -     94     65      0      0      0      0  14801   2880  15446      4      0 
 00:44:02       0    224     53      -     93     64      0      0      0      0  14801   2880  15446      4      0 
 00:44:07       0    224     52      -     95     65      0      0      0      0  14801   2880  15446      4      0 
 00:44:12       0    224     52      -     94     65      0      0      0      0  14801   2880  15446      4      0 
 00:44:17       0    224     53      -     94     65      0      0      0      0  14801   2880  15446      4      0 
 00:44:22       0    224     53      -     94     65      0      0      0      0  14801   2880  15446      4      0 
 00:44:27       0    224     53      -     94     65      0      0      0      0  14801   2880  15446      4      0 
 00:44:32       0    224     53      -     93     64      0      0      0      0  14801   2880  15446      4      0 
#Time         gpu    pwr  gtemp  mtemp     sm    mem    enc    dec    jpg    ofa   mclk   pclk     fb   bar1   ccpm 
#HH:MM:SS     Idx      W      C      C      %      %      %      %      %      %    MHz    MHz     MB     MB     MB 
 00:44:37       0    224     52      -     94     65      0      0      0      0  14801   2880  15446      4      0 
 00:44:42       0    224     52      -     94     64      0      0      0      0  14801   2880  15446      4      0 
 00:44:47       0    224     53      -     94     65      0      0      0      0  14801   2880  15446      4      0 
 00:44:52       0    224     53      -     94     65      0      0      0      0  14801   2880  15446      4      0 
 00:44:57       0    224     53      -     94     65      0      0      0      0  14801   2880  15446      4      0 
 00:45:02       0    224     53      -     93     64      0      0      0      0  14801   2880  15446      4      0 
 00:45:07       0    224     53      -     94     65      0      0      0      0  14801   2880  15446      4      0 
 00:45:12       0    224     53      -     94     65      0      0      0      0  14801   2880  15446      4      0 
 00:45:17       0    224     52      -     94     65      0      0      0      0  14801   2880  15446      4      0 
 00:45:22       0    224     53      -     94     65      0      0      0      0  14801   2880  15446      4      0 
 00:45:27       0    224     53      -     94     65      0      0      0      0  14801   2880  15446      4      0 
 00:45:32       0    225     53      -     94     65      0      0      0      0  14801   2880  15446      4      0 
 00:45:37       0    225     53      -     95     66      0      0      0      0  14801   2880  15446      4      0 
 00:45:42       0    225     53      -     95     65      0      0      0      0  14801   2880  15446      4      0 
 00:45:47       0    224     53      -     94     65      0      0      0      0  14801   2880  15446      4      0 
 00:45:52       0    224     53      -     95     65      0      0      0      0  14801   2880  15446      4      0 
 00:45:58       0    225     53      -     94     65      0      0      0      0  14801   2880  15446      4      0 
 00:46:03       0    225     53      -     94     65      0      0      0      0  14801   2880  15446      4      0 
 00:46:08       0    225     53      -     94     65      0      0      0      0  14801   2880  15446      4      0 
 00:46:13       0    225     53      -     94     65      0      0      0      0  14801   2880  15446      4      0 
 00:46:18       0    300     61      -    100     17      0      0      0      0  14801   2872  15678      4      0 
 00:46:23       0    307     62      -    100      1      0      0      0      0  14801   2865  15678      4      0 
 00:46:28       0    314     62      -    100      0      0      0      0      0  14801   2865  15682      4      0 
 00:46:33       0    314     61      -    100      8      0      0      0      0  14801   2865  15682      4      0 
 00:46:38       0    314     58      -    100     22      0      0      0      0  14801   2880  15678      4      0 
 00:46:43       0    316     58      -     98     33      0      0      0      0  14801   2880  15678      4      0 
 00:46:48       0    320     61      -    100     23      0      0      0      0  14801   2872  15682      4      0 
 00:46:53       0    314     56      -    100      4      0      0      0      0  14801   2880  15682      4      0 
 00:46:58       0    189     41      -     96     42      0      0      0      0  14801   2895  15422      4      0 
 00:47:03       0    190     43      -     96     50      0      0      0      0  14801   2895  15422      4      0 
 00:47:08       0    171     43      -     96     51      0      0      0      0  14801   2910  15422      4      0 
 00:47:13       0    218     46      -     94     64      0      0      0      0  14801   2895  15422      4      0 
 00:47:18       0    219     47      -     94     64      0      0      0      0  14801   2895  15422      4      0 
 00:47:23       0    219     47      -     94     64      0      0      0      0  14801   2895  15422      4      0 
 00:47:28       0    219     48      -     94     64      0      0      0      0  14801   2895  15422      4      0 
 00:47:33       0    219     48      -     95     65      0      0      0      0  14801   2895  15422      4      0 
 00:47:38       0    220     48      -     94     64      0      0      0      0  14801   2895  15422      4      0 
 00:47:43       0    220     49      -     94     64      0      0      0      0  14801   2895  15422      4      0 
 00:47:48       0    220     49      -     94     64      0      0      0      0  14801   2895  15422      4      0 
 00:47:53       0    220     50      -     94     65      0      0      0      0  14801   2895  15422      4      0 
 00:47:58       0    221     50      -     94     64      0      0      0      0  14801   2895  15422      4      0 
 00:48:03       0    221     50      -     94     64      0      0      0      0  14801   2895  15422      4      0 
 00:48:08       0    221     50      -     94     64      0      0      0      0  14801   2895  15422      4      0 
 00:48:13       0    221     50      -     94     64      0      0      0      0  14801   2895  15422      4      0 
#Time         gpu    pwr  gtemp  mtemp     sm    mem    enc    dec    jpg    ofa   mclk   pclk     fb   bar1   ccpm 
#HH:MM:SS     Idx      W      C      C      %      %      %      %      %      %    MHz    MHz     MB     MB     MB 
 00:48:18       0    221     51      -     94     64      0      0      0      0  14801   2895  15422      4      0 
 00:48:23       0    221     51      -     94     64      0      0      0      0  14801   2895  15422      4      0 
 00:48:28       0    222     51      -     94     64      0      0      0      0  14801   2895  15422      4      0 
 00:48:33       0    222     51      -     94     65      0      0      0      0  14801   2895  15422      4      0 
 00:48:38       0    222     51      -     94     64      0      0      0      0  14801   2895  15422      4      0 
 00:48:43       0    222     51      -     94     64      0      0      0      0  14801   2895  15446      4      0 
 00:48:48       0    222     51      -     95     65      0      0      0      0  14801   2895  15446      4      0 
 00:48:53       0    222     51      -     94     64      0      0      0      0  14801   2895  15446      4      0 
 00:48:58       0    222     52      -     94     65      0      0      0      0  14801   2895  15446      4      0 
 00:49:03       0    223     52      -     94     64      0      0      0      0  14801   2895  15446      4      0 
 00:49:08       0    223     52      -     94     64      0      0      0      0  14801   2895  15446      4      0 
 00:49:13       0    222     52      -     94     65      0      0      0      0  14801   2895  15446      4      0 
 00:49:18       0    222     52      -     94     65      0      0      0      0  14801   2895  15446      4      0 
 00:49:23       0    222     52      -     94     64      0      0      0      0  14801   2895  15446      4      0 
 00:49:28       0    222     52      -     94     65      0      0      0      0  14801   2895  15446      4      0 
 00:49:33       0    223     52      -     94     65      0      0      0      0  14801   2895  15446      4      0 
 00:49:38       0    223     52      -     94     65      0      0      0      0  14801   2880  15446      4      0 
 00:49:43       0    223     52      -     94     65      0      0      0      0  14801   2887  15446      4      0 
 00:49:48       0    223     52      -     94     65      0      0      0      0  14801   2887  15446      4      0 
 00:49:53       0    222     52      -     94     65      0      0      0      0  14801   2887  15446      4      0 
 00:49:58       0    223     52      -     94     65      0      0      0      0  14801   2887  15446      4      0 
 00:50:03       0    223     52      -     94     65      0      0      0      0  14801   2887  15446      4      0 
 00:50:08       0    223     52      -     95     65      0      0      0      0  14801   2887  15446      4      0 
 00:50:13       0    223     52      -     95     65      0      0      0      0  14801   2887  15446      4      0 
 00:50:18       0    223     52      -     94     65      0      0      0      0  14801   2887  15446      4      0 
 00:50:23       0    223     52      -     94     65      0      0      0      0  14801   2887  15446      4      0 
 00:50:28       0    223     52      -     94     65      0      0      0      0  14801   2887  15446      4      0 
 00:50:33       0    223     52      -     94     65      0      0      0      0  14801   2887  15446      4      0 
 00:50:38       0    223     52      -     95     65      0      0      0      0  14801   2887  15446      4      0 
 00:50:43       0    223     53      -     95     65      0      0      0      0  14801   2887  15446      4      0 
 00:50:48       0    223     53      -     95     65      0      0      0      0  14801   2887  15446      4      0 
 00:50:53       0    223     52      -     94     65      0      0      0      0  14801   2887  15446      4      0 
 00:50:58       0    168     52      -     95     65      0      0      0      0  14801   2895  15446      4      0 
 00:51:03       0    223     52      -     94     65      0      0      0      0  14801   2895  15446      4      0 
 00:51:08       0    224     52      -     94     65      0      0      0      0  14801   2895  15446      4      0 
 00:51:13       0    223     52      -     94     65      0      0      0      0  14801   2887  15446      4      0 
 00:51:18       0    223     53      -     94     65      0      0      0      0  14801   2887  15446      4      0 
 00:51:23       0    224     53      -     95     65      0      0      0      0  14801   2887  15446      4      0 
 00:51:28       0    224     52      -     94     65      0      0      0      0  14801   2887  15446      4      0 
 00:51:33       0    224     52      -     95     65      0      0      0      0  14801   2887  15446      4      0 
 00:51:38       0    224     52      -     95     65      0      0      0      0  14801   2887  15446      4      0 
 00:51:43       0    223     52      -     94     65      0      0      0      0  14801   2887  15446      4      0 
 00:51:48       0    224     53      -     95     65      0      0      0      0  14801   2887  15446      4      0 
 00:51:53       0    224     53      -     94     65      0      0      0      0  14801   2887  15446      4      0 
#Time         gpu    pwr  gtemp  mtemp     sm    mem    enc    dec    jpg    ofa   mclk   pclk     fb   bar1   ccpm 
#HH:MM:SS     Idx      W      C      C      %      %      %      %      %      %    MHz    MHz     MB     MB     MB 
 00:51:58       0    224     53      -     94     65      0      0      0      0  14801   2887  15446      4      0 
 00:52:03       0    224     53      -     95     65      0      0      0      0  14801   2887  15446      4      0 
 00:52:08       0    224     52      -     95     65      0      0      0      0  14801   2887  15446      4      0 
 00:52:13       0    224     52      -     95     65      0      0      0      0  14801   2887  15446      4      0 
 00:52:18       0    224     53      -     94     65      0      0      0      0  14801   2887  15446      4      0 
 00:52:23       0    224     53      -     95     65      0      0      0      0  14801   2887  15446      4      0 
 00:52:28       0    224     53      -     95     65      0      0      0      0  14801   2887  15446      4      0 
 00:52:33       0    224     53      -     94     65      0      0      0      0  14801   2887  15446      4      0 
 00:52:38       0    225     53      -     95     65      0      0      0      0  14801   2887  15446      4      0 
 00:52:43       0    224     53      -     94     65      0      0      0      0  14801   2887  15446      4      0 
 00:52:48       0    224     53      -     94     65      0      0      0      0  14801   2887  15446      4      0 
 00:52:53       0    224     53      -     94     65      0      0      0      0  14801   2887  15446      4      0 
 00:52:58       0    224     53      -     95     65      0      0      0      0  14801   2887  15446      4      0 
 00:53:03       0    225     53      -     94     65      0      0      0      0  14801   2887  15446      4      0 
 00:53:08       0    298     60      -    100     32      0      0      0      0  14801   2880  15678      4      0 
 00:53:13       0    304     60      -     98     33      0      0      0      0  14801   2865  15678      4      0 
 00:53:18       0    311     65      -    100      0      0      0      0      0  14801   2865  15682      4      0 
 00:53:23       0    319     64      -    100     15      0      0      0      0  14801   2865  15682      4      0 
 00:53:28       0     84     40      -     12      6      0      0      0      0  14801   2940  15678      4      0 
 00:53:33       0    314     57      -    100     28      0      0      0      0  14801   2880  15678      4      0 
 00:53:38       0    320     61      -    100      4      0      0      0      0  14801   2880  15682      4      0 
 00:53:43       0    320     57      -    100     33      0      0      0      0  14801   2880  15682      4      0 
 00:53:48       0    176     44      -     97     33      0      0      0      0  14801   2895  15422      4      0 
 00:53:53       0    178     43      -     96     47      0      0      0      0  14801   2910  15422      4      0 
 00:53:58       0    175     43      -     96     47      0      0      0      0  14801   2910  15422      4      0 
 00:54:03       0    173     42      -     96     45      0      0      0      0  14801   2910  15422      4      0 
 00:54:08       0    168     42      -     97     37      0      0      0      0  14801   2902  15422      4      0 
 00:54:13       0    296     56      -    100     23      0      0      0      0  14801   2880  15678      4      0 
 00:54:18       0    300     60      -    100     10      0      0      0      0  14801   2880  15678      4      0 
 00:54:23       0    304     56      -    100     20      0      0      0      0  14801   2872  15682      4      0 
 00:54:28       0    298     56      -    100     23      0      0      0      0  14801   2880  15208      4      0 
 00:54:33       0    296     58      -    100     27      0      0      0      0  14801   2880  15678      4      0 
 00:54:38       0    300     61      -    100      3      0      0      0      0  14801   2880  15678      4      0 
 00:54:43       0    304     59      -    100     30      0      0      0      0  14801   2872  15682      4      0 
 00:54:48       0    311     60      -    100     13      0      0      0      0  14801   2872  15682      4      0 
 00:54:53       0    250     56      -     98     32      0      0      0      0  14801   2880  15678      4      0 
 00:54:58       0    301     57      -    100     17      0      0      0      0  14801   2880  15678      4      0 
 00:55:03       0    303     57      -    100     31      0      0      0      0  14801   2872  15682      4      0 
 00:55:08       0    307     58      -    100     23      0      0      0      0  14801   2872  15682      4      0 
 00:55:13       0    307     55      -     99     28      0      0      0      0  14801   2880  15682      4      0 
 00:55:18       0    312     60      -    100      2      0      0      0      0  14801   2880  15700      4      0 
 00:55:23       0    310     57      -    100     23      0      0      0      0  14801   2880  15700      4      0 
 00:55:28       0    311     59      -    100      2      0      0      0      0  14801   2880  15700      4      0 
 00:55:33       0    310     56      -    100     20      0      0      0      0  14801   2880  15700      4      0 
#Time         gpu    pwr  gtemp  mtemp     sm    mem    enc    dec    jpg    ofa   mclk   pclk     fb   bar1   ccpm 
#HH:MM:SS     Idx      W      C      C      %      %      %      %      %      %    MHz    MHz     MB     MB     MB 
 00:55:38       0    311     58      -    100      2      0      0      0      0  14801   2880  15704      4      0 
 00:55:43       0    310     53      -    100     28      0      0      0      0  14801   2880  15704      4      0 
 00:55:48       0     74     36      -      0      0      0      0      0      0  14801   2940  15124      4      0 
 00:55:53       0     50     33      -      0      0      0      0      0      0  14801   2715  15124      4      0 
