#Time         gpu    pwr  gtemp  mtemp     sm    mem    enc    dec    jpg    ofa   mclk   pclk     fb   bar1   ccpm 
#HH:MM:SS     Idx      W      C      C      %      %      %      %      %      %    MHz    MHz     MB     MB     MB 
 08:41:45       0     20     28      -      0      0      0      0      0      0    405    225      2      1      0 
 08:41:50       0     20     27      -      0      0      0      0      0      0    405    225      2      1      0 
 08:41:55       0     20     27      -      0      0      0      0      0      0    405    225      2      1      0 
 08:42:00       0     32     28      -      0      0      0      0      0      0  14801   2662    338      4      0 
 08:42:05       0     49     30      -      4      0      0      0      0      0  14801   2737   2306      4      0 
 08:42:10       0     48     30      -      0      0      0      0      0      0  14801   2722   2694      4      0 
 08:42:15       0     48     29      -      0      0      0      0      0      0  14801   2722   2702      4      0 
 08:42:20       0     48     29      -      0      0      0      0      0      0  14801   2722   2702      4      0 
 08:42:25       0     22     27      -      0      0      0      0      0      0    405    232   2702      4      0 
 08:42:30       0     20     26      -      0      0      0      0      0      0    405    225   2702      4      0 
 08:42:35       0     48     29      -      0      0      0      0      0      0  14801   2722  15096      4      0 
 08:42:40       0     48     29      -      0      0      0      0      0      0  14801   2722  15096      4      0 
 08:42:45       0     61     30      -      0      0      0      0      0      0  14801   2955  15096      4      0 
 08:42:50       0     48     29      -      0      0      0      0      0      0  14801   2722  15096      4      0 
 08:42:55       0     48     29      -      0      0      0      0      0      0  14801   2722  11478      4      0 
 08:43:00       0     48     29      -      0      0      0      0      0      0  14801   2722  11478      4      0 
 08:43:05       0     48     29      -      0      0      0      0      0      0  14801   2722  11508      4      0 
 08:43:10       0     49     29      -     38      1      0      0      0      0  14801   2722  11508      4      0 
 08:43:15       0     48     29      -      0      0      0      0      0      0  14801   2722  11530      4      0 
 08:43:20       0     48     29      -      0      0      0      0      0      0  14801   2722  11530      4      0 
 08:43:25       0     48     29      -      0      0      0      0      0      0  14801   2722  11530      4      0 
 08:43:30       0     48     29      -      0      0      0      0      0      0  14801   2722  11530      4      0 
 08:43:35       0     54     30      -      0      0      0      0      0      0  14801   2955  11538      4      0 
 08:43:40       0     54     30      -      0      0      0      0      0      0  14801   2955  11538      4      0 
 08:43:45       0    133     45      -    100     35      0      0      0      0  14801   2940  12134      4      0 
 08:43:50       0     48     30      -      0      0      0      0      0      0  14801   2722  12134      4      0 
 08:43:55       0     48     30      -      0      0      0      0      0      0  14801   2722  12134      4      0 
 08:44:00       0     48     30      -      0      0      0      0      0      0  14801   2722  15116      4      0 
 08:44:05       0     54     30      -      0      0      0      0      0      0  14801   2955  15118      4      0 
 08:44:10       0     53     31      -      0      0      0      0      0      0  14801   2955  15700      4      0 
 08:44:15       0     48     30      -      0      0      0      0      0      0  14801   2722  15700      4      0 
 08:44:20       0     48     30      -      0      0      0      0      0      0  14801   2722  15700      4      0 
 08:44:25       0     47     29      -      0      0      0      0      0      0   7001   2722  15700      4      0 
 08:44:30       0    135     37      -     92     60      0      0      0      0  14801   2910  15702      4      0 
 08:44:35       0    290     48      -    100     21      0      0      0      0  14801   2895  15722      4      0 
 08:44:40       0    250     54      -    100      3      0      0      0      0  14801   2940  15680      4      0 
 08:44:45       0    216     42      -     92     62      0      0      0      0  14801   2902  15680      4      0 
 08:44:50       0    293     54      -    100     32      0      0      0      0  14801   2880  15680      4      0 
 08:44:55       0    293     57      -    100     21      0      0      0      0  14801   2880  15682      4      0 
 08:45:00       0     52     36      -      0      0      0      0      0      0  14801   2715  15680      4      0 
 08:45:05       0     51     35      -      0      0      0      0      0      0  14801   2715      4      2      0 
