#Time         gpu    pwr  gtemp  mtemp     sm    mem    enc    dec    jpg    ofa   mclk   pclk     fb   bar1   ccpm 
#HH:MM:SS     Idx      W      C      C      %      %      %      %      %      %    MHz    MHz     MB     MB     MB 
 12:04:45       0     35     29      -      0      0      0      0      0      0   7001    532      2      1      0 
 12:04:50       0     20     27      -      0      0      0      0      0      0    405    225      2      1      0 
 12:04:55       0     20     27      -      0      0      0      0      0      0    405    225      2      1      0 
 12:05:00       0     32     28      -      0      0      0      0      0      0  14801   2722    338      4      0 
 12:05:06       0     49     29      -      6      0      0      0      0      0  14801   2737   2432      4      0 
 12:05:11       0     48     29      -      0      0      0      0      0      0  14801   2722   2694      4      0 
 12:05:16       0     48     29      -      0      0      0      0      0      0  14801   2722   2702      4      0 
 12:05:21       0     48     29      -      0      0      0      0      0      0  14801   2722   2702      4      0 
 12:05:26       0     22     27      -      0      0      0      0      0      0    810    247   2702      4      0 
 12:05:31       0     20     26      -      0      0      0      0      0      0    405    225   2702      4      0 
 12:05:36       0     48     29      -      0      0      0      0      0      0  14801   2722  15096      4      0 
 12:05:41       0     56     30      -      0      0      0      0      0      0  14801   2955  15096      4      0 
 12:05:46       0     48     29      -      0      0      0      0      0      0  14801   2722  11478      4      0 
 12:05:51       0     54     30      -      0      0      0      0      0      0  14801   2955  11478      4      0 
 12:05:56       0     48     29      -      0      0      0      0      0      0  14801   2722  11508      4      0 
 12:06:01       0     57     30      -     44      2      0      0      0      0  14801   2955  11530      4      0 
 12:06:06       0     48     29      -      0      0      0      0      0      0  14801   2722  11530      4      0 
 12:06:11       0     53     30      -      0      0      0      0      0      0  14801   2955  11530      4      0 
 12:06:16       0     84     31      -      0      0      0      0      0      0  14801   2955  11538      4      0 
 12:06:21       0     59     30      -      0      0      0      0      0      0  14801   2955  11538      4      0 
 12:06:26       0     89     42      -    100     33      0      0      0      0  14801   2947  12134      4      0 
 12:06:31       0     48     30      -      0      0      0      0      0      0  14801   2722  12134      4      0 
 12:06:36       0     48     30      -      0      0      0      0      0      0  14801   2722  12134      4      0 
 12:06:41       0     48     30      -      0      0      0      0      0      0  14801   2722  15116      4      0 
 12:06:46       0    109     45      -    100     35      0      0      0      0  14801   2940  15700      4      0 
 12:06:51       0     48     30      -      0      0      0      0      0      0  14801   2722  15700      4      0 
 12:06:56       0     48     30      -      0      0      0      0      0      0  14801   2722  15700      4      0 
 12:07:01       0     48     30      -      0      0      0      0      0      0  14801   2722  15700      4      0 
 12:07:06       0     26     28      -      0      0      0      0      0      0    810    420  15700      4      0 
 12:07:11       0    287     50      -    100     28      0      0      0      0  14801   2895  15722      4      0 
 12:07:16       0    292     53      -    100     25      0      0      0      0  14801   2887  15722      4      0 
 12:07:21       0    290     56      -    100     17      0      0      0      0  14801   2880  15680      4      0 
 12:07:26       0    291     54      -    100     30      0      0      0      0  14801   2887  15680      4      0 
 12:07:31       0    295     55      -    100     30      0      0      0      0  14801   2880  15680      4      0 
 12:07:36       0    265     47      -     94     68      0      0      0      0  14801   2895  15682      4      0 
 12:07:41       0     48     36      -      0      0      0      0      0      0  14801   2715  15680      4      0 
