#Time         gpu    pwr  gtemp  mtemp     sm    mem    enc    dec    jpg    ofa   mclk   pclk     fb   bar1   ccpm 
#HH:MM:SS     Idx      W      C      C      %      %      %      %      %      %    MHz    MHz     MB     MB     MB 
 04:53:14       0     11     35      -      0      0      0      0      0      0    405    180      2      1      0 
 04:53:19       0     10     35      -      0      0      0      0      0      0    405    180      2      1      0 
 04:53:24       0     11     35      -      0      0      0      0      0      0    405    180      2      1      0 
 04:53:29       0     44     37      -      6      0      0      0      0      0  14801   2655   2112      4      0 
 04:53:34       0     44     38      -      0      0      0      0      0      0  14801   2617  14278      4      0 
 04:53:39       0     49     38      -      0      0      0      0      0      0  14801   2872  14278      4      0 
 04:53:44       0     43     38      -      0      0      0      0      0      0  14801   2610  15140      4      0 
 04:53:49       0     44     38      -      0      0      0      0      0      0  14801   2610  15140      4      0 
 04:53:54       0     44     38      -      1      0      0      0      0      0  14801   2625  15150      4      0 
 04:53:59       0     55     39      -      0      0      0      0      0      0  14801   2872  15172      4      0 
 04:54:04       0     43     39      -      0      0      0      0      0      0  14801   2610  15172      4      0 
 04:54:09       0     48     40      -    100      3      0      0      0      0  14801   2632  15178      4      0 
 04:54:14       0     49     40      -     30      2      0      0      0      0  14801   2872  15200      4      0 
 04:54:19       0     44     39      -      0      0      0      0      0      0  14801   2610  15222      4      0 
 04:54:24       0    102     53      -    100     35      0      0      0      0  14801   2872  15842      4      0 
 04:54:29       0     44     40      -      0      0      0      0      0      0  14801   2610  15842      4      0 
 04:54:34       0     44     40      -      0      0      0      0      0      0  14801   2610  15842      4      0 
 04:54:39       0     44     40      -      0      0      0      0      0      0  14801   2610  15842      4      0 
 04:54:44       0     14     38      -      0      0      0      0      0      0    810    225  15842      4      0 
 04:54:49       0    270     58      -    100     30      0      0      0      0  14801   2842  15862      4      0 
 04:54:54       0    290     61      -    100     35      0      0      0      0  14801   2820  15862      4      0 
 04:54:59       0     51     44      -      0      0      0      0      0      0  14801   2662      2      1      0 
 04:55:04       0     23     41      -      0      0      0      0      0      0   7001    247      2      1      0 
 04:55:09       0     12     40      -      0      0      0      0      0      0    405    180      2      1      0 
 04:55:14       0     12     39      -      0      0      0      0      0      0    405    180      2      1      0 
 04:55:19       0     12     39      -      0      0      0      0      0      0    405    180      2      1      0 
 04:55:24       0     11     39      -      0      0      0      0      0      0    405    180      2      1      0 
