#Time         gpu    pwr  gtemp  mtemp     sm    mem    enc    dec    jpg    ofa   mclk   pclk     fb   bar1   ccpm 
#HH:MM:SS     Idx      W      C      C      %      %      %      %      %      %    MHz    MHz     MB     MB     MB 
 05:14:12       0     12     40      -      0      0      0      0      0      0    405    180      2      1      0 
 05:14:17       0     11     40      -      0      0      0      0      0      0    405    180      2      1      0 
 05:14:22       0     11     40      -      0      0      0      0      0      0    405    180      2      1      0 
 05:14:27       0     45     42      -      9      0      0      0      0      0  14801   2662   1988      4      0 
 05:14:32       0     44     42      -      4      0      0      0      0      0  14801   2610  13504      4      0 
 05:14:37       0     48     42      -      0      0      0      0      0      0  14801   2872  13504      4      0 
 05:14:42       0     44     42      -      0      0      0      0      0      0  14801   2610  14366      4      0 
 05:14:47       0     45     42      -      1      0      0      0      0      0  14801   2617  14376      4      0 
 05:14:52       0     59     42      -      0      0      0      0      0      0  14801   2857  14398      4      0 
 05:14:57       0     44     42      -      0      0      0      0      0      0  14801   2610  14398      4      0 
 05:15:02       0     58     44      -     99     20      0      0      0      0  14801   2865  14426      4      0 
 05:15:07       0     50     42      -      0      0      0      0      0      0  14801   2872  14426      4      0 
 05:15:12       0     45     42      -      0      0      0      0      0      0  14801   2610  14448      4      0 
 05:15:17       0    197     48      -     98     30      0      0      0      0  14801   2842  15068      4      0 
 05:15:22       0     45     42      -      0      0      0      0      0      0  14801   2610  15068      4      0 
 05:15:27       0     45     42      -      0      0      0      0      0      0  14801   2610  15068      4      0 
 05:15:32       0     44     42      -      0      0      0      0      0      0  14801   2610  15068      4      0 
 05:15:37       0     15     40      -      0      0      0      0      0      0    810    240  15068      4      0 
 05:15:42       0    283     63      -     99     35      0      0      0      0  14801   2827  15088      4      0 
 05:15:47       0    289     65      -    100     20      0      0      0      0  14801   2820  15088      4      0 
 05:15:52       0    263     56      -     95     63      0      0      0      0  14801   2812  15302      4      0 
 05:15:57       0     46     45      -      0      0      0      0      0      0  14801   2610  15090      4      0 
 05:16:02       0    291     66      -    100     17      0      0      0      0  14801   2820  15090      4      0 
 05:16:07       0    290     68      -    100      8      0      0      0      0  14801   2812  15304      4      0 
 05:16:12       0    294     71      -    100     31      0      0      0      0  14801   2797  15304      4      0 
 05:16:17       0    290     68      -    100      1      0      0      0      0  14801   2805  15306      4      0 
 05:16:22       0    286     71      -    100      2      0      0      0      0  14801   2805  15496      4      0 
 05:16:27       0    285     68      -    100      4      0      0      0      0  14801   2797  15498      4      0 
 05:16:32       0    287     72      -    100      2      0      0      0      0  14801   2805  15498      4      0 
 05:16:37       0    288     72      -    100     22      0      0      0      0  14801   2790  15498      4      0 
 05:16:42       0    285     72      -     92     32      0      0      0      0  14801   2805  15714      4      0 
 05:16:47       0    288     68      -    100      2      0      0      0      0  14801   2790  15714      4      0 
 05:16:52       0    287     67      -    100      4      0      0      0      0  14801   2790  15714      4      0 
 05:16:57       0    288     70      -    100      2      0      0      0      0  14801   2790  15714      4      0 
 05:17:02       0    288     73      -    100     23      0      0      0      0  14801   2812  15714      4      0 
 05:17:07       0    288     73      -    100      2      0      0      0      0  14801   2805  15714      4      0 
 05:17:12       0    288     73      -    100      2      0      0      0      0  14801   2805  15864      4      0 
 05:17:17       0    287     70      -     98      8      0      0      0      0  14801   2790  15864      4      0 
 05:17:22       0    288     73      -    100     12      0      0      0      0  14801   2805  15864      4      0 
 05:17:27       0    288     73      -    100      2      0      0      0      0  14801   2805  15864      4      0 
 05:17:32       0    287     73      -    100      2      0      0      0      0  14801   2797  15864      4      0 
 05:17:37       0    286     70      -    100     13      0      0      0      0  14801   2790  15864      4      0 
 05:17:42       0    290     73      -    100      2      0      0      0      0  14801   2790  15864      4      0 
 05:17:47       0     46     51      -      0      0      0      0      0      0  15001   2610      2      1      0 
#Time         gpu    pwr  gtemp  mtemp     sm    mem    enc    dec    jpg    ofa   mclk   pclk     fb   bar1   ccpm 
#HH:MM:SS     Idx      W      C      C      %      %      %      %      %      %    MHz    MHz     MB     MB     MB 
 05:17:52       0     13     47      -      0      0      0      0      0      0    405    172      2      1      0 
 05:17:57       0     13     46      -      0      0      0      0      0      0    405    180      2      1      0 
 05:18:02       0     12     45      -      0      0      0      0      0      0    405    180      2      1      0 
 05:18:07       0     11     44      -      0      0      0      0      0      0    405    180      2      1      0 
 05:18:12       0     13     43      -      0      0      0      0      0      0    405    180      2      1      0 
