#Time         gpu    pwr  gtemp  mtemp     sm    mem    enc    dec    jpg    ofa   mclk   pclk     fb   bar1   ccpm 
#HH:MM:SS     Idx      W      C      C      %      %      %      %      %      %    MHz    MHz     MB     MB     MB 
 05:18:33       0     11     41      -      0      0      0      0      0      0    405    180      2      1      0 
 05:18:38       0     11     41      -      0      0      0      0      0      0    405    180      2      1      0 
 05:18:43       0     11     40      -      0      0      0      0      0      0    405    180      2      1      0 
 05:18:48       0     45     42      -      9      0      0      0      0      0  14801   2662   2214      4      0 
 05:18:53       0     44     42      -      4      0      0      0      0      0  14801   2610   2684      4      0 
 05:18:58       0     44     42      -      0      0      0      0      0      0  14801   2610  13504      4      0 
 05:19:03       0     58     43      -      0      0      0      0      0      0  14801   2857  13504      4      0 
 05:19:08       0     44     42      -      0      0      0      0      0      0  14801   2610  10072      4      0 
 05:19:13       0     48     42      -      0      0      0      0      0      0  14801   2617  10106      4      0 
 05:19:18       0     44     42      -      0      0      0      0      0      0  14801   2610  10106      4      0 
 05:19:23       0     46     42      -      0      0      0      0      0      0  14801   2610  10106      4      0 
 05:19:28       0     54     43      -      0      0      0      0      0      0  14801   2857  10132      4      0 
 05:19:33       0    151     46      -      0      0      0      0      0      0  14801   2857  10768      4      0 
 05:19:38       0     45     43      -      0      0      0      0      0      0  14801   2617  14422      4      0 
 05:19:43       0    178     49      -     98     23      0      0      0      0  14801   2835  15066      4      0 
 05:19:48       0     45     43      -      0      0      0      0      0      0  14801   2610  15066      4      0 
 05:19:53       0     45     43      -      0      0      0      0      0      0  14801   2610  15066      4      0 
 05:19:58       0     45     43      -      0      0      0      0      0      0  14801   2610  15066      4      0 
 05:20:03       0     13     41      -      0      0      0      0      0      0    405    180  15068      4      0 
 05:20:08       0    285     63      -    100     27      0      0      0      0  14801   2827  15088      4      0 
 05:20:13       0    290     65      -    100     31      0      0      0      0  14801   2812  15088      4      0 
 05:20:18       0    221     56      -     96     50      0      0      0      0  14801   2812  15302      4      0 
 05:20:23       0     93     60      -    100     37      0      0      0      0  14801   2662  15090      4      0 
 05:20:28       0    291     69      -    100      8      0      0      0      0  14801   2820  15090      4      0 
 05:20:33       0    294     68      -    100     26      0      0      0      0  14801   2812  15304      4      0 
 05:20:38       0    295     68      -    100     29      0      0      0      0  14801   2805  15304      4      0 
 05:20:43       0    288     71      -    100     10      0      0      0      0  14801   2797  15306      4      0 
 05:20:48       0    286     67      -    100     15      0      0      0      0  14801   2805  15496      4      0 
 05:20:53       0    287     69      -    100     27      0      0      0      0  14801   2790  15498      4      0 
 05:20:58       0    289     72      -    100      2      0      0      0      0  14801   2805  15498      4      0 
 05:21:03       0    287     71      -    100     19      0      0      0      0  14801   2790  15498      4      0 
 05:21:08       0    287     71      -    100     19      0      0      0      0  14801   2790  15714      4      0 
 05:21:13       0    286     69      -    100     13      0      0      0      0  14801   2790  15714      4      0 
 05:21:18       0    287     69      -    100     10      0      0      0      0  14801   2790  15714      4      0 
 05:21:23       0    289     73      -    100      2      0      0      0      0  14801   2797  15714      4      0 
 05:21:28       0    288     69      -    100     29      0      0      0      0  14801   2790  15714      4      0 
 05:21:33       0    289     73      -    100      2      0      0      0      0  14801   2805  15714      4      0 
 05:21:38       0    288     72      -    100     20      0      0      0      0  14801   2790  15726      4      0 
 05:21:43       0    291     73      -    100      2      0      0      0      0  14801   2805  15726      4      0 
 05:21:48       0    288     70      -    100     30      0      0      0      0  14801   2790  15726      4      0 
 05:21:53       0    288     73      -    100      2      0      0      0      0  14801   2797  15726      4      0 
 05:21:58       0    289     73      -    100      2      0      0      0      0  14801   2805  15726      4      0 
 05:22:03       0    288     70      -    100     27      0      0      0      0  14801   2790  15726      4      0 
 05:22:08       0    291     73      -    100      2      0      0      0      0  14801   2790  15690      4      0 
#Time         gpu    pwr  gtemp  mtemp     sm    mem    enc    dec    jpg    ofa   mclk   pclk     fb   bar1   ccpm 
#HH:MM:SS     Idx      W      C      C      %      %      %      %      %      %    MHz    MHz     MB     MB     MB 
 05:22:13       0    287     70      -     99     34      0      0      0      0  14801   2797  15730      4      0 
 05:22:18       0    291     73      -    100      2      0      0      0      0  14801   2820  15730      4      0 
 05:22:23       0    290     73      -    100      2      0      0      0      0  14801   2797  15730      4      0 
 05:22:28       0    290     73      -    100      2      0      0      0      0  14801   2790  15730      4      0 
 05:22:33       0    290     73      -    100      2      0      0      0      0  14801   2790  15730      4      0 
 05:22:38       0    290     73      -    100      2      0      0      0      0  14801   2797  15730      4      0 
 05:22:43       0    290     73      -    100      2      0      0      0      0  14801   2820  15730      4      0 
 05:22:48       0    284     71      -     79     28      0      0      0      0  14801   2790  15710      4      0 
 05:22:53       0    290     73      -    100      2      0      0      0      0  14801   2790  15750      4      0 
 05:22:58       0    290     68      -    100     35      0      0      0      0  14801   2790  15750      4      0 
 05:23:03       0    290     73      -    100      1      0      0      0      0  14801   2797  15750      4      0 
 05:23:08       0    290     73      -    100      2      0      0      0      0  14801   2790  15750      4      0 
 05:23:13       0    286     69      -    100      8      0      0      0      0  14801   2790  15750      4      0 
 05:23:18       0    290     72      -    100     18      0      0      0      0  14801   2790  15750      4      0 
 05:23:23       0    290     73      -    100      2      0      0      0      0  14801   2797  15750      4      0 
 05:23:28       0    289     73      -    100      2      0      0      0      0  14801   2812  15750      4      0 
 05:23:33       0    289     73      -    100      1      0      0      0      0  14801   2812  15750      4      0 
 05:23:38       0    286     70      -    100     26      0      0      0      0  14801   2790  15750      4      0 
 05:23:43       0    289     73      -    100      2      0      0      0      0  14801   2790  15750      4      0 
 05:23:48       0    289     73      -    100      2      0      0      0      0  14801   2790  15750      4      0 
 05:23:53       0    288     73      -    100      2      0      0      0      0  14801   2820  15750      4      0 
 05:23:58       0    289     70      -    100     27      0      0      0      0  14801   2790  15750      4      0 
 05:24:03       0    289     73      -    100      1      0      0      0      0  14801   2790  15750      4      0 
 05:24:08       0    288     73      -    100     11      0      0      0      0  14801   2797  15750      4      0 
 05:24:13       0    288     73      -    100      2      0      0      0      0  14801   2790  15750      4      0 
 05:24:18       0    289     73      -    100      3      0      0      0      0  14801   2797  15750      4      0 
 05:24:23       0    289     68      -    100      8      0      0      0      0  14801   2790  15750      4      0 
 05:24:28       0    288     73      -    100      1      0      0      0      0  14801   2812  15730      4      0 
 05:24:33       0    288     73      -    100      1      0      0      0      0  14801   2790  15730      4      0 
 05:24:38       0    289     73      -    100      2      0      0      0      0  14801   2790  15730      4      0 
 05:24:43       0    288     70      -    100     33      0      0      0      0  14801   2790  15730      4      0 
 05:24:48       0    288     73      -    100      1      0      0      0      0  14801   2812  15730      4      0 
 05:24:53       0    288     73      -    100      1      0      0      0      0  14801   2790  15730      4      0 
 05:24:58       0    288     73      -    100      2      0      0      0      0  14801   2790  15730      4      0 
 05:25:03       0    287     73      -    100      1      0      0      0      0  14801   2790  15730      4      0 
 05:25:08       0    288     73      -    100      1      0      0      0      0  14801   2790  15730      4      0 
 05:25:13       0    287     73      -    100      2      0      0      0      0  14801   2790  15730      4      0 
 05:25:18       0    287     73      -    100      1      0      0      0      0  14801   2790  15730      4      0 
 05:25:23       0    288     73      -    100      1      0      0      0      0  14801   2790  15730      4      0 
 05:25:28       0    287     73      -    100      1      0      0      0      0  14801   2790  15730      4      0 
 05:25:34       0    288     73      -    100      1      0      0      0      0  14801   2812  15730      4      0 
 05:25:39       0    288     73      -    100      1      0      0      0      0  14801   2805  15730      4      0 
 05:25:44       0    289     73      -    100      1      0      0      0      0  14801   2790  15730      4      0 
 05:25:49       0    291     73      -    100      1      0      0      0      0  14801   2790  15730      4      0 
#Time         gpu    pwr  gtemp  mtemp     sm    mem    enc    dec    jpg    ofa   mclk   pclk     fb   bar1   ccpm 
#HH:MM:SS     Idx      W      C      C      %      %      %      %      %      %    MHz    MHz     MB     MB     MB 
 05:25:54       0    289     73      -    100      1      0      0      0      0  14801   2790  15730      4      0 
 05:25:59       0    287     73      -    100      1      0      0      0      0  14801   2812  15730      4      0 
 05:26:04       0    287     67      -    100     13      0      0      0      0  14801   2790  15730      4      0 
 05:26:09       0    287     73      -    100      1      0      0      0      0  14801   2790  15730      4      0 
 05:26:14       0    286     73      -    100      1      0      0      0      0  14801   2812  15730      4      0 
 05:26:19       0    292     73      -    100      1      0      0      0      0  14801   2790  15730      4      0 
 05:26:24       0    286     73      -    100      1      0      0      0      0  14801   2790  15730      4      0 
 05:26:29       0    274     61      -     38     16      0      0      0      0  14801   2805  15710      4      0 
 05:26:34       0    287     73      -    100      1      0      0      0      0  14801   2790  15750      4      0 
 05:26:39       0    286     72      -    100     19      0      0      0      0  14801   2797  15750      4      0 
 05:26:44       0    287     73      -    100      1      0      0      0      0  14801   2790  15750      4      0 
 05:26:49       0    286     72      -    100     16      0      0      0      0  14801   2797  15750      4      0 
 05:26:54       0    288     73      -    100      1      0      0      0      0  14801   2790  15750      4      0 
 05:26:59       0    286     68      -    100     15      0      0      0      0  14801   2790  15750      4      0 
 05:27:04       0    286     73      -    100      1      0      0      0      0  14801   2790  15750      4      0 
 05:27:09       0    293     73      -    100      1      0      0      0      0  14801   2790  15750      4      0 
 05:27:14       0    286     73      -    100      1      0      0      0      0  14801   2812  15750      4      0 
 05:27:19       0    288     73      -    100      1      0      0      0      0  14801   2790  15750      4      0 
 05:27:24       0    292     73      -    100      1      0      0      0      0  14801   2790  15750      4      0 
 05:27:29       0    287     73      -    100      1      0      0      0      0  14801   2812  15750      4      0 
 05:27:34       0    229     68      -    100     39      0      0      0      0  14801   2820  15110      4      0 
 05:27:39       0    293     70      -    100     32      0      0      0      0  14801   2812  15110      4      0 
 05:27:44       0    296     70      -    100     35      0      0      0      0  14801   2797  15110      4      0 
 05:27:49       0     56     53      -      0      0      0      0      0      0  14801   2850  15090      4      0 
 05:27:54       0    291     71      -    100     24      0      0      0      0  14801   2820  15090      4      0 
 05:27:59       0    293     70      -    100     27      0      0      0      0  14801   2805  15090      4      0 
 05:28:04       0    295     74      -    100      0      0      0      0      0  14801   2812  15304      4      0 
 05:28:09       0    297     71      -    100     35      0      0      0      0  14801   2805  15304      4      0 
 05:28:14       0    290     73      -    100      2      0      0      0      0  14801   2790  15304      4      0 
 05:28:19       0    289     73      -    100      2      0      0      0      0  14801   2805  15498      4      0 
 05:28:24       0    289     73      -    100      2      0      0      0      0  14801   2797  15498      4      0 
 05:28:29       0    290     73      -    100      2      0      0      0      0  14801   2805  15498      4      0 
 05:28:34       0    290     73      -    100      6      0      0      0      0  14801   2797  15498      4      0 
 05:28:39       0    289     70      -    100     20      0      0      0      0  14801   2790  15714      4      0 
 05:28:44       0    290     73      -    100      2      0      0      0      0  14801   2790  15714      4      0 
 05:28:49       0    290     73      -    100      2      0      0      0      0  14801   2797  15714      4      0 
 05:28:54       0    291     74      -    100      2      0      0      0      0  14801   2790  15714      4      0 
 05:28:59       0    289     73      -    100      2      0      0      0      0  14801   2797  15714      4      0 
 05:29:04       0    287     71      -    100     24      0      0      0      0  14801   2797  15686      4      0 
 05:29:09       0    289     72      -    100      5      0      0      0      0  14801   2790  15726      4      0 
 05:29:14       0    289     73      -    100      2      0      0      0      0  14801   2805  15726      4      0 
 05:29:19       0    290     73      -    100      2      0      0      0      0  14801   2790  15726      4      0 
 05:29:24       0    288     70      -    100     15      0      0      0      0  14801   2790  15726      4      0 
 05:29:29       0    291     74      -    100      2      0      0      0      0  14801   2790  15726      4      0 
#Time         gpu    pwr  gtemp  mtemp     sm    mem    enc    dec    jpg    ofa   mclk   pclk     fb   bar1   ccpm 
#HH:MM:SS     Idx      W      C      C      %      %      %      %      %      %    MHz    MHz     MB     MB     MB 
 05:29:34       0    291     73      -    100      2      0      0      0      0  14801   2805  15726      4      0 
 05:29:39       0    288     72      -    100     22      0      0      0      0  14801   2790  15730      4      0 
 05:29:44       0    290     73      -    100      2      0      0      0      0  14801   2797  15730      4      0 
 05:29:49       0    291     73      -    100      2      0      0      0      0  14801   2790  15730      4      0 
 05:29:54       0    287     70      -    100     36      0      0      0      0  14801   2790  15730      4      0 
 05:29:59       0    287     72      -    100     22      0      0      0      0  14801   2790  15730      4      0 
 05:30:04       0    287     70      -    100     31      0      0      0      0  14801   2790  15730      4      0 
 05:30:09       0    290     73      -    100      2      0      0      0      0  14801   2790  15730      4      0 
 05:30:14       0    290     73      -    100      2      0      0      0      0  14801   2790  15730      4      0 
 05:30:19       0    289     73      -    100      2      0      0      0      0  14801   2797  15750      4      0 
 05:30:24       0    290     73      -    100      2      0      0      0      0  14801   2790  15750      4      0 
 05:30:29       0    290     73      -    100     10      0      0      0      0  14801   2797  15750      4      0 
 05:30:34       0    288     73      -    100      2      0      0      0      0  14801   2797  15750      4      0 
 05:30:39       0    289     73      -    100      2      0      0      0      0  14801   2790  15750      4      0 
 05:30:44       0    289     69      -    100     31      0      0      0      0  14801   2790  15750      4      0 
 05:30:49       0    290     73      -    100      2      0      0      0      0  14801   2805  15750      4      0 
 05:30:54       0    290     73      -    100      2      0      0      0      0  14801   2812  15750      4      0 
 05:30:59       0    289     73      -    100      2      0      0      0      0  14801   2805  15750      4      0 
 05:31:04       0    289     72      -    100     21      0      0      0      0  14801   2790  15750      4      0 
 05:31:09       0    290     70      -    100     36      0      0      0      0  14801   2790  15750      4      0 
 05:31:14       0    290     73      -    100      2      0      0      0      0  14801   2790  15750      4      0 
 05:31:19       0    289     73      -    100      2      0      0      0      0  14801   2790  15750      4      0 
 05:31:24       0    289     73      -    100      1      0      0      0      0  14801   2812  15750      4      0 
 05:31:29       0    288     73      -    100      2      0      0      0      0  14801   2790  15750      4      0 
 05:31:34       0    289     73      -    100      1      0      0      0      0  14801   2790  15750      4      0 
 05:31:39       0    290     70      -    100     26      0      0      0      0  14801   2790  15750      4      0 
 05:31:44       0    289     73      -    100      1      0      0      0      0  14801   2790  15750      4      0 
 05:31:49       0    291     73      -    100      1      0      0      0      0  14801   2790  15750      4      0 
 05:31:54       0    288     73      -    100      2      0      0      0      0  14801   2805  15750      4      0 
 05:31:59       0    288     73      -    100      2      0      0      0      0  14801   2790  15730      4      0 
 05:32:04       0    293     73      -    100      2      0      0      0      0  14801   2790  15730      4      0 
 05:32:09       0    287     73      -    100      2      0      0      0      0  14801   2820  15730      4      0 
 05:32:14       0    288     73      -    100      1      0      0      0      0  14801   2790  15730      4      0 
 05:32:19       0    289     73      -    100      1      0      0      0      0  14801   2790  15730      4      0 
 05:32:24       0    286     73      -    100      2      0      0      0      0  14801   2790  15730      4      0 
 05:32:29       0    293     73      -    100      2      0      0      0      0  14801   2790  15730      4      0 
 05:32:34       0    293     73      -    100      1      0      0      0      0  14801   2790  15730      4      0 
 05:32:39       0    292     73      -    100      2      0      0      0      0  14801   2790  15730      4      0 
 05:32:44       0    287     69      -    100     25      0      0      0      0  14801   2790  15730      4      0 
 05:32:49       0    287     73      -    100      2      0      0      0      0  14801   2805  15730      4      0 
 05:32:54       0    287     73      -    100      1      0      0      0      0  14801   2812  15730      4      0 
 05:32:59       0    288     73      -    100      1      0      0      0      0  14801   2812  15730      4      0 
 05:33:04       0    286     67      -    100     21      0      0      0      0  14801   2790  15730      4      0 
 05:33:09       0    290     73      -    100      1      0      0      0      0  14801   2790  15730      4      0 
#Time         gpu    pwr  gtemp  mtemp     sm    mem    enc    dec    jpg    ofa   mclk   pclk     fb   bar1   ccpm 
#HH:MM:SS     Idx      W      C      C      %      %      %      %      %      %    MHz    MHz     MB     MB     MB 
 05:33:14       0    287     73      -    100      1      0      0      0      0  14801   2790  15730      4      0 
 05:33:19       0    287     73      -    100      1      0      0      0      0  14801   2790  15730      4      0 
 05:33:24       0    285     73      -    100      2      0      0      0      0  14801   2812  15730      4      0 
 05:33:29       0    292     73      -    100      1      0      0      0      0  14801   2790  15730      4      0 
 05:33:34       0    286     73      -    100      1      0      0      0      0  14801   2790  15730      4      0 
 05:33:39       0    287     73      -    100      1      0      0      0      0  14801   2812  15730      4      0 
 05:33:44       0    292     73      -    100      1      0      0      0      0  14801   2790  15730      4      0 
 05:33:49       0    284     73      -    100      1      0      0      0      0  14801   2790  15730      4      0 
 05:33:54       0    286     73      -    100      1      0      0      0      0  14801   2805  15730      4      0 
 05:33:59       0    286     73      -    100      1      0      0      0      0  14801   2790  15750      4      0 
 05:34:04       0    287     73      -    100      1      0      0      0      0  14801   2812  15750      4      0 
 05:34:09       0    288     73      -    100      1      0      0      0      0  14801   2790  15750      4      0 
 05:34:14       0    284     73      -    100      1      0      0      0      0  14801   2827  15750      4      0 
 05:34:19       0    287     73      -    100      1      0      0      0      0  14801   2790  15750      4      0 
 05:34:24       0    285     73      -    100      6      0      0      0      0  14801   2797  15750      4      0 
 05:34:29       0    286     73      -    100      1      0      0      0      0  14801   2790  15750      4      0 
 05:34:34       0    288     70      -    100      1      0      0      0      0  14801   2790  15750      4      0 
 05:34:39       0    287     73      -    100      1      0      0      0      0  14801   2790  15750      4      0 
 05:34:44       0    292     73      -    100      1      0      0      0      0  14801   2790  15750      4      0 
 05:34:49       0    283     72      -     99     33      0      0      0      0  14801   2797  15750      4      0 
 05:34:54       0    286     73      -    100      1      0      0      0      0  14801   2790  15750      4      0 
 05:34:59       0    188     61      -     97     60      0      0      0      0  14801   2827  15750      4      0 
 05:35:04       0     47     50      -      0      0      0      0      0      0  14801   2610  15110      4      0 
 05:35:09       0     45     49      -      0      0      0      0      0      0  15001   2610      2      1      0 
