#Time         gpu    pwr  gtemp  mtemp     sm    mem    enc    dec    jpg    ofa   mclk   pclk     fb   bar1   ccpm 
#HH:MM:SS     Idx      W      C      C      %      %      %      %      %      %    MHz    MHz     MB     MB     MB 
 04:55:47       0     11     38      -      0      0      0      0      0      0    405    180      2      1      0 
 04:55:52       0     11     38      -      0      0      0      0      0      0    405    180      2      1      0 
 04:55:57       0     11     38      -      0      0      0      0      0      0    405    180      2      1      0 
 04:56:02       0     44     40      -      8      0      0      0      0      0  14801   2662   1698      4      0 
 04:56:07       0     44     40      -      4      0      0      0      0      0  14801   2610   2682      4      0 
 04:56:12       0     49     41      -      0      0      0      0      0      0  14801   2872  14280      4      0 
 04:56:17       0     44     40      -      0      0      0      0      0      0  14801   2610  10844      4      0 
 04:56:22       0     44     40      -      0      0      0      0      0      0  14801   2610  10878      4      0 
 04:56:27       0     44     40      -      0      0      0      0      0      0  14801   2610  10878      4      0 
 04:56:32       0     44     40      -      0      0      0      0      0      0  14801   2617  10878      4      0 
 04:56:37       0     49     41      -      0      0      0      0      0      0  14801   2872  10904      4      0 
 04:56:42       0     48     43      -      0      0      0      0      0      0  14801   2857  11540      4      0 
 04:56:47       0     44     41      -      0      0      0      0      0      0  14801   2610  15102      4      0 
 04:56:52       0    153     45      -      0      0      0      0      0      0  14801   2850  15746      4      0 
 04:56:57       0     44     42      -      0      0      0      0      0      0  14801   2610  15746      4      0 
 04:57:02       0     44     42      -      0      0      0      0      0      0  14801   2610  15746      4      0 
 04:57:07       0     44     42      -      0      0      0      0      0      0  14801   2610  15746      4      0 
 04:57:12       0     13     40      -     63     16      0      0      0      0  14801    930  15748      4      0 
 04:57:17       0    287     64      -    100     23      0      0      0      0  14801   2827  15768      4      0 
 04:57:22       0    291     67      -    100      0      0      0      0      0  14801   2820  15768      4      0 
 04:57:27       0    166     52      -     44     26      0      0      0      0  14801   2827  15726      4      0 
 04:57:32       0    169     62      -    100     36      0      0      0      0  14801   2827  15726      4      0 
 04:57:37       0    291     68      -    100      6      0      0      0      0  14801   2820  15726      4      0 
 04:57:42       0    293     66      -    100     25      0      0      0      0  14801   2812  15728      4      0 
 04:57:47       0    293     69      -    100     15      0      0      0      0  14801   2797  15728      4      0 
 04:57:52       0    288     71      -    100      1      0      0      0      0  14801   2805  15730      4      0 
 04:57:57       0    286     68      -    100      2      0      0      0      0  14801   2797  15748      4      0 
 04:58:02       0    285     69      -    100      9      0      0      0      0  14801   2797  15750      4      0 
 04:58:07       0    286     72      -    100     19      0      0      0      0  14801   2812  15750      4      0 
 04:58:12       0    287     69      -    100      2      0      0      0      0  14801   2790  15750      4      0 
 04:58:17       0    269     72      -    100      2      0      0      0      0  14801   2790  15750      4      0 
 04:58:22       0    288     72      -    100      2      0      0      0      0  14801   2812  15750      4      0 
 04:58:27       0    288     72      -    100      2      0      0      0      0  14801   2805  15750      4      0 
 04:58:32       0    288     73      -    100     23      0      0      0      0  14801   2805  15750      4      0 
 04:58:37       0    287     73      -    100      2      0      0      0      0  14801   2797  15750      4      0 
 04:58:42       0    288     73      -    100      2      0      0      0      0  14801   2790  15750      4      0 
 04:58:47       0    288     73      -    100      2      0      0      0      0  14801   2797  15726      4      0 
 04:58:52       0    289     69      -    100      2      0      0      0      0  14801   2790  15726      4      0 
 04:58:57       0    288     73      -    100      2      0      0      0      0  14801   2812  15726      4      0 
 04:59:02       0    287     73      -    100      2      0      0      0      0  14801   2790  15726      4      0 
 04:59:07       0    288     73      -    100      2      0      0      0      0  14801   2790  15726      4      0 
 04:59:12       0    288     73      -    100      2      0      0      0      0  14801   2805  15726      4      0 
 04:59:17       0    290     70      -    100      2      0      0      0      0  14801   2790  15668      4      0 
 04:59:22       0    285     73      -    100     28      0      0      0      0  14801   2820  15730      4      0 
#Time         gpu    pwr  gtemp  mtemp     sm    mem    enc    dec    jpg    ofa   mclk   pclk     fb   bar1   ccpm 
#HH:MM:SS     Idx      W      C      C      %      %      %      %      %      %    MHz    MHz     MB     MB     MB 
 04:59:27       0    287     73      -    100      2      0      0      0      0  14801   2790  15730      4      0 
 04:59:32       0    288     73      -    100      2      0      0      0      0  14801   2790  15730      4      0 
 04:59:37       0    288     73      -    100      2      0      0      0      0  14801   2790  15730      4      0 
 04:59:42       0    288     73      -    100      2      0      0      0      0  14801   2790  15730      4      0 
 04:59:47       0    287     73      -    100      2      0      0      0      0  14801   2790  15730      4      0 
 04:59:52       0    289     73      -    100      2      0      0      0      0  14801   2790  15730      4      0 
 04:59:57       0    281     63      -     61     23      0      0      0      0  14801   2820  15710      4      0 
 05:00:02       0    289     73      -    100      2      0      0      0      0  14801   2790  15750      4      0 
 05:00:07       0    286     73      -    100     32      0      0      0      0  14801   2812  15750      4      0 
 05:00:12       0    289     73      -    100      1      0      0      0      0  14801   2790  15750      4      0 
 05:00:17       0    289     73      -    100      1      0      0      0      0  14801   2790  15750      4      0 
 05:00:22       0    285     70      -    100      3      0      0      0      0  14801   2797  15750      4      0 
 05:00:27       0    288     73      -    100     28      0      0      0      0  14801   2812  15750      4      0 
 05:00:32       0    289     73      -    100      7      0      0      0      0  14801   2812  15750      4      0 
 05:00:37       0    286     73      -    100      8      0      0      0      0  14801   2812  15750      4      0 
 05:00:42       0    290     73      -    100      2      0      0      0      0  14801   2805  15750      4      0 
 05:00:47       0    285     71      -    100     14      0      0      0      0  14801   2805  15750      4      0 
 05:00:52       0    288     73      -    100      2      0      0      0      0  14801   2790  15750      4      0 
 05:00:57       0    288     73      -    100      1      0      0      0      0  14801   2790  15750      4      0 
 05:01:02       0    286     73      -    100      2      0      0      0      0  14801   2805  15750      4      0 
 05:01:07       0    285     70      -    100      7      0      0      0      0  14801   2797  15750      4      0 
 05:01:12       0    288     73      -    100      2      0      0      0      0  14801   2790  15750      4      0 
 05:01:17       0    288     73      -    100     34      0      0      0      0  14801   2805  15750      4      0 
 05:01:22       0    287     73      -    100      1      0      0      0      0  14801   2790  15750      4      0 
 05:01:27       0    289     73      -    100     37      0      0      0      0  14801   2812  15750      4      0 
 05:01:32       0    288     73      -    100      1      0      0      0      0  14801   2790  15750      4      0 
 05:01:37       0    288     73      -    100      1      0      0      0      0  14801   2790  15730      4      0 
 05:01:42       0    285     72      -     99     33      0      0      0      0  14801   2820  15730      4      0 
 05:01:47       0    289     73      -    100      1      0      0      0      0  14801   2790  15730      4      0 
 05:01:52       0    288     73      -    100      1      0      0      0      0  14801   2790  15730      4      0 
 05:01:57       0    289     73      -    100      1      0      0      0      0  14801   2790  15730      4      0 
 05:02:02       0    287     68      -    100      9      0      0      0      0  14801   2805  15730      4      0 
 05:02:07       0    288     73      -    100     34      0      0      0      0  14801   2805  15730      4      0 
 05:02:12       0    287     73      -    100     18      0      0      0      0  14801   2812  15730      4      0 
 05:02:17       0    287     73      -    100      1      0      0      0      0  14801   2797  15730      4      0 
 05:02:22       0    287     73      -    100      1      0      0      0      0  14801   2797  15730      4      0 
 05:02:27       0    287     73      -    100      2      0      0      0      0  14801   2812  15730      4      0 
 05:02:32       0    287     73      -    100      2      0      0      0      0  14801   2805  15730      4      0 
 05:02:37       0    287     72      -    100     15      0      0      0      0  14801   2805  15730      4      0 
 05:02:42       0    292     73      -    100      1      0      0      0      0  14801   2790  15730      4      0 
 05:02:47       0    292     73      -    100      1      0      0      0      0  14801   2790  15730      4      0 
 05:02:52       0    287     73      -    100      1      0      0      0      0  14801   2790  15730      4      0 
 05:02:57       0    283     73      -    100      1      0      0      0      0  14801   2790  15730      4      0 
 05:03:02       0    287     73      -    100      1      0      0      0      0  14801   2812  15730      4      0 
#Time         gpu    pwr  gtemp  mtemp     sm    mem    enc    dec    jpg    ofa   mclk   pclk     fb   bar1   ccpm 
#HH:MM:SS     Idx      W      C      C      %      %      %      %      %      %    MHz    MHz     MB     MB     MB 
 05:03:07       0    292     73      -    100      1      0      0      0      0  14801   2790  15730      4      0 
 05:03:12       0    288     73      -    100      1      0      0      0      0  14801   2790  15730      4      0 
 05:03:17       0    287     73      -    100      1      0      0      0      0  14801   2790  15730      4      0 
 05:03:22       0    287     73      -    100      1      0      0      0      0  14801   2797  15730      4      0 
 05:03:27       0    288     70      -    100      1      0      0      0      0  14801   2790  15730      4      0 
 05:03:32       0    287     73      -    100      1      0      0      0      0  14801   2790  15730      4      0 
 05:03:37       0    277     65      -     70     24      0      0      0      0  14801   2820  15710      4      0 
 05:03:42       0    288     73      -    100      1      0      0      0      0  14801   2790  15750      4      0 
 05:03:47       0    285     73      -    100      5      0      0      0      0  14801   2812  15750      4      0 
 05:03:52       0    288     73      -    100      1      0      0      0      0  14801   2790  15750      4      0 
 05:03:57       0    287     73      -    100      5      0      0      0      0  14801   2812  15750      4      0 
 05:04:02       0    287     73      -    100      1      0      0      0      0  14801   2790  15750      4      0 
 05:04:07       0    285     68      -    100     19      0      0      0      0  14801   2797  15750      4      0 
 05:04:12       0    284     73      -    100      1      0      0      0      0  14801   2790  15750      4      0 
 05:04:17       0    292     73      -    100      1      0      0      0      0  14801   2790  15750      4      0 
 05:04:22       0    286     73      -    100      1      0      0      0      0  14801   2812  15750      4      0 
 05:04:27       0    287     73      -    100      1      0      0      0      0  14801   2790  15750      4      0 
 05:04:32       0    292     73      -    100      1      0      0      0      0  14801   2790  15750      4      0 
 05:04:37       0    286     73      -    100      1      0      0      0      0  14801   2805  15750      4      0 
 05:04:42       0    230     68      -    100     37      0      0      0      0  14801   2820  15746      4      0 
 05:04:47       0    294     70      -    100     19      0      0      0      0  14801   2805  15746      4      0 
 05:04:52       0    296     73      -    100      0      0      0      0      0  14801   2805  15746      4      0 
 05:04:57       0     56     53      -      0      0      0      0      0      0  14801   2850  15726      4      0 
 05:05:02       0    293     67      -    100     29      0      0      0      0  14801   2820  15726      4      0 
 05:05:07       0    292     71      -    100     19      0      0      0      0  14801   2805  15726      4      0 
 05:05:12       0    296     74      -    100      0      0      0      0      0  14801   2812  15728      4      0 
 05:05:17       0    298     70      -    100     36      0      0      0      0  14801   2797  15728      4      0 
 05:05:22       0    291     73      -    100      2      0      0      0      0  14801   2805  15728      4      0 
 05:05:27       0    290     73      -    100      2      0      0      0      0  14801   2805  15750      4      0 
 05:05:32       0    289     73      -    100      2      0      0      0      0  14801   2805  15750      4      0 
 05:05:37       0    290     73      -    100      2      0      0      0      0  14801   2805  15750      4      0 
 05:05:42       0    290     70      -    100     19      0      0      0      0  14801   2790  15750      4      0 
 05:05:47       0    288     70      -    100     30      0      0      0      0  14801   2790  15750      4      0 
 05:05:52       0    290     73      -    100      2      0      0      0      0  14801   2805  15750      4      0 
 05:05:57       0    289     73      -    100      2      0      0      0      0  14801   2805  15750      4      0 
 05:06:02       0    290     70      -    100      7      0      0      0      0  14801   2790  15750      4      0 
 05:06:07       0    288     73      -    100      2      0      0      0      0  14801   2797  15750      4      0 
 05:06:12       0    287     73      -    100     14      0      0      0      0  14801   2820  15686      4      0 
 05:06:17       0    289     70      -    100     16      0      0      0      0  14801   2790  15726      4      0 
 05:06:23       0    289     73      -    100      2      0      0      0      0  14801   2790  15726      4      0 
 05:06:28       0    288     73      -    100      1      0      0      0      0  14801   2790  15726      4      0 
 05:06:33       0    288     70      -    100     24      0      0      0      0  14801   2790  15726      4      0 
 05:06:38       0    289     74      -    100      2      0      0      0      0  14801   2790  15726      4      0 
 05:06:43       0    291     74      -    100      2      0      0      0      0  14801   2790  15726      4      0 
#Time         gpu    pwr  gtemp  mtemp     sm    mem    enc    dec    jpg    ofa   mclk   pclk     fb   bar1   ccpm 
#HH:MM:SS     Idx      W      C      C      %      %      %      %      %      %    MHz    MHz     MB     MB     MB 
 05:06:48       0    288     73      -    100     18      0      0      0      0  14801   2805  15730      4      0 
 05:06:53       0    290     73      -    100      2      0      0      0      0  14801   2790  15730      4      0 
 05:06:58       0    289     74      -    100      2      0      0      0      0  14801   2790  15730      4      0 
 05:07:03       0    286     70      -    100     34      0      0      0      0  14801   2797  15730      4      0 
 05:07:08       0    286     73      -    100     19      0      0      0      0  14801   2805  15730      4      0 
 05:07:13       0    286     69      -    100     33      0      0      0      0  14801   2797  15730      4      0 
 05:07:18       0    289     73      -    100      2      0      0      0      0  14801   2790  15730      4      0 
 05:07:23       0    290     73      -    100      2      0      0      0      0  14801   2790  15730      4      0 
 05:07:28       0    287     73      -    100      2      0      0      0      0  14801   2805  15750      4      0 
 05:07:33       0    290     73      -    100      2      0      0      0      0  14801   2790  15750      4      0 
 05:07:38       0    289     73      -    100     12      0      0      0      0  14801   2805  15750      4      0 
 05:07:43       0    289     73      -    100      1      0      0      0      0  14801   2790  15750      4      0 
 05:07:48       0    290     73      -    100      2      0      0      0      0  14801   2790  15750      4      0 
 05:07:53       0    287     70      -    100     37      0      0      0      0  14801   2805  15750      4      0 
 05:07:58       0    290     73      -    100      2      0      0      0      0  14801   2805  15750      4      0 
 05:08:03       0    290     73      -    100      2      0      0      0      0  14801   2812  15750      4      0 
 05:08:08       0    289     73      -    100      2      0      0      0      0  14801   2812  15750      4      0 
 05:08:13       0    288     69      -    100     33      0      0      0      0  14801   2797  15750      4      0 
 05:08:18       0    289     70      -    100     30      0      0      0      0  14801   2797  15750      4      0 
 05:08:23       0    289     73      -    100      2      0      0      0      0  14801   2790  15750      4      0 
 05:08:28       0    289     73      -    100      2      0      0      0      0  14801   2790  15750      4      0 
 05:08:33       0    289     73      -    100      2      0      0      0      0  14801   2805  15750      4      0 
 05:08:38       0    287     73      -    100      2      0      0      0      0  14801   2790  15750      4      0 
 05:08:43       0    288     73      -    100      2      0      0      0      0  14801   2790  15750      4      0 
 05:08:48       0    288     67      -    100      8      0      0      0      0  14801   2790  15750      4      0 
 05:08:53       0    288     73      -    100      1      0      0      0      0  14801   2790  15750      4      0 
 05:08:58       0    290     73      -    100      2      0      0      0      0  14801   2790  15750      4      0 
 05:09:03       0    288     73      -    100      1      0      0      0      0  14801   2797  15750      4      0 
 05:09:08       0    288     73      -    100      1      0      0      0      0  14801   2790  15730      4      0 
 05:09:13       0    288     73      -    100      2      0      0      0      0  14801   2790  15730      4      0 
 05:09:18       0    285     72      -    100     19      0      0      0      0  14801   2820  15730      4      0 
 05:09:23       0    288     73      -    100      1      0      0      0      0  14801   2790  15730      4      0 
 05:09:28       0    288     73      -    100      2      0      0      0      0  14801   2790  15730      4      0 
 05:09:33       0    286     73      -    100      2      0      0      0      0  14801   2790  15730      4      0 
 05:09:38       0    288     73      -    100      1      0      0      0      0  14801   2790  15730      4      0 
 05:09:43       0    289     73      -    100      1      0      0      0      0  14801   2790  15730      4      0 
 05:09:48       0    290     73      -    100      1      0      0      0      0  14801   2790  15730      4      0 
 05:09:53       0    292     73      -    100      1      0      0      0      0  14801   2790  15730      4      0 
 05:09:58       0    291     73      -    100      1      0      0      0      0  14801   2790  15730      4      0 
 05:10:03       0    287     73      -    100      1      0      0      0      0  14801   2790  15730      4      0 
 05:10:08       0    288     73      -    100      1      0      0      0      0  14801   2790  15730      4      0 
 05:10:13       0    287     73      -    100      1      0      0      0      0  14801   2790  15730      4      0 
 05:10:18       0    284     73      -    100      1      0      0      0      0  14801   2790  15730      4      0 
 05:10:23       0    287     73      -    100      1      0      0      0      0  14801   2805  15730      4      0 
#Time         gpu    pwr  gtemp  mtemp     sm    mem    enc    dec    jpg    ofa   mclk   pclk     fb   bar1   ccpm 
#HH:MM:SS     Idx      W      C      C      %      %      %      %      %      %    MHz    MHz     MB     MB     MB 
 05:10:28       0    292     73      -    100      1      0      0      0      0  14801   2790  15730      4      0 
 05:10:33       0    287     73      -    100      1      0      0      0      0  14801   2790  15730      4      0 
 05:10:38       0    286     73      -    100      1      0      0      0      0  14801   2790  15730      4      0 
 05:10:43       0    286     71      -    100     23      0      0      0      0  14801   2805  15730      4      0 
 05:10:48       0    293     73      -    100      1      0      0      0      0  14801   2790  15730      4      0 
 05:10:53       0    287     73      -    100      1      0      0      0      0  14801   2790  15730      4      0 
 05:10:58       0    287     69      -     99     36      0      0      0      0  14801   2805  15730      4      0 
 05:11:03       0    287     73      -    100      1      0      0      0      0  14801   2790  15730      4      0 
 05:11:08       0    286     73      -    100      2      0      0      0      0  14801   2812  15750      4      0 
 05:11:13       0    287     73      -    100      1      0      0      0      0  14801   2790  15750      4      0 
 05:11:18       0    286     73      -    100      1      0      0      0      0  14801   2812  15750      4      0 
 05:11:23       0    292     73      -    100      1      0      0      0      0  14801   2790  15750      4      0 
 05:11:28       0    287     73      -    100      1      0      0      0      0  14801   2812  15750      4      0 
 05:11:33       0    284     73      -    100      1      0      0      0      0  14801   2790  15750      4      0 
 05:11:38       0    287     72      -    100     16      0      0      0      0  14801   2805  15750      4      0 
 05:11:43       0    286     73      -    100      1      0      0      0      0  14801   2790  15750      4      0 
 05:11:48       0    292     73      -    100      1      0      0      0      0  14801   2790  15750      4      0 
 05:11:53       0    285     73      -    100      1      0      0      0      0  14801   2805  15750      4      0 
 05:11:58       0    286     73      -    100      1      0      0      0      0  14801   2790  15750      4      0 
 05:12:03       0    292     73      -    100      1      0      0      0      0  14801   2790  15750      4      0 
 05:12:08       0    257     64      -    100      5      0      0      0      0  14801   2820  15750      4      0 
 05:12:13       0     47     51      -      0      0      0      0      0      0  14801   2610  15746      4      0 
 05:12:18       0     46     49      -      0      0      0      0      0      0  15001   2610      2      1      0 
