#Time         gpu    pwr  gtemp  mtemp     sm    mem    enc    dec    jpg    ofa   mclk   pclk     fb   bar1   ccpm 
#HH:MM:SS     Idx      W      C      C      %      %      %      %      %      %    MHz    MHz     MB     MB     MB 
 09:28:31       0     14     40      -      0      6      0      0      0      0    405    195     10     10      0 
 09:28:36       0     14     40      -      0      6      0      0      0      0    405    195     10     10      0 
 09:28:41       0     15     40      -      0      6      0      0      0      0  15001    195    348     13      0 
 09:28:46       0     47     42      -      0      0      0      0      0      0  14801   2692  15004     13      0 
 09:28:51       0     47     42      -      0      0      0      0      0      0  14801   2692  15004     13      0 
 09:28:56       0     48     42      -      0      0      0      0      0      0  14801   2850  11566     13      0 
 09:29:01       0     47     42      -      0      0      0      0      0      0  14801   2692  11600     13      0 
 09:29:06       0     48     42      -      0      0      0      0      0      0  14801   2692  11600     13      0 
 09:29:11       0     47     42      -      0      0      0      0      0      0  14801   2692  11600     13      0 
 09:29:16       0     52     42      -      0      0      0      0      0      0  14801   2835  11600     13      0 
 09:29:21       0     64     44      -      0      0      0      0      0      0  14801   2835  11626     13      0 
 09:29:26       0     47     43      -      0      0      0      0      0      0  14801   2692  11626     13      0 
 09:29:31       0     47     43      -      0      0      0      0      0      0  14801   2692  11626     13      0 
 09:29:36       0     47     43      -      0      0      0      0      0      0  14801   2692  12262     13      0 
 09:29:41       0     49     43      -      0      0      0      0      0      0  14801   2835  12262     13      0 
 09:29:46       0     47     43      -      0      0      0      0      0      0  14801   2692  15052     13      0 
 09:29:51       0     49     44      -      0      0      0      0      0      0  14801   2835  15698     13      0 
 09:29:56       0     47     44      -      0      0      0      0      0      0  14801   2692  15698     13      0 
 09:30:01       0     47     44      -      0      0      0      0      0      0  14801   2692  15698     13      0 
 09:30:06       0     47     44      -      0      0      0      0      0      0   7001   2692  15698     13      0 
 09:30:11       0     76     49      -     97     46      0      0      0      0  14801   2827  15700     13      0 
 09:30:16       0     47     45      -      0      0      0      0      0      0  14801   2692  15700     13      0 
