#Time         gpu    pwr  gtemp  mtemp     sm    mem    enc    dec    jpg    ofa   mclk   pclk     fb   bar1   ccpm 
#HH:MM:SS     Idx      W      C      C      %      %      %      %      %      %    MHz    MHz     MB     MB     MB 
 09:25:19       0     14     40      -      0      6      0      0      0      0    405    195     10     10      0 
 09:25:24       0     14     40      -      0      6      0      0      0      0    405    195     10     10      0 
 09:25:29       0     14     40      -      0      6      0      0      0      0    405    195    348     13      0 
 09:25:34       0     47     41      -      1      0      0      0      0      0  14801   2692   2676     13      0 
 09:25:39       0     47     41      -      0      0      0      0      0      0  14801   2692   2690     13      0 
 09:25:44       0     47     41      -      0      0      0      0      0      0  14801   2692   2690     13      0 
 09:25:49       0     47     41      -      0      0      0      0      0      0  14801   2692   4944     13      0 
 09:25:54       0    270     54      -    100     22      0      0      0      0  14801   2820   4966     13      0 
 09:25:59       0     49     43      -      0      0      0      0      0      0  14801   2835  15710     13      0 
 09:26:04       0     47     42      -      0      0      0      0      0      0  14801   2692  15710     13      0 
 09:26:09       0     47     42      -      0      0      0      0      0      0  14801   2692  15710     13      0 
 09:26:14       0     47     42      -      0      0      0      0      0      0  14801   2692  15710     13      0 
 09:26:19       0    110     43      -     98     51      0      0      0      0  14801   2835  15712     13      0 
 09:26:24       0     47     43      -      0      0      0      0      0      0  14801   2692  15712     13      0 
 09:26:29       0     47     43      -      0      0      0      0      0      0  15001   2692     10     10      0 
