#Time         gpu    pwr  gtemp  mtemp     sm    mem    enc    dec    jpg    ofa   mclk   pclk     fb   bar1   ccpm 
#HH:MM:SS     Idx      W      C      C      %      %      %      %      %      %    MHz    MHz     MB     MB     MB 
 09:36:04       0     31     30      -      0      0      0      0      0      0   7001    570      2      1      0 
 09:36:09       0     20     28      -      0      0      0      0      0      0    405    225      2      1      0 
 09:36:14       0     20     28      -      0      0      0      0      0      0    405    225      2      1      0 
 09:36:19       0     31     29      -      0      0      0      0      0      0  14801   2730    338      4      0 
 09:36:24       0     49     30      -      6      0      0      0      0      0  14801   2745   2482      4      0 
 09:36:29       0     48     30      -      0      0      0      0      0      0  14801   2722   2702      4      0 
 09:36:34       0     48     30      -      0      0      0      0      0      0  14801   2722  15096      4      0 
 09:36:39       0     49     30      -      0      0      0      0      0      0  14801   2722  15096      4      0 
 09:36:44       0     48     30      -      0      0      0      0      0      0  14801   2722  11478      4      0 
 09:36:49       0     48     30      -      0      0      0      0      0      0  14801   2722  11478      4      0 
 09:36:54       0     48     30      -      0      0      0      0      0      0  14801   2722  11530      4      0 
 09:36:59       0     48     30      -      0      0      0      0      0      0  14801   2722  11530      4      0 
 09:37:04       0     57     31      -      9      1      0      0      0      0  14801   2955  11530      4      0 
 09:37:09       0     60     31      -    100      0      0      0      0      0  14801   2955  11536      4      0 
 09:37:14       0     48     30      -      0      0      0      0      0      0  14801   2722  11538      4      0 
 09:37:19       0     54     31      -    100      0      0      0      0      0  14801   2850  12134      4      0 
 09:37:24       0     49     31      -      0      0      0      0      0      0  14801   2722  12134      4      0 
 09:37:29       0     48     30      -      0      0      0      0      0      0  14801   2722  12134      4      0 
 09:37:34       0     48     30      -      0      0      0      0      0      0  14801   2722  15116      4      0 
 09:37:39       0    112     45      -    100     31      0      0      0      0  14801   2947  15700      4      0 
 09:37:44       0     48     31      -      0      0      0      0      0      0  14801   2722  15670      4      0 
 09:37:49       0     48     30      -      0      0      0      0      0      0  14801   2722  15670      4      0 
 09:37:54       0     48     30      -      0      0      0      0      0      0  14801   2722  15670      4      0 
 09:37:59       0     23     28      -      0      0      0      0      0      0    810    240  15670      4      0 
 09:38:04       0    184     39      -     94     55      0      0      0      0  14801   2910  15670      4      0 
 09:38:09       0     48     31      -      0      0      0      0      0      0  14801   2722  15670      4      0 
 09:38:14       0     48     30      -      0      0      0      0      0      0  14801   2722  15676      4      0 
 09:38:19       0    292     52      -    100     29      0      0      0      0  14801   2887  15676      4      0 
 09:38:24       0    296     54      -    100     21      0      0      0      0  14801   2880  15680      4      0 
 09:38:29       0    298     54      -     98     32      0      0      0      0  14801   2880  15680      4      0 
 09:38:34       0    296     59      -    100      8      0      0      0      0  14801   2880  15680      4      0 
 09:38:39       0    297     55      -    100     27      0      0      0      0  14801   2880  15698      4      0 
 09:38:44       0    300     58      -    100      8      0      0      0      0  14801   2880  15698      4      0 
 09:38:49       0    308     56      -     98     33      0      0      0      0  14801   2880  15698      4      0 
 09:38:54       0    309     56      -    100     32      0      0      0      0  14801   2887  15698      4      0 
 09:38:59       0    309     57      -    100     20      0      0      0      0  14801   2887  15702      4      0 
 09:39:04       0    311     58      -    100      2      0      0      0      0  14801   2887  15702      4      0 
 09:39:09       0    309     58      -    100      2      0      0      0      0  14801   2880  15702      4      0 
 09:39:14       0    308     54      -    100     29      0      0      0      0  14801   2887  15702      4      0 
 09:39:19       0    309     58      -    100      2      0      0      0      0  14801   2887  15702      4      0 
 09:39:24       0    310     55      -     94     32      0      0      0      0  14801   2880  15678      4      0 
 09:39:29       0    311     58      -    100      2      0      0      0      0  14801   2887  15678      4      0 
 09:39:34       0    311     58      -    100      2      0      0      0      0  14801   2887  15678      4      0 
 09:39:39       0    309     57      -    100      2      0      0      0      0  14801   2880  15678      4      0 
#Time         gpu    pwr  gtemp  mtemp     sm    mem    enc    dec    jpg    ofa   mclk   pclk     fb   bar1   ccpm 
#HH:MM:SS     Idx      W      C      C      %      %      %      %      %      %    MHz    MHz     MB     MB     MB 
 09:39:44       0    309     57      -    100      2      0      0      0      0  14801   2887  15678      4      0 
 09:39:49       0    309     57      -    100      2      0      0      0      0  14801   2887  15678      4      0 
 09:39:54       0    310     57      -    100      2      0      0      0      0  14801   2887  15678      4      0 
 09:39:59       0    306     57      -    100      2      0      0      0      0  14801   2880  15678      4      0 
 09:40:04       0    310     58      -    100      2      0      0      0      0  14801   2887  15678      4      0 
 09:40:09       0    309     58      -    100      2      0      0      0      0  14801   2880  15678      4      0 
 09:40:14       0    310     58      -    100      2      0      0      0      0  14801   2887  15678      4      0 
 09:40:19       0    307     56      -    100      5      0      0      0      0  14801   2887  15678      4      0 
 09:40:24       0    307     54      -    100     27      0      0      0      0  14801   2887  15678      4      0 
 09:40:29       0    306     54      -    100     22      0      0      0      0  14801   2887  15678      4      0 
 09:40:34       0    310     58      -    100      2      0      0      0      0  14801   2887  15678      4      0 
 09:40:39       0    311     58      -    100      2      0      0      0      0  14801   2887  15698      4      0 
 09:40:44       0    311     58      -    100      2      0      0      0      0  14801   2887  15698      4      0 
 09:40:49       0    310     58      -    100      2      0      0      0      0  14801   2887  15698      4      0 
 09:40:54       0    310     57      -    100      2      0      0      0      0  14801   2880  15698      4      0 
 09:40:59       0    309     57      -    100      2      0      0      0      0  14801   2887  15698      4      0 
 09:41:04       0    305     52      -    100     19      0      0      0      0  14801   2887  15698      4      0 
 09:41:09       0    310     58      -    100      2      0      0      0      0  14801   2880  15698      4      0 
 09:41:14       0    311     58      -    100      2      0      0      0      0  14801   2887  15698      4      0 
 09:41:19       0    300     48      -     84     17      0      0      0      0  14801   2880  15698      4      0 
 09:41:24       0    303     55      -    100     20      0      0      0      0  14801   2887  15698      4      0 
 09:41:29       0    299     54      -    100     30      0      0      0      0  14801   2887  15698      4      0 
 09:41:34       0    295     58      -    100      2      0      0      0      0  14801   2887  15698      4      0 
 09:41:39       0    298     59      -    100      2      0      0      0      0  14801   2887  15698      4      0 
 09:41:44       0    299     59      -    100      2      0      0      0      0  14801   2887  15698      4      0 
 09:41:49       0    310     59      -    100      2      0      0      0      0  14801   2880  15698      4      0 
 09:41:54       0    310     54      -    100     17      0      0      0      0  14801   2887  15698      4      0 
 09:41:59       0    309     58      -    100      2      0      0      0      0  14801   2887  15698      4      0 
 09:42:04       0    309     57      -    100      2      0      0      0      0  14801   2887  15698      4      0 
 09:42:09       0    309     58      -    100      2      0      0      0      0  14801   2887  15698      4      0 
 09:42:14       0    308     57      -    100      2      0      0      0      0  14801   2880  15682      4      0 
 09:42:19       0    308     58      -    100      2      0      0      0      0  14801   2887  15682      4      0 
 09:42:24       0    313     58      -    100      2      0      0      0      0  14801   2887  15682      4      0 
 09:42:29       0    309     58      -    100      2      0      0      0      0  14801   2887  15682      4      0 
 09:42:34       0    308     58      -    100      2      0      0      0      0  14801   2887  15682      4      0 
 09:42:39       0    308     58      -    100      2      0      0      0      0  14801   2887  15682      4      0 
 09:42:44       0    306     51      -     98     29      0      0      0      0  14801   2880  15682      4      0 
 09:42:49       0    308     58      -    100      2      0      0      0      0  14801   2887  15682      4      0 
 09:42:54       0    308     58      -    100      2      0      0      0      0  14801   2887  15682      4      0 
 09:42:59       0    305     58      -    100      2      0      0      0      0  14801   2887  15682      4      0 
 09:43:04       0    309     58      -    100      2      0      0      0      0  14801   2887  15682      4      0 
 09:43:09       0    307     58      -    100      2      0      0      0      0  14801   2887  15682      4      0 
 09:43:14       0    304     57      -    100      2      0      0      0      0  14801   2880  15682      4      0 
 09:43:19       0    308     58      -    100      2      0      0      0      0  14801   2887  15682      4      0 
#Time         gpu    pwr  gtemp  mtemp     sm    mem    enc    dec    jpg    ofa   mclk   pclk     fb   bar1   ccpm 
#HH:MM:SS     Idx      W      C      C      %      %      %      %      %      %    MHz    MHz     MB     MB     MB 
 09:43:24       0    308     58      -    100      2      0      0      0      0  14801   2887  15682      4      0 
 09:43:29       0    304     58      -    100      2      0      0      0      0  14801   2887  15682      4      0 
 09:43:34       0    308     58      -    100      2      0      0      0      0  14801   2887  15682      4      0 
 09:43:39       0    307     58      -    100      2      0      0      0      0  14801   2887  15682      4      0 
 09:43:44       0    309     54      -     99     32      0      0      0      0  14801   2887  15682      4      0 
 09:43:49       0    313     58      -    100      2      0      0      0      0  14801   2887  15682      4      0 
 09:43:54       0    307     58      -    100      2      0      0      0      0  14801   2887  15682      4      0 
 09:43:59       0    308     58      -    100      2      0      0      0      0  14801   2887  15682      4      0 
 09:44:04       0    308     54      -    100     31      0      0      0      0  14801   2887  15682      4      0 
 09:44:09       0    293     58      -    100      2      0      0      0      0  14801   2887  15702      4      0 
 09:44:14       0    308     58      -    100      2      0      0      0      0  14801   2887  15702      4      0 
 09:44:19       0    311     58      -    100      1      0      0      0      0  14801   2887  15702      4      0 
 09:44:24       0    306     58      -    100      2      0      0      0      0  14801   2887  15702      4      0 
 09:44:29       0    307     57      -    100      2      0      0      0      0  14801   2887  15702      4      0 
 09:44:34       0    310     58      -    100      2      0      0      0      0  14801   2887  15702      4      0 
 09:44:39       0    307     58      -    100      2      0      0      0      0  14801   2887  15702      4      0 
 09:44:44       0    313     58      -    100      2      0      0      0      0  14801   2887  15702      4      0 
 09:44:49       0    307     58      -    100      2      0      0      0      0  14801   2887  15702      4      0 
 09:44:54       0    313     58      -    100      2      0      0      0      0  14801   2887  15702      4      0 
 09:44:59       0    302     57      -    100      2      0      0      0      0  14801   2895  15702      4      0 
 09:45:04       0    306     58      -    100      2      0      0      0      0  14801   2887  15702      4      0 
 09:45:09       0    306     53      -    100     23      0      0      0      0  14801   2887  15702      4      0 
 09:45:14       0    306     58      -    100      2      0      0      0      0  14801   2887  15702      4      0 
 09:45:19       0    312     58      -    100      2      0      0      0      0  14801   2887  15702      4      0 
 09:45:24       0    307     57      -    100      2      0      0      0      0  14801   2887  15702      4      0 
 09:45:29       0    305     58      -    100      2      0      0      0      0  14801   2887  15702      4      0 
 09:45:34       0    313     58      -    100      2      0      0      0      0  14801   2880  15702      4      0 
 09:45:39       0    306     53      -    100     31      0      0      0      0  14801   2887  15702      4      0 
 09:45:44       0    302     58      -    100      2      0      0      0      0  14801   2887  15702      4      0 
 09:45:49       0    306     58      -    100      2      0      0      0      0  14801   2887  15702      4      0 
 09:45:54       0    313     58      -    100      2      0      0      0      0  14801   2887  15702      4      0 
 09:45:59       0    306     54      -    100     21      0      0      0      0  14801   2887  15702      4      0 
 09:46:04       0    306     58      -    100      2      0      0      0      0  14801   2887  15702      4      0 
 09:46:09       0    305     58      -    100      2      0      0      0      0  14801   2887  15702      4      0 
 09:46:14       0    306     58      -    100      2      0      0      0      0  14801   2887  15702      4      0 
 09:46:19       0    314     58      -    100      2      0      0      0      0  14801   2880  15702      4      0 
 09:46:24       0    313     58      -    100      2      0      0      0      0  14801   2887  15702      4      0 
 09:46:29       0    306     55      -    100     25      0      0      0      0  14801   2887  15702      4      0 
 09:46:35       0    305     56      -    100     16      0      0      0      0  14801   2887  15680      4      0 
 09:46:40       0    305     58      -    100      2      0      0      0      0  14801   2880  15680      4      0 
 09:46:45       0    305     58      -    100      2      0      0      0      0  14801   2887  15680      4      0 
 09:46:50       0    306     58      -    100      2      0      0      0      0  14801   2880  15680      4      0 
 09:46:55       0    305     58      -    100      2      0      0      0      0  14801   2887  15680      4      0 
 09:47:00       0    307     58      -    100      2      0      0      0      0  14801   2887  15680      4      0 
#Time         gpu    pwr  gtemp  mtemp     sm    mem    enc    dec    jpg    ofa   mclk   pclk     fb   bar1   ccpm 
#HH:MM:SS     Idx      W      C      C      %      %      %      %      %      %    MHz    MHz     MB     MB     MB 
 09:47:05       0    305     58      -    100      1      0      0      0      0  14801   2887  15680      4      0 
 09:47:10       0    305     58      -    100      2      0      0      0      0  14801   2887  15680      4      0 
 09:47:15       0    304     58      -    100      2      0      0      0      0  14801   2887  15680      4      0 
 09:47:20       0    305     58      -    100      2      0      0      0      0  14801   2880  15680      4      0 
 09:47:25       0    304     58      -    100      2      0      0      0      0  14801   2880  15680      4      0 
 09:47:30       0    306     58      -    100      2      0      0      0      0  14801   2887  15680      4      0 
 09:47:35       0    305     58      -    100      2      0      0      0      0  14801   2887  15680      4      0 
 09:47:40       0    304     58      -    100      2      0      0      0      0  14801   2880  15680      4      0 
 09:47:45       0    304     56      -    100     19      0      0      0      0  14801   2887  15680      4      0 
 09:47:50       0    306     52      -    100     22      0      0      0      0  14801   2887  15680      4      0 
 09:47:55       0    313     58      -    100      2      0      0      0      0  14801   2887  15680      4      0 
 09:48:00       0    314     58      -    100      2      0      0      0      0  14801   2887  15680      4      0 
 09:48:05       0    304     58      -    100      2      0      0      0      0  14801   2887  15680      4      0 
 09:48:10       0    306     58      -    100      2      0      0      0      0  14801   2887  15680      4      0 
 09:48:15       0    305     58      -    100      2      0      0      0      0  14801   2887  15680      4      0 
 09:48:20       0    304     57      -    100     15      0      0      0      0  14801   2887  15680      4      0 
 09:48:25       0    312     58      -    100      2      0      0      0      0  14801   2887  15680      4      0 
 09:48:30       0    313     58      -    100      2      0      0      0      0  14801   2887  15680      4      0 
 09:48:35       0    299     58      -    100      2      0      0      0      0  14801   2880  15680      4      0 
 09:48:40       0    304     58      -    100      1      0      0      0      0  14801   2887  15680      4      0 
 09:48:45       0    306     53      -    100     33      0      0      0      0  14801   2887  15680      4      0 
 09:48:50       0    314     58      -    100      2      0      0      0      0  14801   2887  15680      4      0 
 09:48:55       0    304     58      -    100      2      0      0      0      0  14801   2887  15680      4      0 
 09:49:00       0    303     57      -    100      2      0      0      0      0  14801   2887  15680      4      0 
 09:49:05       0    304     55      -    100     22      0      0      0      0  14801   2887  15680      4      0 
 09:49:10       0    312     58      -    100      2      0      0      0      0  14801   2880  15680      4      0 
 09:49:15       0    305     58      -    100      2      0      0      0      0  14801   2880  15680      4      0 
 09:49:20       0    303     57      -    100     24      0      0      0      0  14801   2887  15700      4      0 
 09:49:25       0    313     58      -    100      2      0      0      0      0  14801   2880  15700      4      0 
 09:49:30       0    297     57      -    100      2      0      0      0      0  14801   2880  15700      4      0 
 09:49:35       0    302     57      -    100     10      0      0      0      0  14801   2895  15700      4      0 
 09:49:40       0    313     57      -    100      2      0      0      0      0  14801   2887  15700      4      0 
 09:49:45       0    313     58      -    100      2      0      0      0      0  14801   2887  15700      4      0 
 09:49:50       0    303     58      -    100      2      0      0      0      0  14801   2880  15700      4      0 
 09:49:55       0    312     58      -    100      2      0      0      0      0  14801   2880  15700      4      0 
 09:50:00       0    307     58      -    100      2      0      0      0      0  14801   2880  15700      4      0 
 09:50:05       0    301     57      -    100      2      0      0      0      0  14801   2895  15700      4      0 
 09:50:10       0    313     57      -    100      2      0      0      0      0  14801   2887  15700      4      0 
 09:50:15       0    298     57      -    100      2      0      0      0      0  14801   2887  15700      4      0 
 09:50:20       0    313     58      -    100      2      0      0      0      0  14801   2887  15700      4      0 
 09:50:25       0    304     58      -    100      2      0      0      0      0  14801   2880  15700      4      0 
 09:50:30       0    303     56      -    100     27      0      0      0      0  14801   2887  15700      4      0 
 09:50:35       0    313     57      -    100      2      0      0      0      0  14801   2887  15700      4      0 
 09:50:40       0    301     57      -    100      2      0      0      0      0  14801   2887  15700      4      0 
#Time         gpu    pwr  gtemp  mtemp     sm    mem    enc    dec    jpg    ofa   mclk   pclk     fb   bar1   ccpm 
#HH:MM:SS     Idx      W      C      C      %      %      %      %      %      %    MHz    MHz     MB     MB     MB 
 09:50:45       0    312     57      -    100      2      0      0      0      0  14801   2880  15700      4      0 
 09:50:50       0    266     56      -    100      2      0      0      0      0  14801   2925  15702      4      0 
 09:50:55       0    312     58      -    100      2      0      0      0      0  14801   2880  15702      4      0 
 09:51:00       0    303     58      -    100      2      0      0      0      0  14801   2887  15702      4      0 
 09:51:05       0    312     58      -    100      2      0      0      0      0  14801   2887  15702      4      0 
 09:51:10       0    302     57      -    100      2      0      0      0      0  14801   2887  15702      4      0 
 09:51:15       0    256     44      -     98     36      0      0      0      0  14801   2887  15724      4      0 
 09:51:20       0    196     44      -     97     62      0      0      0      0  14801   2917  15724      4      0 
 09:51:25       0    193     43      -     95     52      0      0      0      0  14801   2910  15672      4      0 
 09:51:30       0     48     34      -      0      0      0      0      0      0  14801   2715  15672      4      0 
 09:51:35       0     48     33      -      0      0      0      0      0      0  14801   2722  15672      4      0 
 09:51:40       0    295     54      -    100     28      0      0      0      0  14801   2880  15678      4      0 
 09:51:45       0    294     59      -    100     23      0      0      0      0  14801   2880  15682      4      0 
 09:51:50       0    301     60      -    100     34      0      0      0      0  14801   2880  15682      4      0 
 09:51:55       0    297     60      -    100     23      0      0      0      0  14801   2880  15682      4      0 
 09:52:00       0    300     59      -    100     24      0      0      0      0  14801   2880  15700      4      0 
 09:52:05       0    304     57      -    100      2      0      0      0      0  14801   2880  15700      4      0 
 09:52:10       0    309     60      -    100      2      0      0      0      0  14801   2880  15700      4      0 
 09:52:15       0    308     59      -    100      5      0      0      0      0  14801   2880  15700      4      0 
 09:52:20       0    309     58      -    100      2      0      0      0      0  14801   2880  15704      4      0 
 09:52:25       0    309     58      -    100      8      0      0      0      0  14801   2880  15704      4      0 
 09:52:30       0    306     56      -    100      2      0      0      0      0  14801   2880  15704      4      0 
 09:52:35       0    311     58      -    100      2      0      0      0      0  14801   2887  15704      4      0 
 09:52:40       0    307     58      -    100      2      0      0      0      0  14801   2880  15704      4      0 
 09:52:45       0    310     58      -    100      2      0      0      0      0  14801   2887  15704      4      0 
 09:52:50       0    310     58      -    100      2      0      0      0      0  14801   2880  15680      4      0 
 09:52:55       0    306     57      -    100      2      0      0      0      0  14801   2880  15680      4      0 
 09:53:00       0    306     52      -    100      5      0      0      0      0  14801   2880  15680      4      0 
 09:53:05       0    307     57      -    100     28      0      0      0      0  14801   2880  15680      4      0 
 09:53:10       0    310     58      -    100      2      0      0      0      0  14801   2880  15680      4      0 
 09:53:15       0    310     58      -    100      2      0      0      0      0  14801   2880  15680      4      0 
 09:53:20       0    306     57      -    100     23      0      0      0      0  14801   2880  15680      4      0 
 09:53:25       0    309     58      -    100      2      0      0      0      0  14801   2880  15680      4      0 
 09:53:30       0    305     57      -    100      9      0      0      0      0  14801   2880  15680      4      0 
 09:53:35       0    309     57      -    100      2      0      0      0      0  14801   2880  15680      4      0 
 09:53:40       0    309     57      -    100      2      0      0      0      0  14801   2880  15680      4      0 
 09:53:45       0    306     53      -    100      7      0      0      0      0  14801   2880  15680      4      0 
 09:53:50       0    306     58      -    100      2      0      0      0      0  14801   2880  15680      4      0 
 09:53:55       0    309     58      -    100      2      0      0      0      0  14801   2880  15680      4      0 
 09:54:00       0    309     57      -    100      2      0      0      0      0  14801   2880  15700      4      0 
 09:54:05       0    306     57      -    100      2      0      0      0      0  14801   2887  15700      4      0 
 09:54:10       0    308     57      -    100      2      0      0      0      0  14801   2880  15700      4      0 
 09:54:15       0    308     57      -    100      2      0      0      0      0  14801   2887  15700      4      0 
 09:54:20       0    308     58      -    100      2      0      0      0      0  14801   2880  15700      4      0 
#Time         gpu    pwr  gtemp  mtemp     sm    mem    enc    dec    jpg    ofa   mclk   pclk     fb   bar1   ccpm 
#HH:MM:SS     Idx      W      C      C      %      %      %      %      %      %    MHz    MHz     MB     MB     MB 
 09:54:25       0    304     55      -    100      3      0      0      0      0  14801   2880  15700      4      0 
 09:54:30       0    309     57      -    100      2      0      0      0      0  14801   2887  15700      4      0 
 09:54:35       0    308     57      -    100      2      0      0      0      0  14801   2887  15700      4      0 
 09:54:40       0    307     57      -    100      2      0      0      0      0  14801   2880  15700      4      0 
 09:54:45       0    307     57      -    100      2      0      0      0      0  14801   2880  15700      4      0 
 09:54:50       0    302     57      -    100      2      0      0      0      0  14801   2887  15700      4      0 
 09:54:55       0    297     58      -    100      2      0      0      0      0  14801   2880  15700      4      0 
 09:55:00       0    296     58      -    100      2      0      0      0      0  14801   2880  15700      4      0 
 09:55:05       0    299     53      -     98     31      0      0      0      0  14801   2887  15700      4      0 
 09:55:10       0    306     58      -    100      2      0      0      0      0  14801   2880  15700      4      0 
 09:55:15       0    308     58      -    100      2      0      0      0      0  14801   2880  15700      4      0 
 09:55:20       0    308     57      -    100      6      0      0      0      0  14801   2887  15700      4      0 
 09:55:25       0    307     58      -    100      2      0      0      0      0  14801   2880  15700      4      0 
 09:55:30       0    308     58      -    100      2      0      0      0      0  14801   2887  15700      4      0 
 09:55:35       0    308     58      -    100      2      0      0      0      0  14801   2880  15684      4      0 
 09:55:40       0    308     57      -    100      2      0      0      0      0  14801   2887  15684      4      0 
 09:55:45       0    305     58      -    100      2      0      0      0      0  14801   2880  15684      4      0 
 09:55:50       0    308     51      -    100      8      0      0      0      0  14801   2880  15684      4      0 
 09:55:55       0    307     57      -    100      2      0      0      0      0  14801   2887  15684      4      0 
 09:56:00       0    307     57      -    100      2      0      0      0      0  14801   2880  15684      4      0 
 09:56:05       0    308     58      -    100      2      0      0      0      0  14801   2880  15684      4      0 
 09:56:10       0    309     55      -    100      1      0      0      0      0  14801   2880  15684      4      0 
 09:56:15       0    306     55      -    100     23      0      0      0      0  14801   2887  15684      4      0 
 09:56:20       0    306     57      -    100      2      0      0      0      0  14801   2887  15684      4      0 
 09:56:25       0    306     57      -    100      2      0      0      0      0  14801   2887  15684      4      0 
 09:56:30       0    305     57      -    100      2      0      0      0      0  14801   2880  15684      4      0 
 09:56:35       0    305     57      -    100      2      0      0      0      0  14801   2887  15684      4      0 
 09:56:40       0    307     58      -    100      2      0      0      0      0  14801   2880  15684      4      0 
 09:56:45       0    306     58      -    100      2      0      0      0      0  14801   2887  15684      4      0 
 09:56:50       0    305     57      -    100      2      0      0      0      0  14801   2887  15684      4      0 
 09:56:55       0    306     56      -    100     12      0      0      0      0  14801   2880  15684      4      0 
 09:57:00       0    312     57      -    100      2      0      0      0      0  14801   2880  15684      4      0 
 09:57:05       0    310     57      -    100      2      0      0      0      0  14801   2880  15684      4      0 
 09:57:10       0    306     57      -    100      2      0      0      0      0  14801   2887  15684      4      0 
 09:57:15       0    306     58      -    100      2      0      0      0      0  14801   2887  15684      4      0 
 09:57:20       0    306     56      -    100     16      0      0      0      0  14801   2887  15684      4      0 
 09:57:25       0    308     58      -    100      2      0      0      0      0  14801   2887  15684      4      0 
 09:57:30       0    301     57      -    100      2      0      0      0      0  14801   2887  15704      4      0 
 09:57:35       0    305     56      -    100      2      0      0      0      0  14801   2887  15704      4      0 
 09:57:40       0    304     56      -    100      6      0      0      0      0  14801   2887  15704      4      0 
 09:57:45       0    311     58      -    100      2      0      0      0      0  14801   2880  15704      4      0 
 09:57:50       0    305     58      -    100      2      0      0      0      0  14801   2880  15704      4      0 
 09:57:55       0    312     58      -    100      2      0      0      0      0  14801   2880  15704      4      0 
 09:58:00       0    306     58      -    100      2      0      0      0      0  14801   2887  15704      4      0 
#Time         gpu    pwr  gtemp  mtemp     sm    mem    enc    dec    jpg    ofa   mclk   pclk     fb   bar1   ccpm 
#HH:MM:SS     Idx      W      C      C      %      %      %      %      %      %    MHz    MHz     MB     MB     MB 
 09:58:05       0    312     57      -    100      2      0      0      0      0  14801   2887  15704      4      0 
 09:58:10       0    305     57      -    100      2      0      0      0      0  14801   2880  15704      4      0 
 09:58:15       0    312     57      -    100      2      0      0      0      0  14801   2880  15704      4      0 
 09:58:20       0    303     57      -    100      2      0      0      0      0  14801   2887  15704      4      0 
 09:58:25       0    312     58      -    100      2      0      0      0      0  14801   2880  15704      4      0 
 09:58:30       0    305     58      -    100      2      0      0      0      0  14801   2887  15704      4      0 
 09:58:35       0    306     57      -    100      2      0      0      0      0  14801   2880  15704      4      0 
 09:58:40       0    312     57      -    100      2      0      0      0      0  14801   2880  15704      4      0 
 09:58:45       0    304     57      -    100      2      0      0      0      0  14801   2880  15704      4      0 
 09:58:50       0    305     57      -    100      2      0      0      0      0  14801   2880  15704      4      0 
 09:58:55       0    307     52      -    100      1      0      0      0      0  14801   2887  15704      4      0 
 09:59:00       0    305     58      -    100      2      0      0      0      0  14801   2887  15704      4      0 
 09:59:05       0    302     58      -    100      2      0      0      0      0  14801   2880  15704      4      0 
 09:59:10       0    312     57      -    100      2      0      0      0      0  14801   2880  15704      4      0 
 09:59:15       0    306     53      -    100      1      0      0      0      0  14801   2880  15704      4      0 
 09:59:20       0    304     57      -    100      2      0      0      0      0  14801   2887  15704      4      0 
 09:59:25       0    303     57      -    100      2      0      0      0      0  14801   2880  15704      4      0 
 09:59:30       0    305     58      -    100      2      0      0      0      0  14801   2880  15704      4      0 
 09:59:35       0    312     58      -    100      2      0      0      0      0  14801   2887  15704      4      0 
 09:59:40       0    305     51      -    100      4      0      0      0      0  14801   2880  15704      4      0 
 09:59:45       0    304     55      -    100     19      0      0      0      0  14801   2880  15704      4      0 
 09:59:50       0    304     57      -    100      2      0      0      0      0  14801   2887  15704      4      0 
 09:59:55       0    303     57      -    100      2      0      0      0      0  14801   2895  15682      4      0 
 10:00:00       0    303     57      -    100      2      0      0      0      0  14801   2887  15682      4      0 
 10:00:05       0    303     58      -    100      2      0      0      0      0  14801   2887  15682      4      0 
 10:00:10       0    304     58      -    100      2      0      0      0      0  14801   2880  15682      4      0 
 10:00:15       0    304     58      -    100      2      0      0      0      0  14801   2887  15682      4      0 
 10:00:20       0    305     57      -    100      2      0      0      0      0  14801   2880  15682      4      0 
 10:00:25       0    303     57      -    100      2      0      0      0      0  14801   2887  15682      4      0 
 10:00:30       0    303     57      -    100      2      0      0      0      0  14801   2880  15682      4      0 
 10:00:35       0    304     57      -    100      2      0      0      0      0  14801   2887  15682      4      0 
 10:00:40       0    304     58      -    100      2      0      0      0      0  14801   2880  15682      4      0 
 10:00:45       0    304     58      -    100      2      0      0      0      0  14801   2880  15682      4      0 
 10:00:50       0    304     58      -    100      2      0      0      0      0  14801   2887  15682      4      0 
 10:00:55       0    303     57      -    100      2      0      0      0      0  14801   2880  15682      4      0 
 10:01:00       0    302     57      -    100      2      0      0      0      0  14801   2880  15682      4      0 
 10:01:05       0    302     57      -    100      2      0      0      0      0  14801   2887  15682      4      0 
 10:01:10       0    302     57      -    100      2      0      0      0      0  14801   2887  15682      4      0 
 10:01:15       0    311     57      -    100      2      0      0      0      0  14801   2880  15682      4      0 
 10:01:20       0    312     58      -    100      2      0      0      0      0  14801   2880  15682      4      0 
 10:01:25       0    310     57      -    100      2      0      0      0      0  14801   2880  15682      4      0 
 10:01:30       0    304     57      -    100      2      0      0      0      0  14801   2880  15682      4      0 
 10:01:35       0    301     57      -    100      2      0      0      0      0  14801   2880  15682      4      0 
 10:01:41       0    303     57      -    100      2      0      0      0      0  14801   2887  15682      4      0 
#Time         gpu    pwr  gtemp  mtemp     sm    mem    enc    dec    jpg    ofa   mclk   pclk     fb   bar1   ccpm 
#HH:MM:SS     Idx      W      C      C      %      %      %      %      %      %    MHz    MHz     MB     MB     MB 
 10:01:46       0    310     57      -    100      1      0      0      0      0  14801   2880  15682      4      0 
 10:01:51       0    313     58      -    100      2      0      0      0      0  14801   2880  15682      4      0 
 10:01:56       0    309     58      -    100      2      0      0      0      0  14801   2880  15682      4      0 
 10:02:01       0    303     57      -    100      2      0      0      0      0  14801   2880  15682      4      0 
 10:02:06       0    301     56      -    100      2      0      0      0      0  14801   2887  15682      4      0 
 10:02:11       0    312     57      -    100      2      0      0      0      0  14801   2880  15682      4      0 
 10:02:16       0    312     57      -    100      2      0      0      0      0  14801   2880  15682      4      0 
 10:02:21       0    303     57      -    100      2      0      0      0      0  14801   2880  15682      4      0 
 10:02:26       0    303     57      -    100      2      0      0      0      0  14801   2887  15682      4      0 
 10:02:31       0    311     58      -    100      2      0      0      0      0  14801   2880  15682      4      0 
 10:02:36       0    304     57      -    100      2      0      0      0      0  14801   2880  15682      4      0 
 10:02:41       0    302     57      -    100      2      0      0      0      0  14801   2895  15702      4      0 
 10:02:46       0    311     57      -    100      2      0      0      0      0  14801   2880  15702      4      0 
 10:02:51       0    305     57      -    100      2      0      0      0      0  14801   2880  15702      4      0 
 10:02:56       0    302     57      -    100      2      0      0      0      0  14801   2887  15702      4      0 
 10:03:01       0    313     58      -    100      2      0      0      0      0  14801   2880  15702      4      0 
 10:03:06       0    303     58      -    100      2      0      0      0      0  14801   2887  15702      4      0 
 10:03:11       0    302     57      -    100      2      0      0      0      0  14801   2887  15702      4      0 
 10:03:16       0    311     57      -    100      2      0      0      0      0  14801   2880  15702      4      0 
 10:03:21       0    301     57      -    100      1      0      0      0      0  14801   2880  15702      4      0 
 10:03:26       0    309     57      -    100      1      0      0      0      0  14801   2880  15702      4      0 
 10:03:31       0    311     57      -    100      1      0      0      0      0  14801   2880  15702      4      0 
 10:03:36       0    300     57      -    100      2      0      0      0      0  14801   2895  15702      4      0 
 10:03:41       0    313     58      -    100      2      0      0      0      0  14801   2887  15702      4      0 
 10:03:46       0    303     57      -    100      2      0      0      0      0  14801   2880  15702      4      0 
 10:03:51       0    311     57      -    100      2      0      0      0      0  14801   2880  15702      4      0 
 10:03:56       0    303     57      -    100      2      0      0      0      0  14801   2887  15702      4      0 
 10:04:01       0    304     51      -    100      1      0      0      0      0  14801   2880  15702      4      0 
 10:04:06       0    311     58      -    100      2      0      0      0      0  14801   2887  15702      4      0 
 10:04:11       0    282     42      -     96      1      0      0      0      0  14801   2887  15704      4      0 
 10:04:16       0    304     58      -    100      2      0      0      0      0  14801   2887  15704      4      0 
 10:04:21       0    302     55      -    100     20      0      0      0      0  14801   2887  15704      4      0 
 10:04:26       0    303     57      -    100      2      0      0      0      0  14801   2887  15704      4      0 
 10:04:31       0    291     55      -    100     17      0      0      0      0  14801   2887  15704      4      0 
 10:04:36       0    255     53      -    100     10      0      0      0      0  14801   2887  15724      4      0 
 10:04:41       0    164     43      -     97     50      0      0      0      0  14801   2917  15724      4      0 
 10:04:46       0    228     39      -      0      0      0      0      0      0  14801   2895  15672      4      0 
 10:04:51       0    211     46      -     94     62      0      0      0      0  14801   2895  15672      4      0 
 10:04:56       0    214     46      -     93     62      0      0      0      0  14801   2895  15672      4      0 
 10:05:01       0    215     47      -     93     63      0      0      0      0  14801   2895  15672      4      0 
 10:05:06       0    215     47      -     94     63      0      0      0      0  14801   2895  15672      4      0 
 10:05:11       0    216     48      -     94     63      0      0      0      0  14801   2895  15672      4      0 
 10:05:16       0    216     48      -     94     64      0      0      0      0  14801   2895  15672      4      0 
 10:05:21       0    216     49      -     94     63      0      0      0      0  14801   2895  15672      4      0 
#Time         gpu    pwr  gtemp  mtemp     sm    mem    enc    dec    jpg    ofa   mclk   pclk     fb   bar1   ccpm 
#HH:MM:SS     Idx      W      C      C      %      %      %      %      %      %    MHz    MHz     MB     MB     MB 
 10:05:26       0    217     49      -     94     64      0      0      0      0  14801   2895  15672      4      0 
 10:05:31       0    217     49      -     94     64      0      0      0      0  14801   2895  15672      4      0 
 10:05:36       0    217     49      -     94     63      0      0      0      0  14801   2895  15672      4      0 
 10:05:41       0    217     49      -     94     63      0      0      0      0  14801   2895  15672      4      0 
 10:05:46       0    217     50      -     94     64      0      0      0      0  14801   2895  15672      4      0 
 10:05:51       0    218     50      -     94     64      0      0      0      0  14801   2895  15672      4      0 
 10:05:56       0    218     50      -     94     64      0      0      0      0  14801   2895  15672      4      0 
 10:06:01       0    218     51      -     94     64      0      0      0      0  14801   2895  15672      4      0 
 10:06:06       0    218     50      -     94     64      0      0      0      0  14801   2895  15672      4      0 
 10:06:11       0    218     51      -     94     64      0      0      0      0  14801   2895  15672      4      0 
 10:06:16       0    218     51      -     94     64      0      0      0      0  14801   2895  15672      4      0 
 10:06:21       0    218     51      -     94     64      0      0      0      0  14801   2895  15672      4      0 
 10:06:26       0    219     51      -     93     64      0      0      0      0  14801   2895  15672      4      0 
 10:06:31       0    219     51      -     94     64      0      0      0      0  14801   2895  15672      4      0 
 10:06:36       0    219     51      -     94     64      0      0      0      0  14801   2895  15672      4      0 
 10:06:41       0    219     51      -     94     64      0      0      0      0  14801   2895  15672      4      0 
 10:06:46       0    219     51      -     94     64      0      0      0      0  14801   2895  15672      4      0 
 10:06:51       0    219     51      -     94     64      0      0      0      0  14801   2895  15672      4      0 
 10:06:56       0    219     51      -     94     64      0      0      0      0  14801   2895  15672      4      0 
 10:07:01       0    220     52      -     94     64      0      0      0      0  14801   2895  15672      4      0 
 10:07:06       0    220     52      -     94     64      0      0      0      0  14801   2895  15672      4      0 
 10:07:11       0    220     52      -     94     64      0      0      0      0  14801   2895  15672      4      0 
 10:07:16       0    220     52      -     94     64      0      0      0      0  14801   2895  15672      4      0 
 10:07:21       0    220     52      -     94     64      0      0      0      0  14801   2895  15672      4      0 
 10:07:26       0    220     52      -     94     64      0      0      0      0  14801   2895  15672      4      0 
 10:07:31       0    220     52      -     94     64      0      0      0      0  14801   2895  15672      4      0 
 10:07:36       0    220     52      -     94     64      0      0      0      0  14801   2895  15672      4      0 
 10:07:41       0    220     52      -     94     64      0      0      0      0  14801   2895  15672      4      0 
 10:07:46       0    220     52      -     94     64      0      0      0      0  14801   2895  15672      4      0 
 10:07:51       0    220     52      -     94     64      0      0      0      0  14801   2895  15672      4      0 
 10:07:56       0    220     52      -     94     64      0      0      0      0  14801   2895  15672      4      0 
 10:08:01       0    219     52      -     94     64      0      0      0      0  14801   2895  15672      4      0 
 10:08:06       0    220     52      -     94     64      0      0      0      0  14801   2895  15672      4      0 
 10:08:11       0    220     52      -     94     64      0      0      0      0  14801   2895  15672      4      0 
 10:08:16       0    220     53      -     94     64      0      0      0      0  14801   2880  15672      4      0 
 10:08:21       0    220     52      -     94     64      0      0      0      0  14801   2880  15672      4      0 
 10:08:26       0    220     52      -     94     64      0      0      0      0  14801   2880  15672      4      0 
 10:08:31       0    220     52      -     94     64      0      0      0      0  14801   2880  15672      4      0 
 10:08:36       0    220     52      -     94     64      0      0      0      0  14801   2880  15672      4      0 
 10:08:41       0    216     52      -     94     64      0      0      0      0  14801   2880  15676      4      0 
 10:08:46       0    220     52      -     94     64      0      0      0      0  14801   2880  15676      4      0 
 10:08:51       0    220     53      -     94     64      0      0      0      0  14801   2880  15676      4      0 
 10:08:56       0    220     52      -     94     64      0      0      0      0  14801   2880  15676      4      0 
 10:09:01       0    221     52      -     94     64      0      0      0      0  14801   2880  15676      4      0 
#Time         gpu    pwr  gtemp  mtemp     sm    mem    enc    dec    jpg    ofa   mclk   pclk     fb   bar1   ccpm 
#HH:MM:SS     Idx      W      C      C      %      %      %      %      %      %    MHz    MHz     MB     MB     MB 
 10:09:06       0    221     52      -     94     64      0      0      0      0  14801   2880  15676      4      0 
 10:09:11       0    220     53      -     94     64      0      0      0      0  14801   2880  15676      4      0 
 10:09:16       0    220     53      -     94     64      0      0      0      0  14801   2880  15676      4      0 
 10:09:21       0    221     53      -     94     64      0      0      0      0  14801   2880  15676      4      0 
 10:09:26       0    221     53      -     94     64      0      0      0      0  14801   2880  15676      4      0 
 10:09:31       0    221     52      -     94     64      0      0      0      0  14801   2880  15676      4      0 
 10:09:36       0    221     52      -     94     64      0      0      0      0  14801   2880  15676      4      0 
 10:09:41       0    221     52      -     94     64      0      0      0      0  14801   2880  15676      4      0 
 10:09:46       0    221     53      -     94     64      0      0      0      0  14801   2880  15676      4      0 
 10:09:51       0    221     53      -     94     64      0      0      0      0  14801   2880  15676      4      0 
 10:09:56       0    221     53      -     94     65      0      0      0      0  14801   2880  15676      4      0 
 10:10:01       0    221     53      -     94     64      0      0      0      0  14801   2880  15676      4      0 
 10:10:06       0    221     53      -     94     64      0      0      0      0  14801   2880  15676      4      0 
 10:10:11       0    221     52      -     94     65      0      0      0      0  14801   2880  15676      4      0 
 10:10:16       0    221     53      -     94     65      0      0      0      0  14801   2880  15676      4      0 
 10:10:21       0    221     53      -     94     64      0      0      0      0  14801   2880  15676      4      0 
 10:10:26       0    184     45      -     23      7      0      0      0      0  14801   2925  15672      4      0 
 10:10:31       0    179     49      -     96     46      0      0      0      0  14801   2902  15672      4      0 
 10:10:36       0    169     49      -     95     48      0      0      0      0  14801   2895  15672      4      0 
 10:10:41       0     69     48      -     63     21      0      0      0      0  14801   2932  15678      4      0 
 10:10:46       0    302     61      -    100     31      0      0      0      0  14801   2872  15678      4      0 
 10:10:51       0    309     65      -    100      7      0      0      0      0  14801   2865  15682      4      0 
 10:10:56       0    316     61      -    100     29      0      0      0      0  14801   2865  15682      4      0 
 10:11:01       0    250     56      -    100     34      0      0      0      0  14801   2880  15678      4      0 
 10:11:06       0    319     58      -    100     33      0      0      0      0  14801   2880  15678      4      0 
 10:11:11       0    318     56      -    100     25      0      0      0      0  14801   2872  15682      4      0 
 10:11:16       0    318     57      -    100     29      0      0      0      0  14801   2880  15682      4      0 
 10:11:21       0    311     55      -    100     26      0      0      0      0  14801   2880  15678      4      0 
 10:11:26       0    300     56      -    100     33      0      0      0      0  14801   2880  15678      4      0 
 10:11:31       0    303     58      -    100      0      0      0      0      0  14801   2880  15682      4      0 
 10:11:36       0    305     62      -    100     30      0      0      0      0  14801   2872  15682      4      0 
 10:11:41       0    224     49      -     94     65      0      0      0      0  14801   2895  15678      4      0 
 10:11:46       0    222     48      -     94     65      0      0      0      0  14801   2895  15678      4      0 
 10:11:51       0    220     48      -     94     65      0      0      0      0  14801   2895  15678      4      0 
 10:11:56       0    219     48      -     94     65      0      0      0      0  14801   2895  15678      4      0 
 10:12:01       0    220     49      -     94     65      0      0      0      0  14801   2895  15678      4      0 
 10:12:06       0    220     49      -     94     65      0      0      0      0  14801   2895  15678      4      0 
 10:12:11       0    220     49      -     94     65      0      0      0      0  14801   2895  15678      4      0 
 10:12:16       0    221     50      -     94     65      0      0      0      0  14801   2895  15678      4      0 
 10:12:21       0    221     50      -     94     65      0      0      0      0  14801   2895  15678      4      0 
 10:12:26       0    221     50      -     94     65      0      0      0      0  14801   2895  15678      4      0 
 10:12:31       0    221     50      -     94     65      0      0      0      0  14801   2895  15678      4      0 
 10:12:36       0    221     51      -     94     65      0      0      0      0  14801   2895  15678      4      0 
 10:12:41       0    222     51      -     94     65      0      0      0      0  14801   2895  15678      4      0 
#Time         gpu    pwr  gtemp  mtemp     sm    mem    enc    dec    jpg    ofa   mclk   pclk     fb   bar1   ccpm 
#HH:MM:SS     Idx      W      C      C      %      %      %      %      %      %    MHz    MHz     MB     MB     MB 
 10:12:46       0    222     51      -     94     65      0      0      0      0  14801   2895  15678      4      0 
 10:12:51       0    222     52      -     94     65      0      0      0      0  14801   2895  15678      4      0 
 10:12:56       0    222     52      -     95     65      0      0      0      0  14801   2895  15678      4      0 
 10:13:01       0    222     51      -     94     65      0      0      0      0  14801   2895  15678      4      0 
 10:13:06       0    222     52      -     94     65      0      0      0      0  14801   2895  15678      4      0 
 10:13:11       0    222     52      -     94     65      0      0      0      0  14801   2895  15678      4      0 
 10:13:16       0    223     52      -     94     65      0      0      0      0  14801   2895  15678      4      0 
 10:13:21       0    222     52      -     94     65      0      0      0      0  14801   2880  15702      4      0 
 10:13:26       0    222     52      -     94     65      0      0      0      0  14801   2880  15702      4      0 
 10:13:31       0    222     52      -     94     65      0      0      0      0  14801   2880  15702      4      0 
 10:13:36       0    222     52      -     94     65      0      0      0      0  14801   2880  15702      4      0 
 10:13:41       0    223     52      -     95     66      0      0      0      0  14801   2880  15702      4      0 
 10:13:46       0    223     52      -     94     65      0      0      0      0  14801   2880  15702      4      0 
 10:13:51       0    223     53      -     95     66      0      0      0      0  14801   2880  15702      4      0 
 10:13:56       0    223     53      -     94     65      0      0      0      0  14801   2880  15702      4      0 
 10:14:01       0    223     53      -     94     65      0      0      0      0  14801   2880  15702      4      0 
 10:14:06       0    223     53      -     94     65      0      0      0      0  14801   2880  15702      4      0 
 10:14:11       0    223     53      -     94     65      0      0      0      0  14801   2880  15702      4      0 
 10:14:16       0    223     53      -     94     66      0      0      0      0  14801   2880  15702      4      0 
 10:14:21       0    223     53      -     94     66      0      0      0      0  14801   2880  15702      4      0 
 10:14:26       0    223     53      -     94     66      0      0      0      0  14801   2880  15702      4      0 
 10:14:31       0    223     53      -     94     65      0      0      0      0  14801   2880  15702      4      0 
 10:14:36       0    224     53      -     94     65      0      0      0      0  14801   2880  15702      4      0 
 10:14:41       0    224     53      -     94     66      0      0      0      0  14801   2880  15702      4      0 
 10:14:46       0    224     53      -     94     65      0      0      0      0  14801   2880  15702      4      0 
 10:14:51       0    224     53      -     95     65      0      0      0      0  14801   2880  15702      4      0 
 10:14:56       0    224     53      -     94     65      0      0      0      0  14801   2880  15702      4      0 
 10:15:01       0    224     53      -     94     65      0      0      0      0  14801   2880  15702      4      0 
 10:15:06       0    224     53      -     94     66      0      0      0      0  14801   2880  15702      4      0 
 10:15:11       0    224     53      -     94     66      0      0      0      0  14801   2880  15702      4      0 
 10:15:16       0    224     53      -     94     65      0      0      0      0  14801   2880  15702      4      0 
 10:15:21       0    224     53      -     94     66      0      0      0      0  14801   2880  15702      4      0 
 10:15:26       0    224     53      -     94     65      0      0      0      0  14801   2880  15702      4      0 
 10:15:31       0    224     53      -     94     65      0      0      0      0  14801   2880  15702      4      0 
 10:15:36       0    224     53      -     94     66      0      0      0      0  14801   2880  15702      4      0 
 10:15:41       0    224     53      -     94     65      0      0      0      0  14801   2880  15702      4      0 
 10:15:46       0    225     53      -     94     65      0      0      0      0  14801   2880  15702      4      0 
 10:15:51       0    224     53      -     94     66      0      0      0      0  14801   2880  15702      4      0 
 10:15:56       0    224     53      -     94     66      0      0      0      0  14801   2880  15702      4      0 
 10:16:01       0    224     53      -     94     66      0      0      0      0  14801   2880  15702      4      0 
 10:16:06       0    225     53      -     94     66      0      0      0      0  14801   2880  15702      4      0 
 10:16:11       0    224     53      -     94     66      0      0      0      0  14801   2880  15702      4      0 
 10:16:16       0    225     53      -     94     66      0      0      0      0  14801   2880  15702      4      0 
 10:16:21       0    225     53      -     94     66      0      0      0      0  14801   2880  15702      4      0 
#Time         gpu    pwr  gtemp  mtemp     sm    mem    enc    dec    jpg    ofa   mclk   pclk     fb   bar1   ccpm 
#HH:MM:SS     Idx      W      C      C      %      %      %      %      %      %    MHz    MHz     MB     MB     MB 
 10:16:26       0    225     53      -     94     66      0      0      0      0  14801   2880  15702      4      0 
 10:16:31       0    225     53      -     94     66      0      0      0      0  14801   2880  15702      4      0 
 10:16:36       0    225     53      -     95     66      0      0      0      0  14801   2880  15702      4      0 
 10:16:42       0    225     53      -     94     66      0      0      0      0  14801   2880  15702      4      0 
 10:16:47       0    225     54      -     94     66      0      0      0      0  14801   2880  15702      4      0 
 10:16:52       0    225     54      -     95     66      0      0      0      0  14801   2880  15702      4      0 
 10:16:57       0    225     53      -     94     66      0      0      0      0  14801   2880  15702      4      0 
 10:17:02       0    225     53      -     94     66      0      0      0      0  14801   2880  15702      4      0 
 10:17:07       0    225     53      -     95     66      0      0      0      0  14801   2887  15702      4      0 
 10:17:12       0    225     53      -     95     66      0      0      0      0  14801   2880  15702      4      0 
 10:17:17       0    225     54      -     94     66      0      0      0      0  14801   2880  15702      4      0 
 10:17:22       0    225     54      -     94     66      0      0      0      0  14801   2880  15702      4      0 
 10:17:27       0    226     54      -     94     66      0      0      0      0  14801   2880  15702      4      0 
 10:17:32       0    225     54      -     94     66      0      0      0      0  14801   2880  15702      4      0 
 10:17:37       0    225     53      -     94     66      0      0      0      0  14801   2880  15702      4      0 
 10:17:42       0    225     53      -     94     66      0      0      0      0  14801   2880  15702      4      0 
 10:17:47       0    160     44      -      0      0      0      0      0      0  14801   2925  15296      4      0 
 10:17:52       0    303     63      -    100     23      0      0      0      0  14801   2865  15678      4      0 
 10:17:57       0    308     63      -    100     24      0      0      0      0  14801   2865  15682      4      0 
 10:18:02       0    320     65      -    100      2      0      0      0      0  14801   2865  15682      4      0 
 10:18:07       0    195     49      -     95     52      0      0      0      0  14801   2895  15462      4      0 
 10:18:12       0    315     60      -    100     12      0      0      0      0  14801   2880  15678      4      0 
 10:18:17       0    312     57      -    100     20      0      0      0      0  14801   2887  15682      4      0 
 10:18:22       0    320     61      -    100      0      0      0      0      0  14801   2880  15682      4      0 
 10:18:27       0    251     45      -     97     36      0      0      0      0  14801   2895  15678      4      0 
 10:18:32       0    204     44      -     96     54      0      0      0      0  14801   2895  15678      4      0 
 10:18:37       0    196     44      -     95     58      0      0      0      0  14801   2895  15678      4      0 
 10:18:42       0    173     43      -     96     52      0      0      0      0  14801   2895  15678      4      0 
 10:18:47       0    218     46      -     94     65      0      0      0      0  14801   2895  15678      4      0 
 10:18:52       0    219     47      -     94     65      0      0      0      0  14801   2895  15678      4      0 
 10:18:57       0    219     47      -     94     65      0      0      0      0  14801   2895  15678      4      0 
 10:19:02       0    220     48      -     94     65      0      0      0      0  14801   2895  15678      4      0 
 10:19:07       0    220     48      -     94     65      0      0      0      0  14801   2895  15678      4      0 
 10:19:12       0    220     49      -     95     65      0      0      0      0  14801   2895  15678      4      0 
 10:19:17       0    220     49      -     94     65      0      0      0      0  14801   2895  15678      4      0 
 10:19:22       0    220     49      -     94     65      0      0      0      0  14801   2895  15678      4      0 
 10:19:27       0    220     50      -     94     65      0      0      0      0  14801   2895  15678      4      0 
 10:19:32       0    221     50      -     94     65      0      0      0      0  14801   2895  15678      4      0 
 10:19:37       0    221     50      -     94     65      0      0      0      0  14801   2895  15678      4      0 
 10:19:42       0    222     51      -     95     65      0      0      0      0  14801   2895  15678      4      0 
 10:19:47       0    222     51      -     94     65      0      0      0      0  14801   2895  15678      4      0 
 10:19:52       0    222     51      -     94     65      0      0      0      0  14801   2895  15678      4      0 
 10:19:57       0    222     51      -     94     65      0      0      0      0  14801   2895  15678      4      0 
 10:20:02       0    222     51      -     94     65      0      0      0      0  14801   2895  15678      4      0 
#Time         gpu    pwr  gtemp  mtemp     sm    mem    enc    dec    jpg    ofa   mclk   pclk     fb   bar1   ccpm 
#HH:MM:SS     Idx      W      C      C      %      %      %      %      %      %    MHz    MHz     MB     MB     MB 
 10:20:07       0    222     51      -     94     65      0      0      0      0  14801   2895  15678      4      0 
 10:20:12       0    222     51      -     94     65      0      0      0      0  14801   2895  15678      4      0 
 10:20:17       0    222     52      -     94     65      0      0      0      0  14801   2895  15702      4      0 
 10:20:22       0    223     52      -     94     65      0      0      0      0  14801   2895  15702      4      0 
 10:20:27       0    222     51      -     94     65      0      0      0      0  14801   2895  15702      4      0 
 10:20:32       0    222     51      -     94     65      0      0      0      0  14801   2895  15702      4      0 
 10:20:37       0    222     52      -     94     65      0      0      0      0  14801   2895  15702      4      0 
 10:20:42       0    223     52      -     94     65      0      0      0      0  14801   2895  15702      4      0 
 10:20:47       0    223     52      -     94     65      0      0      0      0  14801   2895  15702      4      0 
 10:20:52       0    223     52      -     95     66      0      0      0      0  14801   2895  15702      4      0 
 10:20:57       0    223     52      -     94     65      0      0      0      0  14801   2895  15702      4      0 
 10:21:02       0    223     52      -     94     65      0      0      0      0  14801   2895  15702      4      0 
 10:21:07       0    223     52      -     94     65      0      0      0      0  14801   2895  15702      4      0 
 10:21:12       0    223     52      -     93     65      0      0      0      0  14801   2895  15702      4      0 
 10:21:17       0    223     52      -     94     66      0      0      0      0  14801   2895  15702      4      0 
 10:21:22       0    223     52      -     95     66      0      0      0      0  14801   2887  15702      4      0 
 10:21:27       0    223     52      -     94     65      0      0      0      0  14801   2887  15702      4      0 
 10:21:32       0    223     52      -     95     66      0      0      0      0  14801   2887  15702      4      0 
 10:21:37       0    223     52      -     94     65      0      0      0      0  14801   2887  15702      4      0 
 10:21:42       0    223     52      -     94     65      0      0      0      0  14801   2887  15702      4      0 
 10:21:47       0    223     52      -     94     65      0      0      0      0  14801   2887  15702      4      0 
 10:21:52       0    224     52      -     94     65      0      0      0      0  14801   2887  15702      4      0 
 10:21:57       0    223     53      -     94     65      0      0      0      0  14801   2887  15702      4      0 
 10:22:02       0    224     53      -     94     66      0      0      0      0  14801   2887  15702      4      0 
 10:22:07       0    224     53      -     94     66      0      0      0      0  14801   2887  15702      4      0 
 10:22:12       0    223     52      -     94     65      0      0      0      0  14801   2887  15702      4      0 
 10:22:17       0    223     52      -     94     65      0      0      0      0  14801   2887  15702      4      0 
 10:22:22       0    223     52      -     94     66      0      0      0      0  14801   2887  15702      4      0 
 10:22:27       0    224     53      -     94     65      0      0      0      0  14801   2887  15702      4      0 
 10:22:32       0    224     53      -     94     66      0      0      0      0  14801   2887  15702      4      0 
 10:22:37       0    224     53      -     95     66      0      0      0      0  14801   2887  15702      4      0 
 10:22:42       0    224     53      -     95     66      0      0      0      0  14801   2887  15702      4      0 
 10:22:47       0    224     52      -     95     66      0      0      0      0  14801   2887  15702      4      0 
 10:22:52       0    224     52      -     94     66      0      0      0      0  14801   2887  15702      4      0 
 10:22:57       0    224     52      -     95     66      0      0      0      0  14801   2887  15702      4      0 
 10:23:02       0    224     53      -     94     66      0      0      0      0  14801   2887  15702      4      0 
 10:23:07       0    224     53      -     94     66      0      0      0      0  14801   2887  15702      4      0 
 10:23:12       0    224     53      -     94     66      0      0      0      0  14801   2887  15702      4      0 
 10:23:17       0    224     53      -     94     66      0      0      0      0  14801   2887  15702      4      0 
 10:23:22       0    224     53      -     94     66      0      0      0      0  14801   2887  15702      4      0 
 10:23:27       0    224     53      -     94     66      0      0      0      0  14801   2887  15702      4      0 
 10:23:32       0    224     53      -     95     66      0      0      0      0  14801   2887  15702      4      0 
 10:23:37       0    224     53      -     94     66      0      0      0      0  14801   2887  15702      4      0 
 10:23:42       0    224     53      -     94     66      0      0      0      0  14801   2887  15702      4      0 
#Time         gpu    pwr  gtemp  mtemp     sm    mem    enc    dec    jpg    ofa   mclk   pclk     fb   bar1   ccpm 
#HH:MM:SS     Idx      W      C      C      %      %      %      %      %      %    MHz    MHz     MB     MB     MB 
 10:23:47       0    224     53      -     94     66      0      0      0      0  14801   2887  15702      4      0 
 10:23:52       0    224     53      -     95     66      0      0      0      0  14801   2887  15702      4      0 
 10:23:57       0    224     53      -     94     66      0      0      0      0  14801   2887  15702      4      0 
 10:24:02       0    225     53      -     95     66      0      0      0      0  14801   2887  15702      4      0 
 10:24:07       0    224     53      -     94     66      0      0      0      0  14801   2887  15702      4      0 
 10:24:12       0    225     53      -     94     66      0      0      0      0  14801   2887  15702      4      0 
 10:24:17       0    225     53      -     95     66      0      0      0      0  14801   2887  15702      4      0 
 10:24:22       0    224     53      -     94     66      0      0      0      0  14801   2887  15702      4      0 
 10:24:27       0    225     53      -     95     66      0      0      0      0  14801   2887  15702      4      0 
 10:24:32       0    225     53      -     95     66      0      0      0      0  14801   2887  15702      4      0 
 10:24:37       0    225     53      -     95     66      0      0      0      0  14801   2887  15702      4      0 
 10:24:42       0    301     64      -    100     17      0      0      0      0  14801   2865  15678      4      0 
 10:24:47       0    308     66      -    100      2      0      0      0      0  14801   2865  15678      4      0 
 10:24:52       0    317     62      -    100     25      0      0      0      0  14801   2865  15682      4      0 
 10:24:57       0    312     60      -    100     21      0      0      0      0  14801   2872  15678      4      0 
 10:25:02       0    307     57      -    100     28      0      0      0      0  14801   2880  15678      4      0 
 10:25:07       0    304     56      -     98     35      0      0      0      0  14801   2880  15678      4      0 
 10:25:12       0    304     58      -    100     30      0      0      0      0  14801   2872  15682      4      0 
 10:25:17       0    307     62      -    100      1      0      0      0      0  14801   2872  15682      4      0 
 10:25:22       0    189     45      -     96     47      0      0      0      0  14801   2902  15678      4      0 
 10:25:27       0    178     45      -     96     50      0      0      0      0  14801   2895  15678      4      0 
 10:25:32       0    172     45      -     96     55      0      0      0      0  14801   2895  15678      4      0 
 10:25:37       0    181     43      -     97     40      0      0      0      0  14801   2902  15678      4      0 
 10:25:42       0    296     56      -     99     33      0      0      0      0  14801   2880  15678      4      0 
 10:25:47       0    299     57      -    100     30      0      0      0      0  14801   2880  15678      4      0 
 10:25:52       0    304     58      -    100     28      0      0      0      0  14801   2872  15682      4      0 
 10:25:57       0    309     62      -    100      4      0      0      0      0  14801   2872  15682      4      0 
 10:26:02       0    163     41      -      0      0      0      0      0      0  14801   2940  15672      4      0 
 10:26:07       0    306     56      -    100     21      0      0      0      0  14801   2880  15678      4      0 
 10:26:12       0    305     61      -    100      0      0      0      0      0  14801   2880  15682      4      0 
 10:26:17       0    314     61      -    100      6      0      0      0      0  14801   2880  15682      4      0 
 10:26:22       0     73     38      -      0      0      0      0      0      0  14801   2940  15462      4      0 
 10:26:27       0    299     59      -    100     12      0      0      0      0  14801   2880  15678      4      0 
 10:26:32       0    296     57      -    100     23      0      0      0      0  14801   2880  15682      4      0 
 10:26:37       0    303     56      -    100     29      0      0      0      0  14801   2872  15682      4      0 
 10:26:42       0    302     57      -    100     31      0      0      0      0  14801   2880  15682      4      0 
 10:26:47       0    304     58      -    100     23      0      0      0      0  14801   2880  15700      4      0 
 10:26:52       0    311     57      -    100     14      0      0      0      0  14801   2880  15700      4      0 
 10:26:57       0    313     59      -    100      2      0      0      0      0  14801   2880  15700      4      0 
 10:27:02       0    312     59      -    100      2      0      0      0      0  14801   2887  15700      4      0 
 10:27:07       0    306     59      -    100      4      0      0      0      0  14801   2887  15704      4      0 
 10:27:12       0    311     54      -    100     11      0      0      0      0  14801   2880  15704      4      0 
 10:27:17       0    299     53      -    100     20      0      0      0      0  14801   2880  15704      4      0 
 10:27:22       0     54     33      -      0      0      0      0      0      0  14801   2715  15124      4      0 
