#Time         gpu    pwr  gtemp  mtemp     sm    mem    enc    dec    jpg    ofa   mclk   pclk     fb   bar1   ccpm 
#HH:MM:SS     Idx      W      C      C      %      %      %      %      %      %    MHz    MHz     MB     MB     MB 
 04:39:02       0     11     36      -      0      0      0      0      0      0    405    180      2      1      0 
 04:39:07       0     11     36      -      0      0      0      0      0      0    405    180      2      1      0 
 04:39:12       0     11     36      -      0      0      0      0      0      0    405    180      2      1      0 
 04:39:17       0     44     38      -     11      1      0      0      0      0  14801   2625   1698      4      0 
 04:39:22       0     43     38      -      0      0      0      0      0      0  14801   2610   2680      4      0 
 04:39:27       0     43     38      -      0      0      0      0      0      0  14801   2610   2680      4      0 
 04:39:32       0     44     38      -      0      0      0      0      0      0  14801   2610   2680      4      0 
 04:39:37       0     20     38      -      0      0      0      0      0      0  14801   1957  15058      4      0 
 04:39:42       0     44     39      -      0      0      0      0      0      0  14801   2610  15058      4      0 
 04:39:47       0     51     39      -      0      0      0      0      0      0  14801   2872  15058      4      0 
 04:39:52       0     43     39      -      0      0      0      0      0      0  15001   2610      2      1      0 
 04:39:57       0     16     37      -      0      0      0      0      0      0    810    180      2      1      0 
 04:40:02       0     11     37      -      0      0      0      0      0      0    405    180      2      1      0 
