#Time         gpu    pwr  gtemp  mtemp     sm    mem    enc    dec    jpg    ofa   mclk   pclk     fb   bar1   ccpm 
#HH:MM:SS     Idx      W      C      C      %      %      %      %      %      %    MHz    MHz     MB     MB     MB 
 07:29:23       0     20     28      -      0      0      0      0      0      0    405    225      2      1      0 
 07:29:28       0     20     28      -      0      0      0      0      0      0    405    225      2      1      0 
 07:29:33       0     20     27      -      0      0      0      0      0      0    405    225      2      1      0 
 07:29:38       0     24     28      -      1      0      0      0      0      0  14801    225    338      4      0 
 07:29:43       0     49     30      -      4      0      0      0      0      0  14801   2737   2222      4      0 
 07:29:48       0     48     30      -      0      0      0      0      0      0  14801   2722   2692      4      0 
 07:29:53       0     48     30      -      0      0      0      0      0      0  14801   2722  15096      4      0 
 07:29:58       0     56     30      -      0      0      0      0      0      0  14801   2955  15096      4      0 
 07:30:03       0     49     29      -      0      0      0      0      0      0  14801   2730  11566      4      0 
 07:30:08       0     56     31      -    100      5      0      0      0      0  14801   2775  11566      4      0 
 07:30:13       0     48     29      -      0      0      0      0      0      0  14801   2722  11566      4      0 
 07:30:18       0     48     29      -      0      0      0      0      0      0  14801   2722  11618      4      0 
 07:30:23       0     48     29      -      0      0      0      0      0      0  14801   2722  11618      4      0 
 07:30:28       0     48     29      -      0      0      0      0      0      0  14801   2722  11618      4      0 
 07:30:33       0     48     29      -      0      0      0      0      0      0  14801   2722  11618      4      0 
 07:30:38       0     66     30      -      0      0      0      0      0      0  14801   2955  11626      4      0 
 07:30:43       0     57     30      -      0      0      0      0      0      0  14801   2955  11626      4      0 
 07:30:48       0     53     30      -    100      0      0      0      0      0  14801   2887  12222      4      0 
 07:30:53       0     50     30      -      0      0      0      0      0      0  14801   2722  12222      4      0 
 07:30:58       0     51     30      -      0      0      0      0      0      0  14801   2722  12222      4      0 
 07:31:03       0     48     29      -      0      0      0      0      0      0  14801   2722  15116      4      0 
 07:31:08       0    158     46      -    100     35      0      0      0      0  14801   2917  15700      4      0 
 07:31:13       0     48     29      -      0      0      0      0      0      0  14801   2722  15700      4      0 
 07:31:18       0     48     29      -      0      0      0      0      0      0  14801   2722  15700      4      0 
 07:31:23       0     48     29      -      0      0      0      0      0      0  14801   2722  15700      4      0 
 07:31:28       0     22     27      -      0      0      0      0      0      0    810    232  15700      4      0 
 07:31:33       0    287     49      -    100     28      0      0      0      0  14801   2887  15722      4      0 
 07:31:38       0    292     50      -    100     20      0      0      0      0  14801   2887  15722      4      0 
 07:31:43       0    289     54      -    100      9      0      0      0      0  14801   2880  15680      4      0 
 07:31:48       0    291     53      -    100     28      0      0      0      0  14801   2887  15680      4      0 
 07:31:53       0    294     55      -    100     19      0      0      0      0  14801   2880  15680      4      0 
 07:31:58       0    266     46      -     93     67      0      0      0      0  14801   2895  15682      4      0 
 07:32:03       0     48     35      -      0      0      0      0      0      0  14801   2715  15680      4      0 
 07:32:08       0     48     34      -      0      0      0      0      0      0  15001   2715      2      1      0 
