#Time         gpu    pwr  gtemp  mtemp     sm    mem    enc    dec    jpg    ofa   mclk   pclk     fb   bar1   ccpm 
#HH:MM:SS     Idx      W      C      C      %      %      %      %      %      %    MHz    MHz     MB     MB     MB 
 05:23:30       0     53     26      -      0      0      0      0      0      0  15001   2955      2      1      0 
 05:23:35       0     25     24      -      0      0      0      0      0      0   7001    225      2      1      0 
 05:23:40       0     21     23      -      0      0      0      0      0      0    405    225      2      1      0 
 05:23:45       0     23     25      -      1      0      0      0      0      0  14801   1387    338      4      0 
 05:23:50       0     48     27      -      3      0      0      0      0      0  14801   2737   2242      4      0 
 05:23:55       0     48     27      -      0      0      0      0      0      0  14801   2722   2690      4      0 
 05:24:00       0     48     27      -      0      0      0      0      0      0  14801   2722   2700      4      0 
 05:24:05       0     48     27      -      0      0      0      0      0      0  14801   2722   2710      4      0 
 05:24:10       0     27     25      -      0      0      0      0      0      0    810    427   2714      4      0 
 05:24:15       0     21     24      -      0      0      0      0      0      0    405    225   2714      4      0 
 05:24:20       0     21     24      -      0      0      0      0      0      0    405    225   2714      4      0 
 05:24:25       0     21     24      -      0      0      0      0      0      0    405    225   2714      4      0 
 05:24:30       0     21     24      -      0      0      0      0      0      0    405    225   2714      4      0 
 05:24:35       0     48     27      -      0      0      0      0      0      0  14801   2722   4936      4      0 
 05:24:40       0     48     27      -      0      0      0      0      0      0  14801   2722   4946      4      0 
 05:24:45       0     48     27      -      0      0      0      0      0      0  14801   2722   4946      4      0 
 05:24:50       0    175     30      -      0      0      0      0      0      0  14801   2955  15068      4      0 
 05:24:55       0     54     29      -      0      0      0      0      0      0  14801   2955  15070      4      0 
 05:25:00       0     50     29      -      0      0      0      0      0      0  14801   2722  15712      4      0 
 05:25:05       0     48     28      -      0      0      0      0      0      0  14801   2722  15712      4      0 
 05:25:10       0     48     28      -      0      0      0      0      0      0  14801   2722  15712      4      0 
 05:25:15       0     28     26      -      0      0      0      0      0      0    810    412  15712      4      0 
 05:25:20       0    133     36      -     95     61      0      0      0      0  14801   2910  15714      4      0 
 05:25:25       0    283     40      -     96     48      0      0      0      0  14801   2902  15734      4      0 
 05:25:30       0    303     52      -    100     32      0      0      0      0  14801   2887  15734      4      0 
 05:25:35       0    300     56      -    100     29      0      0      0      0  14801   2880  15692      4      0 
 05:25:40       0    220     52      -    100     40      0      0      0      0  14801   2887  15696      4      0 
 05:25:45       0    140     36      -      0      0      0      0      0      0  14801   2940  15696      4      0 
 05:25:50       0    306     55      -    100     12      0      0      0      0  14801   2880  15696      4      0 
 05:25:55       0    302     59      -    100     25      0      0      0      0  14801   2887  15694      4      0 
 05:26:00       0    125     49      -    100     23      0      0      0      0  14801   2910  15696      4      0 
 05:26:05       0    122     42      -     96     44      0      0      0      0  14801   2917  15698      4      0 
 05:26:10       0    219     46      -     94     75      0      0      0      0  14801   2895  15698      4      0 
 05:26:15       0    219     47      -     94     75      0      0      0      0  14801   2895  15698      4      0 
 05:26:20       0    220     47      -     94     76      0      0      0      0  14801   2895  15698      4      0 
 05:26:25       0    220     47      -     94     76      0      0      0      0  14801   2895  15698      4      0 
 05:26:30       0    220     48      -     94     76      0      0      0      0  14801   2895  15698      4      0 
 05:26:35       0    221     48      -     94     76      0      0      0      0  14801   2895  15698      4      0 
 05:26:40       0    221     48      -     94     76      0      0      0      0  14801   2895  15698      4      0 
 05:26:45       0    222     49      -     94     76      0      0      0      0  14801   2895  15698      4      0 
 05:26:50       0    222     49      -     94     76      0      0      0      0  14801   2895  15698      4      0 
 05:26:55       0    222     49      -     94     76      0      0      0      0  14801   2895  15698      4      0 
 05:27:00       0    222     49      -     94     76      0      0      0      0  14801   2895  15698      4      0 
 05:27:05       0    222     49      -     94     76      0      0      0      0  14801   2895  15698      4      0 
#Time         gpu    pwr  gtemp  mtemp     sm    mem    enc    dec    jpg    ofa   mclk   pclk     fb   bar1   ccpm 
#HH:MM:SS     Idx      W      C      C      %      %      %      %      %      %    MHz    MHz     MB     MB     MB 
 05:27:10       0    222     50      -     94     76      0      0      0      0  14801   2895  15698      4      0 
 05:27:15       0    222     50      -     94     76      0      0      0      0  14801   2895  15698      4      0 
 05:27:20       0    222     50      -     94     76      0      0      0      0  14801   2895  15698      4      0 
 05:27:25       0    222     50      -     94     76      0      0      0      0  14801   2895  15698      4      0 
 05:27:30       0    222     50      -     94     76      0      0      0      0  14801   2895  15698      4      0 
 05:27:35       0    222     50      -     94     76      0      0      0      0  14801   2895  15698      4      0 
 05:27:40       0    223     50      -     94     76      0      0      0      0  14801   2895  15698      4      0 
 05:27:45       0    223     51      -     94     76      0      0      0      0  14801   2895  15698      4      0 
 05:27:50       0    223     51      -     94     76      0      0      0      0  14801   2895  15698      4      0 
 05:27:55       0    223     51      -     94     76      0      0      0      0  14801   2895  15698      4      0 
 05:28:00       0    223     51      -     94     76      0      0      0      0  14801   2895  15698      4      0 
 05:28:05       0    223     51      -     94     76      0      0      0      0  14801   2895  15698      4      0 
 05:28:10       0    223     51      -     94     76      0      0      0      0  14801   2895  15698      4      0 
 05:28:15       0    224     51      -     94     76      0      0      0      0  14801   2895  15698      4      0 
 05:28:20       0    224     51      -     94     76      0      0      0      0  14801   2895  15698      4      0 
 05:28:25       0    224     52      -     94     76      0      0      0      0  14801   2895  15698      4      0 
 05:28:30       0    224     52      -     94     76      0      0      0      0  14801   2895  15698      4      0 
 05:28:35       0    224     51      -     94     76      0      0      0      0  14801   2895  15698      4      0 
 05:28:40       0    224     51      -     94     76      0      0      0      0  14801   2895  15698      4      0 
 05:28:45       0    224     51      -     94     76      0      0      0      0  14801   2895  15698      4      0 
 05:28:50       0    224     51      -     94     76      0      0      0      0  14801   2895  15698      4      0 
 05:28:55       0    225     52      -     94     76      0      0      0      0  14801   2895  15698      4      0 
 05:29:00       0    224     52      -     94     77      0      0      0      0  14801   2895  15698      4      0 
 05:29:05       0    224     52      -     94     77      0      0      0      0  14801   2895  15698      4      0 
 05:29:10       0    224     52      -     94     76      0      0      0      0  14801   2895  15698      4      0 
 05:29:15       0    224     51      -     94     76      0      0      0      0  14801   2895  15698      4      0 
 05:29:20       0    224     51      -     94     77      0      0      0      0  14801   2895  15698      4      0 
 05:29:25       0    224     51      -     94     77      0      0      0      0  14801   2895  15698      4      0 
 05:29:30       0    224     52      -     94     76      0      0      0      0  14801   2895  15698      4      0 
 05:29:35       0    225     52      -     94     77      0      0      0      0  14801   2895  15698      4      0 
 05:29:40       0    224     52      -     94     76      0      0      0      0  14801   2895  15698      4      0 
 05:29:45       0    224     52      -     94     77      0      0      0      0  14801   2895  15698      4      0 
 05:29:50       0    224     51      -     94     77      0      0      0      0  14801   2895  15698      4      0 
 05:29:55       0    224     51      -     94     77      0      0      0      0  14801   2895  15030      4      0 
 05:30:00       0    225     52      -     94     77      0      0      0      0  14801   2895  15030      4      0 
 05:30:05       0    225     52      -     94     77      0      0      0      0  14801   2895  15030      4      0 
 05:30:10       0    225     52      -     94     77      0      0      0      0  14801   2895  15030      4      0 
 05:30:15       0    225     52      -     94     77      0      0      0      0  14801   2895  15030      4      0 
 05:30:20       0    224     51      -     94     77      0      0      0      0  14801   2895  15030      4      0 
 05:30:25       0    225     51      -     94     77      0      0      0      0  14801   2895  15030      4      0 
 05:30:30       0    225     52      -     94     77      0      0      0      0  14801   2895  15030      4      0 
 05:30:35       0    225     52      -     94     77      0      0      0      0  14801   2895  15030      4      0 
 05:30:40       0    225     52      -     94     77      0      0      0      0  14801   2895  15030      4      0 
 05:30:45       0    225     52      -     94     77      0      0      0      0  14801   2895  15030      4      0 
#Time         gpu    pwr  gtemp  mtemp     sm    mem    enc    dec    jpg    ofa   mclk   pclk     fb   bar1   ccpm 
#HH:MM:SS     Idx      W      C      C      %      %      %      %      %      %    MHz    MHz     MB     MB     MB 
 05:30:50       0    225     52      -     94     77      0      0      0      0  14801   2895  15030      4      0 
 05:30:55       0    225     52      -     94     77      0      0      0      0  14801   2895  15030      4      0 
 05:31:00       0    225     52      -     94     77      0      0      0      0  14801   2895  15030      4      0 
 05:31:05       0    225     52      -     94     77      0      0      0      0  14801   2895  15030      4      0 
 05:31:10       0    225     52      -     94     77      0      0      0      0  14801   2895  15030      4      0 
 05:31:15       0    225     52      -     94     77      0      0      0      0  14801   2895  15030      4      0 
 05:31:20       0    225     52      -     94     77      0      0      0      0  14801   2895  15030      4      0 
 05:31:25       0    226     52      -     94     77      0      0      0      0  14801   2895  15030      4      0 
 05:31:30       0    225     52      -     94     77      0      0      0      0  14801   2895  15030      4      0 
 05:31:35       0     68     42      -     99     10      0      0      0      0  14801   2940  15058      4      0 
 05:31:40       0    158     47      -     96     53      0      0      0      0  14801   2902  15058      4      0 
 05:31:45       0    132     41      -      0      0      0      0      0      0  14801   2940  15058      4      0 
 05:31:50       0     73     42      -     98     25      0      0      0      0  14801   2940  15058      4      0 
 05:31:55       0     71     39      -      0      0      0      0      0      0  14801   2940  15698      4      0 
 05:32:00       0    311     61      -    100     31      0      0      0      0  14801   2880  15698      4      0 
 05:32:05       0    313     60      -    100     17      0      0      0      0  14801   2880  15694      4      0 
 05:32:10       0    315     63      -    100      0      0      0      0      0  14801   2872  15694      4      0 
 05:32:15       0    157     57      -    100     40      0      0      0      0  14801   2895  15698      4      0 
 05:32:20       0    312     58      -    100     43      0      0      0      0  14801   2880  15698      4      0 
 05:32:25       0    313     61      -    100     23      0      0      0      0  14801   2872  15694      4      0 
 05:32:30       0    314     62      -    100      1      0      0      0      0  14801   2872  15694      4      0 
 05:32:35       0    247     52      -     99     32      0      0      0      0  14801   2880  15696      4      0 
 05:32:40       0    310     58      -    100     26      0      0      0      0  14801   2880  15696      4      0 
 05:32:45       0    315     59      -    100     14      0      0      0      0  14801   2872  15694      4      0 
 05:32:50       0    318     58      -    100     33      0      0      0      0  14801   2872  15694      4      0 
 05:32:55       0    212     48      -     94     77      0      0      0      0  14801   2895  15694      4      0 
 05:33:00       0    224     48      -     94     77      0      0      0      0  14801   2895  15694      4      0 
 05:33:05       0    224     48      -     94     78      0      0      0      0  14801   2895  15694      4      0 
 05:33:10       0    224     48      -     95     78      0      0      0      0  14801   2895  15694      4      0 
 05:33:15       0    224     48      -     94     77      0      0      0      0  14801   2895  15694      4      0 
 05:33:21       0    225     49      -     95     78      0      0      0      0  14801   2895  15694      4      0 
 05:33:26       0    225     49      -     95     78      0      0      0      0  14801   2895  15694      4      0 
 05:33:31       0    225     50      -     94     77      0      0      0      0  14801   2895  15694      4      0 
 05:33:36       0    226     50      -     94     78      0      0      0      0  14801   2895  15694      4      0 
 05:33:41       0    225     50      -     94     78      0      0      0      0  14801   2895  15694      4      0 
 05:33:46       0    226     50      -     95     78      0      0      0      0  14801   2895  15694      4      0 
 05:33:51       0    225     50      -     94     77      0      0      0      0  14801   2895  15694      4      0 
 05:33:56       0    226     50      -     94     78      0      0      0      0  14801   2895  15694      4      0 
 05:34:01       0    226     51      -     95     78      0      0      0      0  14801   2895  15694      4      0 
 05:34:06       0    226     51      -     94     78      0      0      0      0  14801   2895  15694      4      0 
 05:34:11       0    226     51      -     94     78      0      0      0      0  14801   2895  15694      4      0 
 05:34:16       0    227     51      -     94     78      0      0      0      0  14801   2895  15694      4      0 
 05:34:21       0    226     51      -     94     78      0      0      0      0  14801   2895  15694      4      0 
 05:34:26       0    226     51      -     95     78      0      0      0      0  14801   2895  15694      4      0 
#Time         gpu    pwr  gtemp  mtemp     sm    mem    enc    dec    jpg    ofa   mclk   pclk     fb   bar1   ccpm 
#HH:MM:SS     Idx      W      C      C      %      %      %      %      %      %    MHz    MHz     MB     MB     MB 
 05:34:31       0    227     51      -     94     78      0      0      0      0  14801   2895  15694      4      0 
 05:34:36       0    227     51      -     95     77      0      0      0      0  14801   2895  15052      4      0 
 05:34:41       0    227     52      -     94     78      0      0      0      0  14801   2895  15052      4      0 
 05:34:46       0    227     52      -     94     78      0      0      0      0  14801   2895  15052      4      0 
 05:34:51       0    227     52      -     95     78      0      0      0      0  14801   2895  15052      4      0 
 05:34:56       0    227     51      -     95     78      0      0      0      0  14801   2895  15052      4      0 
 05:35:01       0    227     51      -     95     78      0      0      0      0  14801   2895  15052      4      0 
 05:35:06       0    227     52      -     95     78      0      0      0      0  14801   2895  15052      4      0 
 05:35:11       0    227     52      -     95     78      0      0      0      0  14801   2895  15052      4      0 
 05:35:16       0    227     52      -     95     78      0      0      0      0  14801   2895  15052      4      0 
 05:35:21       0    227     52      -     95     78      0      0      0      0  14801   2895  15052      4      0 
 05:35:26       0    227     52      -     94     78      0      0      0      0  14801   2895  15052      4      0 
 05:35:31       0    227     52      -     95     78      0      0      0      0  14801   2895  15052      4      0 
 05:35:36       0    227     52      -     95     78      0      0      0      0  14801   2895  15052      4      0 
 05:35:41       0    228     52      -     94     78      0      0      0      0  14801   2895  15052      4      0 
 05:35:46       0    228     52      -     95     78      0      0      0      0  14801   2895  15052      4      0 
 05:35:51       0    228     52      -     95     78      0      0      0      0  14801   2895  15052      4      0 
 05:35:56       0    228     52      -     94     78      0      0      0      0  14801   2895  15052      4      0 
 05:36:01       0    228     52      -     94     78      0      0      0      0  14801   2895  15052      4      0 
 05:36:06       0    228     52      -     95     78      0      0      0      0  14801   2895  15052      4      0 
 05:36:11       0    228     52      -     94     78      0      0      0      0  14801   2895  15052      4      0 
 05:36:16       0    228     52      -     95     78      0      0      0      0  14801   2895  15052      4      0 
 05:36:21       0    228     52      -     95     78      0      0      0      0  14801   2895  15052      4      0 
 05:36:26       0    228     52      -     95     78      0      0      0      0  14801   2887  15052      4      0 
 05:36:31       0    228     52      -     95     78      0      0      0      0  14801   2887  15052      4      0 
 05:36:36       0    228     52      -     95     78      0      0      0      0  14801   2887  15052      4      0 
 05:36:41       0    228     52      -     95     78      0      0      0      0  14801   2887  15052      4      0 
 05:36:46       0    228     52      -     95     78      0      0      0      0  14801   2887  15052      4      0 
 05:36:51       0    229     52      -     94     78      0      0      0      0  14801   2887  15052      4      0 
 05:36:56       0    228     52      -     95     78      0      0      0      0  14801   2887  15052      4      0 
 05:37:01       0    228     52      -     95     78      0      0      0      0  14801   2887  15052      4      0 
 05:37:06       0    228     52      -     95     78      0      0      0      0  14801   2887  15052      4      0 
 05:37:11       0    228     52      -     95     78      0      0      0      0  14801   2887  15052      4      0 
 05:37:16       0    228     52      -     95     78      0      0      0      0  14801   2887  15052      4      0 
 05:37:21       0    228     52      -     95     78      0      0      0      0  14801   2887  15052      4      0 
 05:37:26       0    228     52      -     95     78      0      0      0      0  14801   2887  15052      4      0 
 05:37:31       0    229     52      -     95     78      0      0      0      0  14801   2887  15052      4      0 
 05:37:36       0    229     52      -     95     78      0      0      0      0  14801   2887  15052      4      0 
 05:37:41       0    229     52      -     95     78      0      0      0      0  14801   2887  15052      4      0 
 05:37:46       0    228     52      -     95     78      0      0      0      0  14801   2887  15052      4      0 
 05:37:51       0    228     52      -     95     78      0      0      0      0  14801   2887  15052      4      0 
 05:37:56       0    228     52      -     95     78      0      0      0      0  14801   2887  15052      4      0 
 05:38:01       0    229     52      -     95     78      0      0      0      0  14801   2887  15052      4      0 
 05:38:06       0    229     52      -     95     78      0      0      0      0  14801   2887  15052      4      0 
#Time         gpu    pwr  gtemp  mtemp     sm    mem    enc    dec    jpg    ofa   mclk   pclk     fb   bar1   ccpm 
#HH:MM:SS     Idx      W      C      C      %      %      %      %      %      %    MHz    MHz     MB     MB     MB 
 05:38:11       0    229     52      -     95     78      0      0      0      0  14801   2887  15052      4      0 
 05:38:16       0    229     53      -     95     78      0      0      0      0  14801   2887  15052      4      0 
 05:38:21       0    229     52      -     95     78      0      0      0      0  14801   2887  15052      4      0 
 05:38:26       0    229     52      -     95     78      0      0      0      0  14801   2887  15052      4      0 
 05:38:31       0    229     52      -     95     79      0      0      0      0  14801   2887  15052      4      0 
 05:38:36       0    229     52      -     95     79      0      0      0      0  14801   2887  15052      4      0 
 05:38:41       0    229     52      -     95     79      0      0      0      0  14801   2887  15052      4      0 
 05:38:46       0    230     53      -     95     79      0      0      0      0  14801   2887  15052      4      0 
 05:38:51       0    229     53      -     95     78      0      0      0      0  14801   2887  15052      4      0 
 05:38:56       0    313     62      -    100     16      0      0      0      0  14801   2872  15698      4      0 
 05:39:01       0    312     65      -    100     12      0      0      0      0  14801   2880  15694      4      0 
 05:39:06       0    321     64      -    100     28      0      0      0      0  14801   2865  15694      4      0 
 05:39:11       0    314     58      -    100     24      0      0      0      0  14801   2872  15694      4      0 
 05:39:16       0    313     59      -    100     34      0      0      0      0  14801   2887  15696      4      0 
 05:39:21       0    312     62      -    100     14      0      0      0      0  14801   2872  15076      4      0 
 05:39:26       0    316     58      -    100     27      0      0      0      0  14801   2872  15694      4      0 
 05:39:31       0    195     60      -    100      1      0      0      0      0  14801   2880  15694      4      0 
 05:39:36       0    190     44      -     96     56      0      0      0      0  14801   2902  15694      4      0 
 05:39:41       0    192     43      -     97     43      0      0      0      0  14801   2902  15694      4      0 
 05:39:46       0    182     43      -     96     56      0      0      0      0  14801   2902  15694      4      0 
 05:39:51       0    224     47      -     94     78      0      0      0      0  14801   2895  15694      4      0 
 05:39:56       0    224     47      -     94     78      0      0      0      0  14801   2895  15694      4      0 
 05:40:01       0    225     48      -     95     78      0      0      0      0  14801   2895  15694      4      0 
 05:40:06       0    225     48      -     94     78      0      0      0      0  14801   2895  15694      4      0 
 05:40:11       0    225     48      -     94     78      0      0      0      0  14801   2895  15694      4      0 
 05:40:16       0    225     49      -     95     78      0      0      0      0  14801   2895  15694      4      0 
 05:40:21       0    225     49      -     94     78      0      0      0      0  14801   2895  15694      4      0 
 05:40:26       0    226     50      -     95     78      0      0      0      0  14801   2895  15694      4      0 
 05:40:31       0    226     50      -     95     78      0      0      0      0  14801   2895  15694      4      0 
 05:40:36       0    226     50      -     95     78      0      0      0      0  14801   2895  15694      4      0 
 05:40:41       0    226     50      -     95     78      0      0      0      0  14801   2895  15694      4      0 
 05:40:46       0    226     50      -     94     78      0      0      0      0  14801   2895  15694      4      0 
 05:40:51       0    226     50      -     94     78      0      0      0      0  14801   2895  15694      4      0 
 05:40:56       0    226     51      -     94     78      0      0      0      0  14801   2895  15694      4      0 
 05:41:01       0    227     51      -     94     78      0      0      0      0  14801   2895  15694      4      0 
 05:41:06       0    227     51      -     95     78      0      0      0      0  14801   2895  15694      4      0 
 05:41:11       0    226     51      -     95     78      0      0      0      0  14801   2895  15694      4      0 
 05:41:16       0    226     51      -     95     78      0      0      0      0  14801   2895  15052      4      0 
 05:41:21       0    227     51      -     94     78      0      0      0      0  14801   2895  15052      4      0 
 05:41:26       0    227     51      -     94     78      0      0      0      0  14801   2895  15052      4      0 
 05:41:31       0    227     51      -     94     78      0      0      0      0  14801   2895  15052      4      0 
 05:41:36       0    227     52      -     95     78      0      0      0      0  14801   2895  15052      4      0 
 05:41:41       0    227     52      -     95     78      0      0      0      0  14801   2895  15052      4      0 
 05:41:46       0    227     51      -     95     78      0      0      0      0  14801   2895  15052      4      0 
#Time         gpu    pwr  gtemp  mtemp     sm    mem    enc    dec    jpg    ofa   mclk   pclk     fb   bar1   ccpm 
#HH:MM:SS     Idx      W      C      C      %      %      %      %      %      %    MHz    MHz     MB     MB     MB 
 05:41:51       0    227     51      -     95     78      0      0      0      0  14801   2895  15052      4      0 
 05:41:56       0    227     51      -     94     78      0      0      0      0  14801   2895  15052      4      0 
 05:42:01       0    227     51      -     94     78      0      0      0      0  14801   2895  15052      4      0 
 05:42:06       0    227     52      -     94     78      0      0      0      0  14801   2887  15052      4      0 
 05:42:11       0    228     52      -     95     78      0      0      0      0  14801   2887  15052      4      0 
 05:42:16       0    227     52      -     95     78      0      0      0      0  14801   2887  15052      4      0 
 05:42:21       0    227     52      -     95     78      0      0      0      0  14801   2887  15052      4      0 
 05:42:26       0    227     52      -     94     78      0      0      0      0  14801   2887  15052      4      0 
 05:42:31       0    228     52      -     95     78      0      0      0      0  14801   2887  15052      4      0 
 05:42:36       0    228     52      -     95     78      0      0      0      0  14801   2887  15052      4      0 
 05:42:41       0    228     52      -     95     78      0      0      0      0  14801   2887  15052      4      0 
 05:42:46       0    228     52      -     95     78      0      0      0      0  14801   2887  15052      4      0 
 05:42:51       0    228     52      -     95     78      0      0      0      0  14801   2887  15052      4      0 
 05:42:56       0    228     52      -     95     78      0      0      0      0  14801   2887  15052      4      0 
 05:43:01       0    228     52      -     95     78      0      0      0      0  14801   2895  15052      4      0 
 05:43:06       0    228     52      -     95     78      0      0      0      0  14801   2895  15052      4      0 
 05:43:11       0    228     52      -     94     78      0      0      0      0  14801   2895  15052      4      0 
 05:43:16       0    228     52      -     95     78      0      0      0      0  14801   2887  15052      4      0 
 05:43:21       0    228     52      -     95     78      0      0      0      0  14801   2887  15052      4      0 
 05:43:26       0    228     52      -     95     78      0      0      0      0  14801   2887  15052      4      0 
 05:43:31       0    228     52      -     95     78      0      0      0      0  14801   2887  15052      4      0 
 05:43:36       0    229     52      -     95     78      0      0      0      0  14801   2887  15052      4      0 
 05:43:41       0    229     52      -     95     78      0      0      0      0  14801   2887  15052      4      0 
 05:43:46       0    229     52      -     95     78      0      0      0      0  14801   2887  15052      4      0 
 05:43:51       0    229     52      -     95     78      0      0      0      0  14801   2887  15052      4      0 
 05:43:56       0    229     52      -     95     78      0      0      0      0  14801   2887  15052      4      0 
 05:44:01       0    229     52      -     95     78      0      0      0      0  14801   2887  15052      4      0 
 05:44:06       0    228     52      -     95     78      0      0      0      0  14801   2887  15052      4      0 
 05:44:11       0    228     52      -     95     78      0      0      0      0  14801   2887  15052      4      0 
 05:44:16       0    228     52      -     95     78      0      0      0      0  14801   2887  15052      4      0 
 05:44:21       0    229     52      -     95     78      0      0      0      0  14801   2887  15052      4      0 
 05:44:26       0    229     53      -     95     78      0      0      0      0  14801   2887  15052      4      0 
 05:44:31       0    229     53      -     95     78      0      0      0      0  14801   2887  15052      4      0 
 05:44:36       0    229     52      -     95     78      0      0      0      0  14801   2887  15052      4      0 
 05:44:41       0    229     52      -     95     78      0      0      0      0  14801   2887  15052      4      0 
 05:44:46       0    229     52      -     95     78      0      0      0      0  14801   2887  15052      4      0 
 05:44:51       0    228     52      -     95     78      0      0      0      0  14801   2887  15052      4      0 
 05:44:56       0    229     52      -     95     78      0      0      0      0  14801   2887  15052      4      0 
 05:45:01       0    229     53      -     95     78      0      0      0      0  14801   2887  15052      4      0 
 05:45:06       0    229     53      -     95     78      0      0      0      0  14801   2887  15052      4      0 
 05:45:11       0    229     52      -     95     78      0      0      0      0  14801   2887  15052      4      0 
 05:45:16       0    229     52      -     95     79      0      0      0      0  14801   2887  15052      4      0 
 05:45:21       0    229     52      -     95     78      0      0      0      0  14801   2887  15052      4      0 
 05:45:26       0    229     52      -     95     78      0      0      0      0  14801   2887  15052      4      0 
#Time         gpu    pwr  gtemp  mtemp     sm    mem    enc    dec    jpg    ofa   mclk   pclk     fb   bar1   ccpm 
#HH:MM:SS     Idx      W      C      C      %      %      %      %      %      %    MHz    MHz     MB     MB     MB 
 05:45:31       0    229     53      -     95     78      0      0      0      0  14801   2887  15052      4      0 
 05:45:36       0    316     63      -    100     41      0      0      0      0  14801   2865  15698      4      0 
 05:45:41       0    314     62      -    100      4      0      0      0      0  14801   2865  15698      4      0 
 05:45:46       0    316     62      -    100      2      0      0      0      0  14801   2872  15694      4      0 
 05:45:51       0    252     44      -      0      0      0      0      0      0  14801   2895  15694      4      0 
 05:45:56       0    105     54      -    100     32      0      0      0      0  14801   2940  15696      4      0 
 05:46:01       0    311     59      -    100     33      0      0      0      0  14801   2872  15696      4      0 
 05:46:06       0    312     61      -    100      9      0      0      0      0  14801   2872  15694      4      0 
 05:46:11       0    312     62      -    100      1      0      0      0      0  14801   2872  15694      4      0 
 05:46:16       0    179     46      -     96     55      0      0      0      0  14801   2895  15694      4      0 
 05:46:21       0    176     44      -     96     53      0      0      0      0  14801   2902  15694      4      0 
 05:46:26       0    179     44      -     97     51      0      0      0      0  14801   2902  15694      4      0 
 05:46:31       0    175     44      -     96     54      0      0      0      0  14801   2902  15694      4      0 
 05:46:36       0    176     45      -     96     60      0      0      0      0  14801   2902  15696      4      0 
 05:46:41       0    310     60      -    100     24      0      0      0      0  14801   2887  15696      4      0 
 05:46:46       0    307     60      -    100     15      0      0      0      0  14801   2872  15694      4      0 
 05:46:51       0    320     62      -    100      6      0      0      0      0  14801   2872  15694      4      0 
 05:46:56       0    272     46      -     61     31      0      0      0      0  14801   2880  15696      4      0 
 05:47:01       0    147     56      -    100     41      0      0      0      0  14801   2925  15696      4      0 
 05:47:06       0    310     57      -    100     35      0      0      0      0  14801   2880  15696      4      0 
 05:47:11       0    310     60      -    100     25      0      0      0      0  14801   2872  15694      4      0 
 05:47:16       0    310     62      -    100      3      0      0      0      0  14801   2872  15694      4      0 
 05:47:21       0     60     38      -      0      0      0      0      0      0  14801   2940  15696      4      0 
 05:47:26       0    310     59      -    100     15      0      0      0      0  14801   2880  15696      4      0 
 05:47:31       0    310     51      -     99     28      0      0      0      0  14801   2880  15694      4      0 
 05:47:36       0    310     58      -    100     27      0      0      0      0  14801   2887  15694      4      0 
 05:47:41       0    312     61      -    100     10      0      0      0      0  14801   2880  15694      4      0 
 05:47:46       0    312     58      -    100     28      0      0      0      0  14801   2887  15716      4      0 
 05:47:51       0    314     60      -    100      2      0      0      0      0  14801   2880  15716      4      0 
 05:47:57       0    314     59      -    100      2      0      0      0      0  14801   2880  15716      4      0 
 05:48:02       0    313     58      -    100      2      0      0      0      0  14801   2887  15716      4      0 
 05:48:07       0    317     54      -    100     43      0      0      0      0  14801   2887  15716      4      0 
 05:48:12       0    316     57      -    100      2      0      0      0      0  14801   2880  15716      4      0 
 05:48:17       0    162     36      -      0      0      0      0      0      0  14801   2940  15698      4      0 
 05:48:22       0     52     33      -      0      0      0      0      0      0  14801   2722  15698      4      0 
 05:48:27       0     48     32      -      0      0      0      0      0      0  14801   2722  15698      4      0 
