#Time         gpu    pwr  gtemp  mtemp     sm    mem    enc    dec    jpg    ofa   mclk   pclk     fb   bar1   ccpm 
#HH:MM:SS     Idx      W      C      C      %      %      %      %      %      %    MHz    MHz     MB     MB     MB 
 05:48:50       0     20     27      -      0      0      0      0      0      0    405    225      2      1      0 
 05:48:55       0     21     27      -      0      0      0      0      0      0    405    225      2      1      0 
 05:49:00       0     20     27      -      0      0      0      0      0      0    405    225      2      1      0 
 05:49:05       0     24     27      -      1      0      0      0      0      0  14801    225    338      4      0 
 05:49:10       0     49     29      -      4      0      0      0      0      0  14801   2737   2222      4      0 
 05:49:15       0     48     29      -      0      0      0      0      0      0  14801   2722   2692      4      0 
 05:49:20       0     48     29      -      0      0      0      0      0      0  14801   2722  15016      4      0 
 05:49:25       0     54     29      -      0      0      0      0      0      0  14801   2955  15016      4      0 
 05:49:30       0     48     29      -      0      0      0      0      0      0  14801   2722  15016      4      0 
 05:49:35       0     48     29      -      0      0      0      0      0      0  14801   2722  11570      4      0 
 05:49:40       0     49     29      -      0      0      0      0      0      0  14801   2722  11570      4      0 
 05:49:45       0     57     29      -      0      0      0      0      0      0  14801   2955  11602      4      0 
 05:49:50       0     60     29      -      0      0      0      0      0      0  14801   2955  11602      4      0 
 05:49:55       0     48     29      -      0      0      0      0      0      0  14801   2722  11602      4      0 
 05:50:00       0     58     29      -      0      0      0      0      0      0  14801   2955  11602      4      0 
 05:50:05       0     54     30      -    100      0      0      0      0      0  14801   2887  11608      4      0 
 05:50:10       0     48     29      -      0      0      0      0      0      0  14801   2722  11630      4      0 
 05:50:15       0     48     29      -      0      0      0      0      0      0  14801   2722  11630      4      0 
 05:50:20       0    174     32      -      0      0      0      0      0      0  14801   2947  12266      4      0 
 05:50:26       0     58     30      -      0      0      0      0      0      0  14801   2955  12266      4      0 
 05:50:31       0     48     29      -      0      0      0      0      0      0  14801   2722  15056      4      0 
 05:50:36       0     89     42      -    100     36      0      0      0      0  14801   2955  15700      4      0 
 05:50:41       0     50     30      -      0      0      0      0      0      0  14801   2722  15700      4      0 
 05:50:46       0     48     29      -      0      0      0      0      0      0  14801   2722  15700      4      0 
 05:50:51       0     48     29      -      0      0      0      0      0      0  14801   2722  15700      4      0 
 05:50:56       0     28     27      -      0      0      0      0      0      0    810    442  15700      4      0 
 05:51:01       0    129     34      -     97     27      0      0      0      0  14801   2940  15702      4      0 
 05:51:06       0    290     50      -    100     34      0      0      0      0  14801   2895  15722      4      0 
 05:51:11       0    246     47      -     99     31      0      0      0      0  14801   2902  15680      4      0 
 05:51:16       0    221     49      -    100     39      0      0      0      0  14801   2895  15684      4      0 
 05:51:21       0    292     54      -    100     18      0      0      0      0  14801   2887  15684      4      0 
 05:51:26       0    296     55      -    100     24      0      0      0      0  14801   2880  15684      4      0 
 05:51:31       0    136     49      -    100     37      0      0      0      0  14801   2940  15684      4      0 
 05:51:36       0     90     38      -     98     13      0      0      0      0  14801   2932  15688      4      0 
 05:51:41       0    185     44      -     93     61      0      0      0      0  14801   2895  15688      4      0 
 05:51:46       0    208     45      -     91     71      0      0      0      0  14801   2887  15688      4      0 
 05:51:51       0    209     46      -     92     71      0      0      0      0  14801   2887  15688      4      0 
 05:51:56       0    209     46      -     91     71      0      0      0      0  14801   2887  15688      4      0 
 05:52:01       0    209     46      -     91     71      0      0      0      0  14801   2887  15688      4      0 
 05:52:06       0    209     47      -     92     71      0      0      0      0  14801   2887  15688      4      0 
 05:52:11       0    209     47      -     92     71      0      0      0      0  14801   2887  15688      4      0 
 05:52:16       0    209     47      -     92     71      0      0      0      0  14801   2887  15688      4      0 
 05:52:21       0    210     47      -     92     72      0      0      0      0  14801   2887  15688      4      0 
 05:52:26       0    211     48      -     92     72      0      0      0      0  14801   2887  15688      4      0 
#Time         gpu    pwr  gtemp  mtemp     sm    mem    enc    dec    jpg    ofa   mclk   pclk     fb   bar1   ccpm 
#HH:MM:SS     Idx      W      C      C      %      %      %      %      %      %    MHz    MHz     MB     MB     MB 
 05:52:31       0    211     48      -     92     72      0      0      0      0  14801   2887  15688      4      0 
 05:52:36       0    211     48      -     92     72      0      0      0      0  14801   2887  15688      4      0 
 05:52:41       0    211     48      -     92     72      0      0      0      0  14801   2887  15688      4      0 
 05:52:46       0    211     48      -     92     72      0      0      0      0  14801   2887  15688      4      0 
 05:52:51       0    212     48      -     92     72      0      0      0      0  14801   2887  15688      4      0 
 05:52:56       0    212     49      -     92     72      0      0      0      0  14801   2887  15688      4      0 
 05:53:01       0    212     49      -     92     72      0      0      0      0  14801   2887  15688      4      0 
 05:53:06       0    212     49      -     92     72      0      0      0      0  14801   2887  15688      4      0 
 05:53:11       0    211     49      -     92     72      0      0      0      0  14801   2887  15688      4      0 
 05:53:16       0    211     49      -     92     72      0      0      0      0  14801   2887  15688      4      0 
 05:53:21       0    211     49      -     92     72      0      0      0      0  14801   2887  15688      4      0 
 05:53:26       0    212     49      -     92     72      0      0      0      0  14801   2887  15688      4      0 
 05:53:31       0    212     49      -     92     72      0      0      0      0  14801   2887  15688      4      0 
 05:53:36       0    212     50      -     92     72      0      0      0      0  14801   2887  15688      4      0 
 05:53:41       0    213     50      -     92     72      0      0      0      0  14801   2887  15688      4      0 
 05:53:46       0    212     49      -     92     72      0      0      0      0  14801   2887  15688      4      0 
 05:53:51       0    213     49      -     92     72      0      0      0      0  14801   2887  15688      4      0 
 05:53:56       0    213     49      -     92     72      0      0      0      0  14801   2887  15688      4      0 
 05:54:01       0    213     49      -     92     72      0      0      0      0  14801   2887  15688      4      0 
 05:54:06       0    213     50      -     92     72      0      0      0      0  14801   2887  15688      4      0 
 05:54:11       0    213     50      -     92     72      0      0      0      0  14801   2887  15688      4      0 
 05:54:16       0    213     50      -     92     72      0      0      0      0  14801   2887  15688      4      0 
 05:54:21       0    213     50      -     92     72      0      0      0      0  14801   2887  15688      4      0 
 05:54:26       0    213     50      -     92     72      0      0      0      0  14801   2887  15688      4      0 
 05:54:31       0    213     50      -     92     72      0      0      0      0  14801   2887  15688      4      0 
 05:54:36       0    213     50      -     92     72      0      0      0      0  14801   2887  15688      4      0 
 05:54:41       0    213     50      -     92     72      0      0      0      0  14801   2887  15688      4      0 
 05:54:46       0    213     50      -     92     72      0      0      0      0  14801   2887  15688      4      0 
 05:54:51       0    213     50      -     92     72      0      0      0      0  14801   2887  15688      4      0 
 05:54:56       0    213     50      -     92     72      0      0      0      0  14801   2887  15688      4      0 
 05:55:01       0    213     50      -     92     72      0      0      0      0  14801   2887  15688      4      0 
 05:55:06       0    213     50      -     92     72      0      0      0      0  14801   2887  15688      4      0 
 05:55:11       0    213     50      -     92     72      0      0      0      0  14801   2887  15688      4      0 
 05:55:16       0    214     50      -     92     72      0      0      0      0  14801   2887  15688      4      0 
 05:55:21       0    214     50      -     92     72      0      0      0      0  14801   2887  15688      4      0 
 05:55:26       0    214     50      -     93     72      0      0      0      0  14801   2887  15688      4      0 
 05:55:31       0    214     50      -     92     72      0      0      0      0  14801   2887  15688      4      0 
 05:55:36       0    213     50      -     92     72      0      0      0      0  14801   2887  15688      4      0 
 05:55:41       0    213     50      -     92     72      0      0      0      0  14801   2887  15018      4      0 
 05:55:46       0    214     50      -     92     72      0      0      0      0  14801   2887  15018      4      0 
 05:55:51       0    213     50      -     92     72      0      0      0      0  14801   2887  15018      4      0 
 05:55:56       0    214     50      -     92     72      0      0      0      0  14801   2887  15018      4      0 
 05:56:01       0    214     50      -     92     72      0      0      0      0  14801   2887  15018      4      0 
 05:56:06       0    214     50      -     92     72      0      0      0      0  14801   2887  15018      4      0 
#Time         gpu    pwr  gtemp  mtemp     sm    mem    enc    dec    jpg    ofa   mclk   pclk     fb   bar1   ccpm 
#HH:MM:SS     Idx      W      C      C      %      %      %      %      %      %    MHz    MHz     MB     MB     MB 
 05:56:11       0    214     50      -     92     72      0      0      0      0  14801   2887  15018      4      0 
 05:56:16       0    214     50      -     92     73      0      0      0      0  14801   2887  15018      4      0 
 05:56:21       0    214     50      -     92     73      0      0      0      0  14801   2887  15018      4      0 
 05:56:26       0    214     50      -     92     72      0      0      0      0  14801   2887  15018      4      0 
 05:56:31       0    214     51      -     92     72      0      0      0      0  14801   2887  15018      4      0 
 05:56:36       0    215     50      -     92     73      0      0      0      0  14801   2887  15018      4      0 
 05:56:41       0    215     50      -     92     73      0      0      0      0  14801   2887  15018      4      0 
 05:56:46       0    214     50      -     92     72      0      0      0      0  14801   2887  15018      4      0 
 05:56:51       0    214     50      -     92     73      0      0      0      0  14801   2887  15018      4      0 
 05:56:56       0    215     50      -     92     72      0      0      0      0  14801   2887  15018      4      0 
 05:57:01       0    215     50      -     92     73      0      0      0      0  14801   2887  15018      4      0 
 05:57:06       0    214     51      -     92     73      0      0      0      0  14801   2887  15018      4      0 
 05:57:11       0    214     50      -     92     72      0      0      0      0  14801   2887  15018      4      0 
 05:57:16       0    214     50      -     92     72      0      0      0      0  14801   2887  15018      4      0 
 05:57:21       0    214     50      -     92     73      0      0      0      0  14801   2887  15018      4      0 
 05:57:26       0    214     50      -     92     72      0      0      0      0  14801   2887  15018      4      0 
 05:57:31       0    111     43      -     99     13      0      0      0      0  14801   2917  15046      4      0 
 05:57:36       0     94     42      -     99     11      0      0      0      0  14801   2932  15046      4      0 
 05:57:41       0    106     43      -     97     31      0      0      0      0  14801   2932  15046      4      0 
 05:57:46       0    127     43      -     96     38      0      0      0      0  14801   2910  15046      4      0 
 05:57:51       0    101     40      -     98     14      0      0      0      0  14801   2925  15046      4      0 
 05:57:56       0    100     40      -     98     14      0      0      0      0  14801   2932  15046      4      0 
 05:58:01       0     86     37      -      0      0      0      0      0      0  14801   2940  15046      4      0 
 05:58:06       0    298     59      -    100     23      0      0      0      0  14801   2880  15686      4      0 
 05:58:11       0    290     58      -    100     20      0      0      0      0  14801   2872  15682      4      0 
 05:58:16       0    306     62      -    100      0      0      0      0      0  14801   2872  15682      4      0 
 05:58:21       0     99     52      -    100     37      0      0      0      0  14801   2925  15686      4      0 
 05:58:26       0    313     59      -    100     13      0      0      0      0  14801   2880  15686      4      0 
 05:58:31       0    318     55      -    100     31      0      0      0      0  14801   2880  15682      4      0 
 05:58:36       0    317     55      -     98     36      0      0      0      0  14801   2887  15682      4      0 
 05:58:41       0    225     53      -    100     37      0      0      0      0  14801   2895  15684      4      0 
 05:58:46       0    299     57      -    100     19      0      0      0      0  14801   2880  15684      4      0 
 05:58:51       0    299     59      -    100      3      0      0      0      0  14801   2880  15682      4      0 
 05:58:56       0    300     60      -    100      3      0      0      0      0  14801   2880  15682      4      0 
 05:59:01       0     99     40      -     97     23      0      0      0      0  14801   2925  15682      4      0 
 05:59:06       0    212     46      -     92     73      0      0      0      0  14801   2887  15682      4      0 
 05:59:11       0    213     46      -     92     73      0      0      0      0  14801   2887  15682      4      0 
 05:59:16       0    213     47      -     92     73      0      0      0      0  14801   2887  15682      4      0 
 05:59:21       0    213     47      -     92     73      0      0      0      0  14801   2887  15682      4      0 
 05:59:26       0    214     48      -     92     73      0      0      0      0  14801   2887  15682      4      0 
 05:59:31       0    214     48      -     92     73      0      0      0      0  14801   2887  15682      4      0 
 05:59:36       0    214     48      -     92     73      0      0      0      0  14801   2887  15682      4      0 
 05:59:41       0    215     48      -     93     73      0      0      0      0  14801   2887  15682      4      0 
 05:59:46       0    215     48      -     93     73      0      0      0      0  14801   2887  15682      4      0 
#Time         gpu    pwr  gtemp  mtemp     sm    mem    enc    dec    jpg    ofa   mclk   pclk     fb   bar1   ccpm 
#HH:MM:SS     Idx      W      C      C      %      %      %      %      %      %    MHz    MHz     MB     MB     MB 
 05:59:51       0    215     49      -     92     73      0      0      0      0  14801   2887  15682      4      0 
 05:59:56       0    215     49      -     92     73      0      0      0      0  14801   2887  15682      4      0 
 06:00:01       0    215     49      -     92     73      0      0      0      0  14801   2887  15682      4      0 
 06:00:06       0    215     49      -     92     73      0      0      0      0  14801   2887  15682      4      0 
 06:00:11       0    215     49      -     92     73      0      0      0      0  14801   2887  15682      4      0 
 06:00:16       0    216     49      -     93     73      0      0      0      0  14801   2887  15682      4      0 
 06:00:21       0    216     49      -     92     73      0      0      0      0  14801   2887  15682      4      0 
 06:00:26       0    216     50      -     92     73      0      0      0      0  14801   2887  15682      4      0 
 06:00:31       0    216     50      -     93     73      0      0      0      0  14801   2887  15682      4      0 
 06:00:36       0    216     50      -     92     73      0      0      0      0  14801   2887  15682      4      0 
 06:00:41       0    216     50      -     92     73      0      0      0      0  14801   2887  15682      4      0 
 06:00:46       0    216     50      -     92     74      0      0      0      0  14801   2887  15682      4      0 
 06:00:51       0    216     50      -     92     73      0      0      0      0  14801   2887  15040      4      0 
 06:00:56       0    216     50      -     92     73      0      0      0      0  14801   2887  15040      4      0 
 06:01:01       0    216     50      -     93     74      0      0      0      0  14801   2887  15040      4      0 
 06:01:06       0    217     50      -     92     73      0      0      0      0  14801   2887  15040      4      0 
 06:01:11       0    216     50      -     92     73      0      0      0      0  14801   2887  15040      4      0 
 06:01:16       0    216     50      -     93     74      0      0      0      0  14801   2887  15040      4      0 
 06:01:21       0    217     50      -     92     73      0      0      0      0  14801   2887  15040      4      0 
 06:01:26       0    217     50      -     92     74      0      0      0      0  14801   2887  15040      4      0 
 06:01:31       0    217     50      -     93     74      0      0      0      0  14801   2887  15040      4      0 
 06:01:36       0    217     51      -     93     74      0      0      0      0  14801   2887  15040      4      0 
 06:01:41       0    217     51      -     93     74      0      0      0      0  14801   2887  15040      4      0 
 06:01:46       0    218     51      -     93     74      0      0      0      0  14801   2887  15040      4      0 
 06:01:51       0    217     50      -     93     74      0      0      0      0  14801   2887  15040      4      0 
 06:01:56       0    217     50      -     93     74      0      0      0      0  14801   2887  15040      4      0 
 06:02:01       0    217     50      -     93     74      0      0      0      0  14801   2887  15040      4      0 
 06:02:06       0    217     51      -     92     73      0      0      0      0  14801   2887  15040      4      0 
 06:02:11       0    217     51      -     93     74      0      0      0      0  14801   2887  15040      4      0 
 06:02:16       0    217     51      -     92     74      0      0      0      0  14801   2887  15040      4      0 
 06:02:21       0    217     51      -     92     74      0      0      0      0  14801   2887  15040      4      0 
 06:02:26       0    218     51      -     93     74      0      0      0      0  14801   2887  15040      4      0 
 06:02:31       0    217     51      -     92     74      0      0      0      0  14801   2887  15040      4      0 
 06:02:36       0    218     51      -     93     74      0      0      0      0  14801   2887  15040      4      0 
 06:02:41       0    218     51      -     93     74      0      0      0      0  14801   2887  15040      4      0 
 06:02:46       0    218     51      -     93     74      0      0      0      0  14801   2887  15040      4      0 
 06:02:51       0    218     51      -     93     74      0      0      0      0  14801   2887  15040      4      0 
 06:02:56       0    218     51      -     93     74      0      0      0      0  14801   2887  15040      4      0 
 06:03:01       0    218     51      -     93     74      0      0      0      0  14801   2887  15040      4      0 
 06:03:06       0    218     51      -     93     74      0      0      0      0  14801   2887  15040      4      0 
 06:03:11       0    218     51      -     93     74      0      0      0      0  14801   2887  15040      4      0 
 06:03:16       0    218     51      -     93     74      0      0      0      0  14801   2887  15040      4      0 
 06:03:21       0    218     51      -     93     74      0      0      0      0  14801   2887  15040      4      0 
 06:03:26       0    218     51      -     93     74      0      0      0      0  14801   2887  15040      4      0 
#Time         gpu    pwr  gtemp  mtemp     sm    mem    enc    dec    jpg    ofa   mclk   pclk     fb   bar1   ccpm 
#HH:MM:SS     Idx      W      C      C      %      %      %      %      %      %    MHz    MHz     MB     MB     MB 
 06:03:31       0    218     51      -     93     74      0      0      0      0  14801   2887  15040      4      0 
 06:03:36       0    218     51      -     93     74      0      0      0      0  14801   2887  15040      4      0 
 06:03:41       0    218     51      -     93     74      0      0      0      0  14801   2887  15040      4      0 
 06:03:46       0    218     51      -     93     74      0      0      0      0  14801   2887  15040      4      0 
 06:03:51       0    218     51      -     93     74      0      0      0      0  14801   2887  15040      4      0 
 06:03:56       0    219     51      -     93     74      0      0      0      0  14801   2887  15040      4      0 
 06:04:01       0    219     51      -     93     74      0      0      0      0  14801   2887  15040      4      0 
 06:04:06       0    219     51      -     93     74      0      0      0      0  14801   2887  15040      4      0 
 06:04:11       0    218     51      -     93     74      0      0      0      0  14801   2887  15040      4      0 
 06:04:16       0    219     51      -     93     74      0      0      0      0  14801   2887  15040      4      0 
 06:04:21       0    219     51      -     93     74      0      0      0      0  14801   2887  15040      4      0 
 06:04:26       0    219     51      -     93     74      0      0      0      0  14801   2887  15040      4      0 
 06:04:31       0    219     51      -     93     74      0      0      0      0  14801   2887  15040      4      0 
 06:04:36       0    219     51      -     93     74      0      0      0      0  14801   2887  15040      4      0 
 06:04:41       0    219     51      -     93     74      0      0      0      0  14801   2887  15040      4      0 
 06:04:46       0    219     51      -     93     74      0      0      0      0  14801   2887  15040      4      0 
 06:04:51       0    219     51      -     93     74      0      0      0      0  14801   2887  15040      4      0 
 06:04:56       0    219     51      -     93     74      0      0      0      0  14801   2887  15040      4      0 
 06:05:01       0    219     51      -     93     74      0      0      0      0  14801   2887  15040      4      0 
 06:05:06       0    219     51      -     93     74      0      0      0      0  14801   2887  15040      4      0 
 06:05:11       0    219     51      -     93     74      0      0      0      0  14801   2887  15040      4      0 
 06:05:16       0    219     51      -     92     73      0      0      0      0  14801   2887  15040      4      0 
 06:05:22       0     96     41      -      0      0      0      0      0      0  14801   2940  15646      4      0 
 06:05:27       0    302     60      -    100     39      0      0      0      0  14801   2880  15686      4      0 
 06:05:32       0    304     64      -    100      1      0      0      0      0  14801   2872  15682      4      0 
 06:05:37       0    315     58      -    100     33      0      0      0      0  14801   2872  15682      4      0 
 06:05:42       0    105     42      -     99      9      0      0      0      0  14801   2917  15684      4      0 
 06:05:47       0    295     56      -    100     31      0      0      0      0  14801   2880  15686      4      0 
 06:05:52       0    298     56      -    100     38      0      0      0      0  14801   2887  15686      4      0 
 06:05:57       0    303     61      -    100      0      0      0      0      0  14801   2880  15682      4      0 
 06:06:02       0    305     55      -    100     35      0      0      0      0  14801   2872  15682      4      0 
 06:06:07       0    107     42      -     98     18      0      0      0      0  14801   2925  15682      4      0 
 06:06:12       0    120     42      -     98     22      0      0      0      0  14801   2925  15682      4      0 
 06:06:17       0    110     39      -     99      9      0      0      0      0  14801   2932  15682      4      0 
 06:06:22       0    101     40      -     98     16      0      0      0      0  14801   2925  15682      4      0 
 06:06:27       0    103     38      -     99     15      0      0      0      0  14801   2932  15682      4      0 
 06:06:32       0    111     39      -     98     23      0      0      0      0  14801   2932  15682      4      0 
 06:06:37       0     98     38      -     99     14      0      0      0      0  14801   2932  15682      4      0 
 06:06:42       0    105     38      -     98     16      0      0      0      0  14801   2925  15682      4      0 
 06:06:47       0    212     45      -     92     73      0      0      0      0  14801   2887  15682      4      0 
 06:06:52       0    213     46      -     92     73      0      0      0      0  14801   2887  15682      4      0 
 06:06:57       0    213     46      -     92     73      0      0      0      0  14801   2887  15682      4      0 
 06:07:02       0    213     47      -     92     73      0      0      0      0  14801   2887  15682      4      0 
 06:07:07       0    213     47      -     92     73      0      0      0      0  14801   2887  15682      4      0 
#Time         gpu    pwr  gtemp  mtemp     sm    mem    enc    dec    jpg    ofa   mclk   pclk     fb   bar1   ccpm 
#HH:MM:SS     Idx      W      C      C      %      %      %      %      %      %    MHz    MHz     MB     MB     MB 
 06:07:12       0    214     47      -     93     73      0      0      0      0  14801   2887  15682      4      0 
 06:07:17       0    214     48      -     93     73      0      0      0      0  14801   2887  15682      4      0 
 06:07:22       0    214     48      -     92     73      0      0      0      0  14801   2887  15682      4      0 
 06:07:27       0    215     48      -     92     73      0      0      0      0  14801   2887  15682      4      0 
 06:07:32       0    215     48      -     92     73      0      0      0      0  14801   2887  15682      4      0 
 06:07:37       0    215     48      -     92     73      0      0      0      0  14801   2887  15682      4      0 
 06:07:42       0    215     49      -     93     73      0      0      0      0  14801   2887  15682      4      0 
 06:07:47       0    215     49      -     93     74      0      0      0      0  14801   2887  15682      4      0 
 06:07:52       0    215     49      -     93     74      0      0      0      0  14801   2887  15682      4      0 
 06:07:57       0    215     49      -     92     73      0      0      0      0  14801   2887  15682      4      0 
 06:08:02       0    215     49      -     92     73      0      0      0      0  14801   2887  15682      4      0 
 06:08:07       0    215     49      -     92     73      0      0      0      0  14801   2887  15682      4      0 
 06:08:12       0    215     49      -     92     73      0      0      0      0  14801   2887  15682      4      0 
 06:08:17       0    215     49      -     92     73      0      0      0      0  14801   2887  15040      4      0 
 06:08:22       0    216     50      -     92     73      0      0      0      0  14801   2887  15040      4      0 
 06:08:27       0    216     50      -     93     73      0      0      0      0  14801   2887  15040      4      0 
 06:08:32       0    216     50      -     93     74      0      0      0      0  14801   2887  15040      4      0 
 06:08:37       0    216     50      -     92     73      0      0      0      0  14801   2887  15040      4      0 
 06:08:42       0    216     50      -     92     73      0      0      0      0  14801   2887  15040      4      0 
 06:08:47       0    216     50      -     93     74      0      0      0      0  14801   2887  15040      4      0 
 06:08:52       0    217     50      -     93     74      0      0      0      0  14801   2887  15040      4      0 
 06:08:57       0    216     50      -     93     74      0      0      0      0  14801   2887  15040      4      0 
 06:09:02       0    217     50      -     93     74      0      0      0      0  14801   2887  15040      4      0 
 06:09:07       0    217     50      -     93     74      0      0      0      0  14801   2887  15040      4      0 
 06:09:12       0    217     50      -     93     74      0      0      0      0  14801   2887  15040      4      0 
 06:09:17       0    217     50      -     93     74      0      0      0      0  14801   2887  15040      4      0 
 06:09:22       0    217     50      -     93     74      0      0      0      0  14801   2887  15040      4      0 
 06:09:27       0    217     50      -     92     73      0      0      0      0  14801   2887  15040      4      0 
 06:09:32       0    217     50      -     92     73      0      0      0      0  14801   2887  15040      4      0 
 06:09:37       0    217     51      -     92     74      0      0      0      0  14801   2887  15040      4      0 
 06:09:42       0    217     51      -     92     74      0      0      0      0  14801   2887  15040      4      0 
 06:09:47       0    217     51      -     92     74      0      0      0      0  14801   2887  15040      4      0 
 06:09:52       0    217     50      -     93     74      0      0      0      0  14801   2887  15040      4      0 
 06:09:57       0    217     50      -     92     74      0      0      0      0  14801   2887  15040      4      0 
 06:10:02       0    217     50      -     92     73      0      0      0      0  14801   2887  15040      4      0 
 06:10:07       0    217     51      -     93     74      0      0      0      0  14801   2887  15040      4      0 
 06:10:12       0    217     51      -     92     74      0      0      0      0  14801   2887  15040      4      0 
 06:10:17       0    217     51      -     93     74      0      0      0      0  14801   2887  15040      4      0 
 06:10:22       0    218     51      -     93     74      0      0      0      0  14801   2887  15040      4      0 
 06:10:27       0    218     51      -     92     74      0      0      0      0  14801   2887  15040      4      0 
 06:10:32       0    217     50      -     93     74      0      0      0      0  14801   2887  15040      4      0 
 06:10:37       0    218     51      -     93     74      0      0      0      0  14801   2887  15040      4      0 
 06:10:42       0    218     51      -     93     74      0      0      0      0  14801   2887  15040      4      0 
 06:10:47       0    218     51      -     92     74      0      0      0      0  14801   2887  15040      4      0 
#Time         gpu    pwr  gtemp  mtemp     sm    mem    enc    dec    jpg    ofa   mclk   pclk     fb   bar1   ccpm 
#HH:MM:SS     Idx      W      C      C      %      %      %      %      %      %    MHz    MHz     MB     MB     MB 
 06:10:52       0    218     51      -     93     74      0      0      0      0  14801   2887  15040      4      0 
 06:10:57       0    218     51      -     93     74      0      0      0      0  14801   2887  15040      4      0 
 06:11:02       0    217     50      -     93     74      0      0      0      0  14801   2887  15040      4      0 
 06:11:07       0    217     51      -     92     74      0      0      0      0  14801   2887  15040      4      0 
 06:11:12       0    218     51      -     93     74      0      0      0      0  14801   2887  15040      4      0 
 06:11:17       0    218     51      -     93     74      0      0      0      0  14801   2887  15040      4      0 
 06:11:22       0    218     51      -     93     74      0      0      0      0  14801   2887  15040      4      0 
 06:11:27       0    218     51      -     93     74      0      0      0      0  14801   2887  15040      4      0 
 06:11:32       0    218     51      -     93     74      0      0      0      0  14801   2887  15040      4      0 
 06:11:37       0    218     51      -     93     74      0      0      0      0  14801   2887  15040      4      0 
 06:11:42       0    218     51      -     93     74      0      0      0      0  14801   2887  15040      4      0 
 06:11:47       0    218     51      -     93     74      0      0      0      0  14801   2887  15040      4      0 
 06:11:52       0    218     51      -     93     74      0      0      0      0  14801   2887  15040      4      0 
 06:11:57       0    219     51      -     93     74      0      0      0      0  14801   2887  15040      4      0 
 06:12:02       0    219     51      -     93     74      0      0      0      0  14801   2887  15040      4      0 
 06:12:07       0    218     51      -     93     74      0      0      0      0  14801   2887  15040      4      0 
 06:12:12       0    219     51      -     93     74      0      0      0      0  14801   2887  15040      4      0 
 06:12:17       0    218     51      -     93     74      0      0      0      0  14801   2887  15040      4      0 
 06:12:22       0    218     51      -     93     74      0      0      0      0  14801   2887  15040      4      0 
 06:12:27       0    218     51      -     93     74      0      0      0      0  14801   2887  15040      4      0 
 06:12:32       0    218     51      -     93     74      0      0      0      0  14801   2887  15040      4      0 
 06:12:37       0    218     51      -     93     74      0      0      0      0  14801   2887  15040      4      0 
 06:12:42       0    218     51      -     93     74      0      0      0      0  14801   2887  15040      4      0 
 06:12:47       0    218     51      -     93     74      0      0      0      0  14801   2887  15040      4      0 
 06:12:52       0    298     57      -    100     39      0      0      0      0  14801   2880  15686      4      0 
 06:12:57       0    303     59      -    100     27      0      0      0      0  14801   2865  15686      4      0 
 06:13:02       0    311     62      -    100     16      0      0      0      0  14801   2865  15682      4      0 
 06:13:07       0    317     60      -    100     24      0      0      0      0  14801   2865  15682      4      0 
 06:13:12       0    124     42      -     99     14      0      0      0      0  14801   2917  15682      4      0 
 06:13:17       0    295     55      -    100     29      0      0      0      0  14801   2880  15684      4      0 
 06:13:22       0    300     53      -     99     37      0      0      0      0  14801   2880  15684      4      0 
 06:13:27       0    302     61      -    100      0      0      0      0      0  14801   2880  15682      4      0 
 06:13:32       0    298     56      -    100     26      0      0      0      0  14801   2872  15682      4      0 
 06:13:37       0    104     41      -     98     19      0      0      0      0  14801   2932  15682      4      0 
 06:13:42       0    111     42      -     98     23      0      0      0      0  14801   2925  15682      4      0 
 06:13:47       0    109     40      -     98     19      0      0      0      0  14801   2925  15682      4      0 
 06:13:52       0    107     40      -     98     21      0      0      0      0  14801   2925  15682      4      0 
 06:13:57       0    112     39      -     98     23      0      0      0      0  14801   2932  15682      4      0 
 06:14:02       0    117     41      -     97     30      0      0      0      0  14801   2925  15682      4      0 
 06:14:07       0    101     38      -     98     21      0      0      0      0  14801   2932  15682      4      0 
 06:14:12       0    109     39      -     98     20      0      0      0      0  14801   2932  15682      4      0 
 06:14:17       0    103     38      -     99     10      0      0      0      0  14801   2932  15682      4      0 
 06:14:22       0    111     40      -     97     26      0      0      0      0  14801   2925  15682      4      0 
 06:14:27       0    111     38      -     98     16      0      0      0      0  14801   2925  15682      4      0 
#Time         gpu    pwr  gtemp  mtemp     sm    mem    enc    dec    jpg    ofa   mclk   pclk     fb   bar1   ccpm 
#HH:MM:SS     Idx      W      C      C      %      %      %      %      %      %    MHz    MHz     MB     MB     MB 
 06:14:32       0    291     52      -    100     28      0      0      0      0  14801   2880  15684      4      0 
 06:14:37       0    297     53      -    100     35      0      0      0      0  14801   2887  15684      4      0 
 06:14:42       0    300     60      -    100      3      0      0      0      0  14801   2880  15682      4      0 
 06:14:47       0    304     58      -    100     36      0      0      0      0  14801   2872  15682      4      0 
 06:14:52       0    234     42      -      0      0      0      0      0      0  14801   2902  15684      4      0 
 06:14:57       0    300     57      -    100     32      0      0      0      0  14801   2880  15684      4      0 
 06:15:02       0    297     57      -    100     30      0      0      0      0  14801   2880  15682      4      0 
 06:15:07       0    305     59      -    100     24      0      0      0      0  14801   2872  15682      4      0 
 06:15:12       0     99     40      -      0      0      0      0      0      0  14801   2940  15684      4      0 
 06:15:17       0    299     56      -     98     34      0      0      0      0  14801   2887  15684      4      0 
 06:15:22       0    299     55      -     88     33      0      0      0      0  14801   2887  15682      4      0 
 06:15:27       0    305     62      -    100      0      0      0      0      0  14801   2872  15682      4      0 
 06:15:32       0    309     58      -    100     37      0      0      0      0  14801   2872  15682      4      0 
 06:15:37       0    285     59      -    100      2      0      0      0      0  14801   2880  15704      4      0 
 06:15:42       0    312     59      -    100      2      0      0      0      0  14801   2880  15704      4      0 
 06:15:47       0    310     58      -    100      2      0      0      0      0  14801   2880  15704      4      0 
 06:15:52       0    309     58      -    100      2      0      0      0      0  14801   2880  15704      4      0 
 06:15:57       0    311     54      -    100     39      0      0      0      0  14801   2880  15664      4      0 
 06:16:02       0    311     57      -    100      2      0      0      0      0  14801   2880  15704      4      0 
 06:16:07       0    303     52      -    100     18      0      0      0      0  14801   2880  15704      4      0 
 06:16:12       0     59     33      -      0      0      0      0      0      0  14801   2722  15686      4      0 
 06:16:17       0     48     32      -      0      0      0      0      0      0  15001   2722      2      1      0 
