#Time         gpu    pwr  gtemp  mtemp     sm    mem    enc    dec    jpg    ofa   mclk   pclk     fb   bar1   ccpm 
#HH:MM:SS     Idx      W      C      C      %      %      %      %      %      %    MHz    MHz     MB     MB     MB 
 07:44:33       0     15     40      -      0      6      0      0      0      0    405    187     10     10      0 
 07:44:38       0     15     40      -      0      6      0      0      0      0    405    195     10     10      0 
 07:44:43       0     15     39      -      0      6      0      0      0      0  15001    900    348     13      0 
 07:44:48       0     47     40      -      0      0      0      0      0      0  14801   2692  15104     13      0 
 07:44:53       0     47     41      -      0      0      0      0      0      0  14801   2700  11562     13      0 
 07:44:58       0     48     41      -      0      0      0      0      0      0  14801   2692  11594     13      0 
 07:45:03       0     47     41      -      0      0      0      0      0      0  14801   2692  11616     13      0 
 07:45:08       0     47     41      -      0      0      0      0      0      0  14801   2692  11616     13      0 
 07:45:13       0     52     42      -      0      0      0      0      0      0  14801   2850  11622     13      0 
 07:45:18       0    260     55      -    100     24      0      0      0      0  14801   2820  12218     13      0 
 07:45:23       0     48     42      -      0      0      0      0      0      0  14801   2692  15112     13      0 
 07:45:28       0     49     43      -      0      0      0      0      0      0  14801   2835  15718     13      0 
 07:45:33       0     47     43      -      0      0      0      0      0      0  14801   2692  15718     13      0 
 07:45:38       0     47     43      -      0      0      0      0      0      0  14801   2692  15718     13      0 
 07:45:43       0     47     43      -      0      0      0      0      0      0  14801   2692  15718     13      0 
 07:45:48       0    139     48      -     96     45      0      0      0      0  14801   2797  15720     13      0 
 07:45:53       0    193     56      -    100     25      0      0      0      0  14801   2812  15720     13      0 
 07:45:58       0    270     58      -    100     11      0      0      0      0  14801   2812  15720     13      0 
 07:46:03       0    270     61      -    100      2      0      0      0      0  14801   2820  15678     13      0 
 07:46:08       0    270     61      -    100     21      0      0      0      0  14801   2805  15678     13      0 
 07:46:13       0    263     61      -    100     27      0      0      0      0  14801   2812  15678     13      0 
 07:46:18       0    259     58      -    100      4      0      0      0      0  14801   2812  15696     13      0 
 07:46:23       0    259     60      -    100      2      0      0      0      0  14801   2812  15696     13      0 
 07:46:28       0    258     61      -    100      2      0      0      0      0  14801   2812  15696     13      0 
 07:46:33       0    258     60      -    100      2      0      0      0      0  14801   2812  15696     13      0 
 07:46:38       0    256     60      -    100      2      0      0      0      0  14801   2812  15700     13      0 
 07:46:43       0    254     58      -    100      5      0      0      0      0  14801   2812  15700     13      0 
 07:46:48       0    256     60      -    100      2      0      0      0      0  14801   2812  15700     13      0 
 07:46:53       0    254     59      -    100     18      0      0      0      0  14801   2812  15700     13      0 
 07:46:58       0    255     60      -    100      2      0      0      0      0  14801   2812  15700     13      0 
 07:47:03       0    245     60      -    100      1      0      0      0      0  14801   2812  15676     13      0 
 07:47:08       0    255     60      -    100      1      0      0      0      0  14801   2812  15676     13      0 
 07:47:13       0    255     58      -    100      2      0      0      0      0  14801   2812  15676     13      0 
 07:47:18       0    257     60      -    100     17      0      0      0      0  14801   2812  15676     13      0 
 07:47:23       0    256     60      -    100      1      0      0      0      0  14801   2812  15676     13      0 
 07:47:28       0    255     60      -    100      1      0      0      0      0  14801   2812  15676     13      0 
 07:47:33       0    255     60      -    100      1      0      0      0      0  14801   2812  15676     13      0 
 07:47:38       0    255     58      -    100      2      0      0      0      0  14801   2812  15676     13      0 
 07:47:43       0    256     60      -    100      1      0      0      0      0  14801   2812  15676     13      0 
 07:47:48       0    255     57      -    100      1      0      0      0      0  14801   2812  15676     13      0 
 07:47:53       0    254     60      -    100     26      0      0      0      0  14801   2812  15676     13      0 
 07:47:58       0    254     60      -    100      4      0      0      0      0  14801   2812  15676     13      0 
 07:48:03       0    254     60      -    100      2      0      0      0      0  14801   2812  15676     13      0 
 07:48:08       0    254     60      -    100     22      0      0      0      0  14801   2812  15676     13      0 
#Time         gpu    pwr  gtemp  mtemp     sm    mem    enc    dec    jpg    ofa   mclk   pclk     fb   bar1   ccpm 
#HH:MM:SS     Idx      W      C      C      %      %      %      %      %      %    MHz    MHz     MB     MB     MB 
 07:48:13       0    255     58      -    100      1      0      0      0      0  14801   2812  15676     13      0 
 07:48:18       0    255     60      -    100      1      0      0      0      0  14801   2812  15696     13      0 
 07:48:23       0    254     60      -    100      9      0      0      0      0  14801   2812  15696     13      0 
 07:48:28       0    255     60      -    100      1      0      0      0      0  14801   2812  15696     13      0 
 07:48:33       0    252     60      -    100     17      0      0      0      0  14801   2812  15696     13      0 
 07:48:38       0    255     60      -    100      1      0      0      0      0  14801   2812  15696     13      0 
 07:48:43       0    254     60      -    100      1      0      0      0      0  14801   2812  15696     13      0 
 07:48:48       0    256     60      -    100      1      0      0      0      0  14801   2812  15696     13      0 
 07:48:53       0    252     58      -    100      6      0      0      0      0  14801   2812  15696     13      0 
 07:48:58       0    252     59      -    100     15      0      0      0      0  14801   2812  15696     13      0 
 07:49:03       0    253     56      -    100      1      0      0      0      0  14801   2812  15696     13      0 
 07:49:08       0    254     60      -    100      1      0      0      0      0  14801   2812  15696     13      0 
 07:49:13       0    254     60      -    100      1      0      0      0      0  14801   2812  15696     13      0 
 07:49:18       0    255     60      -    100      1      0      0      0      0  14801   2812  15696     13      0 
 07:49:23       0    254     60      -    100      1      0      0      0      0  14801   2812  15696     13      0 
 07:49:28       0    254     56      -    100      1      0      0      0      0  14801   2812  15696     13      0 
 07:49:33       0    254     60      -    100      1      0      0      0      0  14801   2812  15696     13      0 
 07:49:38       0    254     60      -    100     24      0      0      0      0  14801   2812  15696     13      0 
 07:49:43       0    255     60      -    100      1      0      0      0      0  14801   2812  15696     13      0 
 07:49:48       0    254     60      -    100      4      0      0      0      0  14801   2812  15696     13      0 
 07:49:53       0    253     60      -    100      1      0      0      0      0  14801   2812  15680     13      0 
 07:49:58       0    255     60      -    100      1      0      0      0      0  14801   2812  15680     13      0 
 07:50:03       0    254     60      -    100      1      0      0      0      0  14801   2812  15680     13      0 
 07:50:08       0    254     60      -    100      1      0      0      0      0  14801   2812  15680     13      0 
 07:50:13       0    253     60      -    100      1      0      0      0      0  14801   2812  15680     13      0 
 07:50:18       0    255     57      -    100     24      0      0      0      0  14801   2812  15680     13      0 
 07:50:23       0    253     60      -    100      1      0      0      0      0  14801   2812  15680     13      0 
 07:50:28       0    253     60      -    100      1      0      0      0      0  14801   2812  15680     13      0 
 07:50:33       0    254     60      -    100      1      0      0      0      0  14801   2812  15680     13      0 
 07:50:38       0    253     60      -    100      1      0      0      0      0  14801   2812  15680     13      0 
 07:50:43       0    252     60      -    100      1      0      0      0      0  14801   2812  15680     13      0 
 07:50:48       0    250     60      -    100      1      0      0      0      0  14801   2812  15680     13      0 
 07:50:53       0    253     60      -    100      1      0      0      0      0  14801   2812  15680     13      0 
 07:50:58       0    253     60      -    100      1      0      0      0      0  14801   2812  15680     13      0 
 07:51:03       0    254     60      -    100      1      0      0      0      0  14801   2812  15680     13      0 
 07:51:08       0    253     60      -    100      1      0      0      0      0  14801   2812  15680     13      0 
 07:51:13       0    252     60      -    100     23      0      0      0      0  14801   2812  15680     13      0 
 07:51:18       0    256     56      -    100      1      0      0      0      0  14801   2812  15680     13      0 
 07:51:23       0    252     60      -    100      1      0      0      0      0  14801   2812  15680     13      0 
 07:51:28       0    252     60      -    100      1      0      0      0      0  14801   2812  15680     13      0 
 07:51:33       0    253     60      -    100      1      0      0      0      0  14801   2812  15680     13      0 
 07:51:38       0    256     60      -    100      1      0      0      0      0  14801   2812  15680     13      0 
 07:51:43       0    253     60      -    100      1      0      0      0      0  14801   2812  15680     13      0 
 07:51:48       0    252     60      -    100      1      0      0      0      0  14801   2812  15680     13      0 
#Time         gpu    pwr  gtemp  mtemp     sm    mem    enc    dec    jpg    ofa   mclk   pclk     fb   bar1   ccpm 
#HH:MM:SS     Idx      W      C      C      %      %      %      %      %      %    MHz    MHz     MB     MB     MB 
 07:51:53       0    252     60      -    100      1      0      0      0      0  14801   2812  15700     13      0 
 07:51:58       0    252     60      -    100      1      0      0      0      0  14801   2812  15700     13      0 
 07:52:03       0    254     57      -    100      1      0      0      0      0  14801   2782  15700     13      0 
 07:52:08       0    253     60      -    100      1      0      0      0      0  14801   2812  15700     13      0 
 07:52:13       0    252     60      -    100     20      0      0      0      0  14801   2812  15700     13      0 
 07:52:18       0    252     60      -    100      1      0      0      0      0  14801   2812  15700     13      0 
 07:52:23       0    252     59      -    100     23      0      0      0      0  14801   2812  15700     13      0 
 07:52:28       0    256     60      -    100      1      0      0      0      0  14801   2812  15700     13      0 
 07:52:33       0    253     60      -    100      1      0      0      0      0  14801   2812  15700     13      0 
 07:52:38       0    252     60      -    100      1      0      0      0      0  14801   2812  15700     13      0 
 07:52:43       0    251     59      -    100      1      0      0      0      0  14801   2812  15700     13      0 
 07:52:48       0    252     60      -    100      4      0      0      0      0  14801   2812  15700     13      0 
 07:52:53       0    255     60      -    100      1      0      0      0      0  14801   2812  15700     13      0 
 07:52:58       0    253     60      -    100      1      0      0      0      0  14801   2812  15700     13      0 
 07:53:03       0    250     60      -    100     22      0      0      0      0  14801   2782  15700     13      0 
 07:53:08       0    256     60      -    100      1      0      0      0      0  14801   2812  15700     13      0 
 07:53:13       0    251     57      -    100      1      0      0      0      0  14801   2812  15700     13      0 
 07:53:18       0    253     60      -    100      1      0      0      0      0  14801   2812  15700     13      0 
 07:53:23       0    251     60      -    100      1      0      0      0      0  14801   2812  15700     13      0 
 07:53:29       0    255     60      -    100      1      0      0      0      0  14801   2812  15700     13      0 
 07:53:34       0    253     58      -    100      1      0      0      0      0  14801   2812  15700     13      0 
 07:53:39       0    251     60      -    100      1      0      0      0      0  14801   2812  15700     13      0 
 07:53:44       0    252     60      -    100      1      0      0      0      0  14801   2812  15700     13      0 
 07:53:49       0    251     60      -    100     22      0      0      0      0  14801   2812  15700     13      0 
 07:53:54       0    258     60      -    100      1      0      0      0      0  14801   2812  15700     13      0 
 07:53:59       0    255     60      -    100      1      0      0      0      0  14801   2812  15700     13      0 
 07:54:04       0    256     60      -    100      1      0      0      0      0  14801   2812  15700     13      0 
 07:54:09       0    255     60      -    100      1      0      0      0      0  14801   2812  15700     13      0 
 07:54:14       0    251     57      -    100      1      0      0      0      0  14801   2812  15700     13      0 
 07:54:19       0    250     57      -    100      1      0      0      0      0  14801   2812  15678     13      0 
 07:54:24       0    251     60      -    100      1      0      0      0      0  14801   2812  15678     13      0 
 07:54:29       0    250     59      -    100      1      0      0      0      0  14801   2812  15678     13      0 
 07:54:34       0    250     60      -    100      1      0      0      0      0  14801   2812  15678     13      0 
 07:54:39       0    251     60      -    100      1      0      0      0      0  14801   2812  15678     13      0 
 07:54:44       0    249     60      -    100      1      0      0      0      0  14801   2805  15678     13      0 
 07:54:49       0    250     57      -    100      1      0      0      0      0  14801   2812  15678     13      0 
 07:54:54       0    251     57      -    100      1      0      0      0      0  14801   2812  15678     13      0 
 07:54:59       0    255     60      -    100      1      0      0      0      0  14801   2812  15678     13      0 
 07:55:04       0    256     60      -    100      1      0      0      0      0  14801   2812  15678     13      0 
 07:55:09       0    255     60      -    100      1      0      0      0      0  14801   2812  15678     13      0 
 07:55:14       0    256     60      -    100      1      0      0      0      0  14801   2812  15678     13      0 
 07:55:19       0    250     60      -    100      1      0      0      0      0  14801   2812  15678     13      0 
 07:55:24       0    251     60      -    100      1      0      0      0      0  14801   2812  15678     13      0 
 07:55:29       0    250     60      -    100     20      0      0      0      0  14801   2812  15678     13      0 
#Time         gpu    pwr  gtemp  mtemp     sm    mem    enc    dec    jpg    ofa   mclk   pclk     fb   bar1   ccpm 
#HH:MM:SS     Idx      W      C      C      %      %      %      %      %      %    MHz    MHz     MB     MB     MB 
 07:55:34       0    250     60      -    100      1      0      0      0      0  14801   2812  15678     13      0 
 07:55:39       0    253     60      -    100      1      0      0      0      0  14801   2812  15678     13      0 
 07:55:44       0    256     60      -    100      1      0      0      0      0  14801   2812  15678     13      0 
 07:55:49       0    255     60      -    100      1      0      0      0      0  14801   2812  15678     13      0 
 07:55:54       0    250     60      -    100      1      0      0      0      0  14801   2812  15678     13      0 
 07:55:59       0    250     60      -    100      3      0      0      0      0  14801   2812  15678     13      0 
 07:56:04       0    250     56      -    100      1      0      0      0      0  14801   2812  15678     13      0 
 07:56:09       0    256     60      -    100      1      0      0      0      0  14801   2812  15678     13      0 
 07:56:14       0    250     60      -    100      1      0      0      0      0  14801   2812  15678     13      0 
 07:56:19       0    251     60      -    100     25      0      0      0      0  14801   2812  15678     13      0 
 07:56:24       0    249     57      -    100      1      0      0      0      0  14801   2812  15678     13      0 
 07:56:29       0    256     60      -    100      1      0      0      0      0  14801   2812  15678     13      0 
 07:56:34       0    250     60      -    100      1      0      0      0      0  14801   2812  15678     13      0 
 07:56:39       0    250     60      -    100      1      0      0      0      0  14801   2812  15678     13      0 
 07:56:44       0    254     60      -    100      1      0      0      0      0  14801   2782  15678     13      0 
 07:56:49       0    257     60      -    100      1      0      0      0      0  14801   2812  15678     13      0 
 07:56:54       0    253     60      -    100      1      0      0      0      0  14801   2812  15678     13      0 
 07:56:59       0    250     60      -    100      1      0      0      0      0  14801   2812  15678     13      0 
 07:57:04       0    256     60      -    100      1      0      0      0      0  14801   2812  15678     13      0 
 07:57:09       0    248     60      -    100      1      0      0      0      0  14801   2782  15698     13      0 
 07:57:14       0    251     60      -    100      1      0      0      0      0  14801   2812  15698     13      0 
 07:57:19       0    253     60      -    100      1      0      0      0      0  14801   2782  15698     13      0 
 07:57:24       0    250     60      -    100      1      0      0      0      0  14801   2812  15698     13      0 
 07:57:29       0    256     60      -    100      1      0      0      0      0  14801   2812  15698     13      0 
 07:57:34       0    250     60      -    100      1      0      0      0      0  14801   2812  15698     13      0 
 07:57:39       0    251     59      -    100      4      0      0      0      0  14801   2812  15698     13      0 
 07:57:44       0    256     60      -    100      1      0      0      0      0  14801   2812  15698     13      0 
 07:57:49       0    251     60      -    100      1      0      0      0      0  14801   2812  15698     13      0 
 07:57:54       0    255     60      -    100      1      0      0      0      0  14801   2812  15698     13      0 
 07:57:59       0    250     60      -    100      1      0      0      0      0  14801   2812  15698     13      0 
 07:58:04       0    256     60      -    100      1      0      0      0      0  14801   2812  15698     13      0 
 07:58:09       0    251     60      -    100      1      0      0      0      0  14801   2812  15698     13      0 
 07:58:14       0    247     57      -    100     18      0      0      0      0  14801   2790  15698     13      0 
 07:58:19       0    250     60      -    100      1      0      0      0      0  14801   2812  15698     13      0 
 07:58:24       0    250     58      -    100     22      0      0      0      0  14801   2812  15698     13      0 
 07:58:29       0    250     60      -    100      1      0      0      0      0  14801   2812  15698     13      0 
 07:58:34       0    250     58      -    100     22      0      0      0      0  14801   2812  15698     13      0 
 07:58:39       0    244     60      -    100      1      0      0      0      0  14801   2812  15700     13      0 
 07:58:44       0    253     60      -    100      1      0      0      0      0  14801   2782  15700     13      0 
 07:58:49       0    250     60      -    100      1      0      0      0      0  14801   2812  15700     13      0 
 07:58:54       0    255     60      -    100      1      0      0      0      0  14801   2812  15700     13      0 
 07:58:59       0    248     60      -    100      1      0      0      0      0  14801   2782  15700     13      0 
 07:59:04       0    213     51      -     98     52      0      0      0      0  14801   2812  15720     13      0 
 07:59:09       0     51     45      -      0      0      0      0      0      0  14801   2700  15716     13      0 
#Time         gpu    pwr  gtemp  mtemp     sm    mem    enc    dec    jpg    ofa   mclk   pclk     fb   bar1   ccpm 
#HH:MM:SS     Idx      W      C      C      %      %      %      %      %      %    MHz    MHz     MB     MB     MB 
 07:59:14       0    271     58      -    100     22      0      0      0      0  14801   2812  15716     13      0 
 07:59:19       0    270     58      -    100     21      0      0      0      0  14801   2812  15678     13      0 
 07:59:24       0    273     58      -    100     17      0      0      0      0  14801   2812  15678     13      0 
 07:59:29       0    267     59      -    100     25      0      0      0      0  14801   2812  15678     13      0 
 07:59:34       0    260     58      -    100     17      0      0      0      0  14801   2812  15694     13      0 
 07:59:39       0    258     59      -    100     20      0      0      0      0  14801   2812  15696     13      0 
 07:59:44       0    256     61      -    100      3      0      0      0      0  14801   2805  15696     13      0 
 07:59:49       0    259     61      -    100      2      0      0      0      0  14801   2812  15696     13      0 
 07:59:54       0    259     60      -    100     15      0      0      0      0  14801   2812  15700     13      0 
 07:59:59       0    258     60      -    100     11      0      0      0      0  14801   2812  15700     13      0 
 08:00:04       0    259     61      -    100      2      0      0      0      0  14801   2812  15700     13      0 
 08:00:09       0    256     61      -    100      2      0      0      0      0  14801   2812  15700     13      0 
 08:00:14       0    258     59      -    100     16      0      0      0      0  14801   2812  15700     13      0 
 08:00:19       0    256     61      -    100      1      0      0      0      0  14801   2812  15700     13      0 
 08:00:24       0    256     61      -    100      1      0      0      0      0  14801   2805  15676     13      0 
 08:00:29       0    258     59      -    100     18      0      0      0      0  14801   2812  15676     13      0 
 08:00:34       0    256     61      -    100      1      0      0      0      0  14801   2805  15676     13      0 
 08:00:39       0    253     61      -    100      3      0      0      0      0  14801   2797  15676     13      0 
 08:00:44       0    255     59      -    100     26      0      0      0      0  14801   2812  15676     13      0 
 08:00:49       0    255     58      -    100     13      0      0      0      0  14801   2812  15676     13      0 
 08:00:54       0    257     61      -    100      1      0      0      0      0  14801   2805  15676     13      0 
 08:00:59       0    257     61      -    100      2      0      0      0      0  14801   2812  15676     13      0 
 08:01:04       0    256     61      -    100      1      0      0      0      0  14801   2812  15676     13      0 
 08:01:09       0    253     57      -    100     10      0      0      0      0  14801   2812  15676     13      0 
 08:01:14       0    254     61      -    100      3      0      0      0      0  14801   2812  15676     13      0 
 08:01:19       0    256     61      -    100      1      0      0      0      0  14801   2812  15676     13      0 
 08:01:24       0    254     61      -    100      1      0      0      0      0  14801   2812  15676     13      0 
 08:01:29       0    254     58      -    100     17      0      0      0      0  14801   2812  15676     13      0 
 08:01:34       0    256     61      -    100      1      0      0      0      0  14801   2812  15696     13      0 
 08:01:39       0    255     61      -    100      1      0      0      0      0  14801   2812  15696     13      0 
 08:01:44       0    257     61      -    100      2      0      0      0      0  14801   2812  15696     13      0 
 08:01:49       0    257     61      -    100      1      0      0      0      0  14801   2812  15696     13      0 
 08:01:54       0    256     61      -    100      1      0      0      0      0  14801   2812  15696     13      0 
 08:01:59       0    257     60      -    100      4      0      0      0      0  14801   2812  15696     13      0 
 08:02:04       0    255     61      -    100      1      0      0      0      0  14801   2812  15696     13      0 
 08:02:09       0    255     61      -    100      1      0      0      0      0  14801   2812  15696     13      0 
 08:02:14       0    255     61      -    100      1      0      0      0      0  14801   2812  15696     13      0 
 08:02:19       0    255     61      -    100      1      0      0      0      0  14801   2812  15696     13      0 
 08:02:24       0    257     61      -    100      1      0      0      0      0  14801   2812  15696     13      0 
 08:02:29       0    255     61      -    100      1      0      0      0      0  14801   2812  15696     13      0 
 08:02:34       0    255     60      -    100      1      0      0      0      0  14801   2812  15696     13      0 
 08:02:39       0    253     57      -    100     12      0      0      0      0  14801   2812  15696     13      0 
 08:02:44       0    254     61      -    100      1      0      0      0      0  14801   2812  15696     13      0 
 08:02:49       0    257     61      -    100      1      0      0      0      0  14801   2812  15696     13      0 
#Time         gpu    pwr  gtemp  mtemp     sm    mem    enc    dec    jpg    ofa   mclk   pclk     fb   bar1   ccpm 
#HH:MM:SS     Idx      W      C      C      %      %      %      %      %      %    MHz    MHz     MB     MB     MB 
 08:02:54       0    255     60      -    100     17      0      0      0      0  14801   2812  15696     13      0 
 08:02:59       0    253     55      -    100      1      0      0      0      0  14801   2812  15696     13      0 
 08:03:04       0    254     60      -    100     10      0      0      0      0  14801   2790  15696     13      0 
 08:03:09       0    259     60      -    100      1      0      0      0      0  14801   2812  15680     13      0 
 08:03:14       0    255     60      -    100      1      0      0      0      0  14801   2812  15680     13      0 
 08:03:19       0    253     60      -    100      1      0      0      0      0  14801   2812  15680     13      0 
 08:03:24       0    253     60      -    100      1      0      0      0      0  14801   2812  15680     13      0 
 08:03:29       0    256     60      -    100      1      0      0      0      0  14801   2812  15680     13      0 
 08:03:34       0    253     60      -    100     11      0      0      0      0  14801   2812  15680     13      0 
 08:03:39       0    253     60      -    100      1      0      0      0      0  14801   2812  15680     13      0 
 08:03:44       0    259     60      -    100      1      0      0      0      0  14801   2812  15680     13      0 
 08:03:49       0    253     57      -    100      1      0      0      0      0  14801   2812  15680     13      0 
 08:03:55       0    254     58      -    100      1      0      0      0      0  14801   2812  15680     13      0 
 08:04:00       0    253     58      -    100      1      0      0      0      0  14801   2812  15680     13      0 
 08:04:05       0    253     60      -    100      1      0      0      0      0  14801   2805  15680     13      0 
 08:04:10       0    253     60      -    100      1      0      0      0      0  14801   2812  15680     13      0 
 08:04:15       0    252     57      -    100      1      0      0      0      0  14801   2812  15680     13      0 
 08:04:20       0    252     55      -    100      1      0      0      0      0  14801   2812  15680     13      0 
 08:04:25       0    256     60      -    100      1      0      0      0      0  14801   2812  15680     13      0 
 08:04:30       0    255     60      -    100      1      0      0      0      0  14801   2812  15680     13      0 
 08:04:35       0    252     60      -    100      1      0      0      0      0  14801   2782  15680     13      0 
 08:04:40       0    252     60      -    100      1      0      0      0      0  14801   2812  15680     13      0 
 08:04:45       0    254     56      -    100      1      0      0      0      0  14801   2805  15680     13      0 
 08:04:50       0    257     60      -    100      1      0      0      0      0  14801   2812  15680     13      0 
 08:04:55       0    250     60      -    100      5      0      0      0      0  14801   2782  15680     13      0 
 08:05:00       0    253     60      -    100      1      0      0      0      0  14801   2812  15680     13      0 
 08:05:05       0    257     60      -    100      1      0      0      0      0  14801   2812  15680     13      0 
 08:05:10       0    254     60      -     94     24      0      0      0      0  14801   2812  15700     13      0 
 08:05:15       0    253     59      -    100      1      0      0      0      0  14801   2812  15700     13      0 
 08:05:20       0    252     60      -    100      1      0      0      0      0  14801   2812  15700     13      0 
 08:05:25       0    253     60      -    100      1      0      0      0      0  14801   2812  15700     13      0 
 08:05:30       0    253     60      -    100      1      0      0      0      0  14801   2812  15700     13      0 
 08:05:35       0    254     60      -    100      1      0      0      0      0  14801   2812  15700     13      0 
 08:05:40       0    254     60      -    100      1      0      0      0      0  14801   2782  15700     13      0 
 08:05:45       0    251     60      -    100      1      0      0      0      0  14801   2812  15700     13      0 
 08:05:50       0    251     60      -    100      1      0      0      0      0  14801   2782  15700     13      0 
 08:05:55       0    252     57      -    100      1      0      0      0      0  14801   2812  15700     13      0 
 08:06:00       0    253     60      -    100      1      0      0      0      0  14801   2812  15700     13      0 
 08:06:05       0    254     60      -    100      1      0      0      0      0  14801   2782  15700     13      0 
 08:06:10       0    254     60      -    100      1      0      0      0      0  14801   2812  15700     13      0 
 08:06:15       0    250     60      -    100      1      0      0      0      0  14801   2782  15700     13      0 
 08:06:20       0    254     60      -    100      1      0      0      0      0  14801   2782  15700     13      0 
 08:06:25       0    252     60      -    100      1      0      0      0      0  14801   2812  15700     13      0 
 08:06:30       0    251     60      -    100     18      0      0      0      0  14801   2812  15700     13      0 
#Time         gpu    pwr  gtemp  mtemp     sm    mem    enc    dec    jpg    ofa   mclk   pclk     fb   bar1   ccpm 
#HH:MM:SS     Idx      W      C      C      %      %      %      %      %      %    MHz    MHz     MB     MB     MB 
 08:06:35       0    255     60      -    100      1      0      0      0      0  14801   2782  15700     13      0 
 08:06:40       0    256     60      -    100      1      0      0      0      0  14801   2812  15700     13      0 
 08:06:45       0    251     60      -    100      1      0      0      0      0  14801   2812  15700     13      0 
 08:06:50       0    251     60      -    100      4      0      0      0      0  14801   2782  15700     13      0 
 08:06:55       0    252     60      -    100      1      0      0      0      0  14801   2812  15700     13      0 
 08:07:00       0    257     60      -    100      1      0      0      0      0  14801   2812  15700     13      0 
 08:07:05       0    256     60      -    100      1      0      0      0      0  14801   2812  15700     13      0 
 08:07:10       0    250     57      -    100      1      0      0      0      0  14801   2812  15700     13      0 
 08:07:15       0    254     60      -    100      1      0      0      0      0  14801   2812  15700     13      0 
 08:07:20       0    251     60      -    100      1      0      0      0      0  14801   2812  15700     13      0 
 08:07:25       0    253     60      -    100     24      0      0      0      0  14801   2812  15700     13      0 
 08:07:30       0    251     60      -    100      1      0      0      0      0  14801   2812  15700     13      0 
 08:07:35       0    238     60      -    100      2      0      0      0      0  14801   2812  15678     13      0 
 08:07:40       0    250     60      -    100      1      0      0      0      0  14801   2812  15678     13      0 
 08:07:45       0    252     60      -    100      1      0      0      0      0  14801   2812  15678     13      0 
 08:07:50       0    249     60      -    100      1      0      0      0      0  14801   2782  15678     13      0 
 08:07:55       0    253     60      -    100      1      0      0      0      0  14801   2812  15678     13      0 
 08:08:00       0    251     60      -    100      1      0      0      0      0  14801   2812  15678     13      0 
 08:08:05       0    253     60      -    100      1      0      0      0      0  14801   2812  15678     13      0 
 08:08:10       0    249     60      -    100      1      0      0      0      0  14801   2782  15678     13      0 
 08:08:15       0    252     60      -    100      8      0      0      0      0  14801   2812  15678     13      0 
 08:08:20       0    251     60      -    100     15      0      0      0      0  14801   2812  15678     13      0 
 08:08:25       0    253     60      -    100     17      0      0      0      0  14801   2812  15678     13      0 
 08:08:30       0    249     60      -    100      1      0      0      0      0  14801   2812  15678     13      0 
 08:08:35       0    253     58      -    100      1      0      0      0      0  14801   2812  15678     13      0 
 08:08:40       0    251     60      -    100      1      0      0      0      0  14801   2782  15678     13      0 
 08:08:45       0    256     60      -    100      1      0      0      0      0  14801   2812  15678     13      0 
 08:08:50       0    255     60      -    100      1      0      0      0      0  14801   2812  15678     13      0 
 08:08:55       0    258     60      -    100      1      0      0      0      0  14801   2812  15678     13      0 
 08:09:00       0    249     60      -    100     16      0      0      0      0  14801   2805  15678     13      0 
 08:09:05       0    251     60      -    100      1      0      0      0      0  14801   2812  15678     13      0 
 08:09:10       0    255     60      -    100      1      0      0      0      0  14801   2812  15678     13      0 
 08:09:15       0    256     60      -    100      1      0      0      0      0  14801   2812  15678     13      0 
 08:09:20       0    250     60      -    100      1      0      0      0      0  14801   2812  15678     13      0 
 08:09:25       0    250     60      -    100     18      0      0      0      0  14801   2812  15678     13      0 
 08:09:30       0    250     59      -    100      1      0      0      0      0  14801   2812  15678     13      0 
 08:09:35       0    254     60      -    100      1      0      0      0      0  14801   2782  15678     13      0 
 08:09:40       0    256     60      -    100      1      0      0      0      0  14801   2812  15678     13      0 
 08:09:45       0    250     60      -    100     23      0      0      0      0  14801   2812  15678     13      0 
 08:09:50       0    252     60      -    100      1      0      0      0      0  14801   2812  15678     13      0 
 08:09:55       0    249     57      -    100     13      0      0      0      0  14801   2812  15678     13      0 
 08:10:00       0    256     60      -    100      1      0      0      0      0  14801   2812  15678     13      0 
 08:10:05       0    249     60      -    100      1      0      0      0      0  14801   2782  15678     13      0 
 08:10:10       0    250     60      -    100      1      0      0      0      0  14801   2812  15678     13      0 
#Time         gpu    pwr  gtemp  mtemp     sm    mem    enc    dec    jpg    ofa   mclk   pclk     fb   bar1   ccpm 
#HH:MM:SS     Idx      W      C      C      %      %      %      %      %      %    MHz    MHz     MB     MB     MB 
 08:10:15       0    255     60      -    100      1      0      0      0      0  14801   2812  15678     13      0 
 08:10:20       0    249     60      -    100      1      0      0      0      0  14801   2782  15678     13      0 
 08:10:25       0    249     56      -    100     12      0      0      0      0  14801   2812  15698     13      0 
 08:10:30       0    256     60      -    100      1      0      0      0      0  14801   2812  15698     13      0 
 08:10:35       0    251     60      -    100      1      0      0      0      0  14801   2812  15698     13      0 
 08:10:40       0    256     60      -    100      1      0      0      0      0  14801   2812  15698     13      0 
 08:10:45       0    256     60      -    100      1      0      0      0      0  14801   2812  15698     13      0 
 08:10:50       0    250     60      -    100      1      0      0      0      0  14801   2812  15698     13      0 
 08:10:55       0    256     60      -    100      1      0      0      0      0  14801   2812  15698     13      0 
 08:11:00       0    249     60      -    100      1      0      0      0      0  14801   2812  15698     13      0 
 08:11:05       0    256     60      -    100      1      0      0      0      0  14801   2812  15698     13      0 
 08:11:10       0    251     60      -    100      1      0      0      0      0  14801   2812  15698     13      0 
 08:11:15       0    248     54      -    100      6      0      0      0      0  14801   2812  15698     13      0 
 08:11:20       0    257     60      -    100      1      0      0      0      0  14801   2812  15698     13      0 
 08:11:25       0    249     60      -    100      3      0      0      0      0  14801   2812  15698     13      0 
 08:11:30       0    256     60      -    100      1      0      0      0      0  14801   2812  15698     13      0 
 08:11:35       0    249     60      -    100      1      0      0      0      0  14801   2812  15698     13      0 
 08:11:40       0    256     60      -    100      1      0      0      0      0  14801   2812  15698     13      0 
 08:11:45       0    250     60      -    100      1      0      0      0      0  14801   2812  15698     13      0 
 08:11:50       0    256     60      -    100      1      0      0      0      0  14801   2812  15698     13      0 
 08:11:55       0    250     60      -    100      1      0      0      0      0  14801   2812  15698     13      0 
 08:12:00       0    255     60      -    100      1      0      0      0      0  14801   2812  15700     13      0 
 08:12:05       0    249     60      -    100      1      0      0      0      0  14801   2812  15700     13      0 
 08:12:10       0    256     60      -    100      1      0      0      0      0  14801   2782  15700     13      0 
 08:12:15       0    249     55      -    100      1      0      0      0      0  14801   2812  15700     13      0 
 08:12:20       0    250     60      -    100      1      0      0      0      0  14801   2812  15700     13      0 
 08:12:25       0    271     59      -    100     20      0      0      0      0  14801   2812  15716     13      0 
 08:12:30       0    183     51      -     95     52      0      0      0      0  14801   2790  15720     13      0 
 08:12:35       0    186     51      -     95     53      0      0      0      0  14801   2790  15720     13      0 
 08:12:40       0    187     50      -     95     53      0      0      0      0  14801   2790  15720     13      0 
 08:12:45       0    186     50      -     95     53      0      0      0      0  14801   2790  15720     13      0 
 08:12:50       0    187     50      -     95     53      0      0      0      0  14801   2790  15720     13      0 
 08:12:55       0    187     50      -     95     53      0      0      0      0  14801   2790  15720     13      0 
 08:13:00       0    187     50      -     95     53      0      0      0      0  14801   2790  15720     13      0 
 08:13:05       0    187     50      -     95     53      0      0      0      0  14801   2790  15720     13      0 
 08:13:10       0    187     50      -     95     53      0      0      0      0  14801   2790  15720     13      0 
 08:13:15       0    187     50      -     95     53      0      0      0      0  14801   2790  15720     13      0 
 08:13:20       0    186     50      -     95     53      0      0      0      0  14801   2790  15720     13      0 
 08:13:25       0    186     50      -     95     53      0      0      0      0  14801   2790  15720     13      0 
 08:13:30       0    186     50      -     95     53      0      0      0      0  14801   2790  15720     13      0 
 08:13:35       0    186     50      -     95     53      0      0      0      0  14801   2790  15720     13      0 
 08:13:40       0    186     50      -     95     53      0      0      0      0  14801   2790  15720     13      0 
 08:13:45       0    186     50      -     95     53      0      0      0      0  14801   2790  15720     13      0 
 08:13:50       0    186     50      -     95     53      0      0      0      0  14801   2790  15720     13      0 
#Time         gpu    pwr  gtemp  mtemp     sm    mem    enc    dec    jpg    ofa   mclk   pclk     fb   bar1   ccpm 
#HH:MM:SS     Idx      W      C      C      %      %      %      %      %      %    MHz    MHz     MB     MB     MB 
 08:13:55       0    186     50      -     95     53      0      0      0      0  14801   2790  15720     13      0 
 08:14:00       0    186     50      -     95     53      0      0      0      0  14801   2790  15720     13      0 
 08:14:05       0    187     50      -     95     53      0      0      0      0  14801   2790  15720     13      0 
 08:14:10       0    187     50      -     95     53      0      0      0      0  14801   2790  15720     13      0 
 08:14:15       0    188     50      -     96     54      0      0      0      0  14801   2790  15720     13      0 
 08:14:20       0    188     50      -     96     54      0      0      0      0  14801   2790  15720     13      0 
 08:14:25       0    188     50      -     96     54      0      0      0      0  14801   2790  15720     13      0 
 08:14:30       0    188     51      -     96     54      0      0      0      0  14801   2790  15720     13      0 
 08:14:35       0    188     51      -     96     54      0      0      0      0  14801   2790  15720     13      0 
 08:14:40       0    188     51      -     96     54      0      0      0      0  14801   2790  15720     13      0 
 08:14:45       0    187     51      -     96     53      0      0      0      0  14801   2790  15720     13      0 
 08:14:50       0    187     51      -     96     53      0      0      0      0  14801   2790  15720     13      0 
 08:14:55       0    188     51      -     96     54      0      0      0      0  14801   2790  15720     13      0 
 08:15:00       0    188     51      -     96     54      0      0      0      0  14801   2790  15720     13      0 
 08:15:05       0    188     51      -     95     53      0      0      0      0  14801   2790  15720     13      0 
 08:15:10       0    188     51      -     96     54      0      0      0      0  14801   2790  15720     13      0 
 08:15:15       0    188     51      -     96     54      0      0      0      0  14801   2790  15720     13      0 
 08:15:20       0    189     51      -     96     54      0      0      0      0  14801   2790  15720     13      0 
 08:15:25       0    189     51      -     96     54      0      0      0      0  14801   2790  15720     13      0 
 08:15:30       0    189     51      -     96     54      0      0      0      0  14801   2790  15720     13      0 
 08:15:35       0    189     51      -     96     54      0      0      0      0  14801   2790  15720     13      0 
 08:15:40       0    189     51      -     96     54      0      0      0      0  14801   2790  15720     13      0 
 08:15:45       0    189     51      -     96     54      0      0      0      0  14801   2790  15720     13      0 
 08:15:50       0    189     51      -     96     54      0      0      0      0  14801   2790  15720     13      0 
 08:15:55       0    189     51      -     96     54      0      0      0      0  14801   2790  15720     13      0 
 08:16:01       0    189     51      -     96     54      0      0      0      0  14801   2790  15720     13      0 
 08:16:06       0    189     52      -     96     54      0      0      0      0  14801   2790  15720     13      0 
 08:16:11       0    189     52      -     96     54      0      0      0      0  14801   2790  15720     13      0 
 08:16:16       0    189     52      -     96     54      0      0      0      0  14801   2790  15720     13      0 
 08:16:21       0    189     52      -     96     54      0      0      0      0  14801   2790  15720     13      0 
 08:16:26       0    189     52      -     96     54      0      0      0      0  14801   2790  15720     13      0 
 08:16:31       0    189     52      -     96     54      0      0      0      0  14801   2790  15720     13      0 
 08:16:36       0    189     52      -     96     54      0      0      0      0  14801   2790  15720     13      0 
 08:16:41       0    190     52      -     96     54      0      0      0      0  14801   2782  15076     13      0 
 08:16:46       0    190     52      -     96     54      0      0      0      0  14801   2782  15076     13      0 
 08:16:51       0    190     52      -     96     54      0      0      0      0  14801   2782  15076     13      0 
 08:16:56       0    190     52      -     96     54      0      0      0      0  14801   2782  15076     13      0 
 08:17:01       0    190     52      -     96     54      0      0      0      0  14801   2782  15076     13      0 
 08:17:06       0    190     52      -     96     54      0      0      0      0  14801   2782  15076     13      0 
 08:17:11       0    190     52      -     96     54      0      0      0      0  14801   2782  15076     13      0 
 08:17:16       0    190     52      -     96     54      0      0      0      0  14801   2782  15076     13      0 
 08:17:21       0    190     52      -     96     54      0      0      0      0  14801   2775  15076     13      0 
 08:17:26       0    190     53      -     96     54      0      0      0      0  14801   2782  15076     13      0 
 08:17:31       0    190     53      -     96     54      0      0      0      0  14801   2782  15076     13      0 
#Time         gpu    pwr  gtemp  mtemp     sm    mem    enc    dec    jpg    ofa   mclk   pclk     fb   bar1   ccpm 
#HH:MM:SS     Idx      W      C      C      %      %      %      %      %      %    MHz    MHz     MB     MB     MB 
 08:17:36       0    190     53      -     96     54      0      0      0      0  14801   2775  15076     13      0 
 08:17:41       0    190     53      -     96     54      0      0      0      0  14801   2775  15076     13      0 
 08:17:46       0    190     53      -     96     54      0      0      0      0  14801   2775  15076     13      0 
 08:17:51       0    190     53      -     96     54      0      0      0      0  14801   2782  15076     13      0 
 08:17:56       0    191     53      -     96     54      0      0      0      0  14801   2775  15076     13      0 
 08:18:01       0    190     53      -     96     54      0      0      0      0  14801   2782  15076     13      0 
 08:18:06       0    191     53      -     96     54      0      0      0      0  14801   2782  15076     13      0 
 08:18:11       0    191     53      -     96     54      0      0      0      0  14801   2782  15076     13      0 
 08:18:16       0    191     53      -     96     54      0      0      0      0  14801   2782  15076     13      0 
 08:18:21       0    191     53      -     96     54      0      0      0      0  14801   2782  15076     13      0 
 08:18:26       0    191     53      -     96     54      0      0      0      0  14801   2782  15076     13      0 
 08:18:31       0    145     51      -     52     15      0      0      0      0  14801   2797  15078     13      0 
 08:18:36       0    169     52      -     97     37      0      0      0      0  14801   2790  15078     13      0 
 08:18:41       0    115     55      -     95     26      0      0      0      0  14801   2835  15678     13      0 
 08:18:46       0    274     60      -    100     27      0      0      0      0  14801   2812  15678     13      0 
 08:18:51       0    273     59      -    100     17      0      0      0      0  14801   2805  15678     13      0 
 08:18:56       0    273     62      -    100      1      0      0      0      0  14801   2805  15678     13      0 
 08:19:01       0    275     60      -    100     20      0      0      0      0  14801   2812  15678     13      0 
 08:19:06       0    274     61      -     99     24      0      0      0      0  14801   2805  15678     13      0 
 08:19:11       0    273     59      -    100     10      0      0      0      0  14801   2812  15678     13      0 
 08:19:16       0    272     62      -    100      0      0      0      0      0  14801   2805  15678     13      0 
 08:19:21       0    274     60      -    100     17      0      0      0      0  14801   2812  15676     13      0 
 08:19:26       0    273     61      -    100     15      0      0      0      0  14801   2805  15676     13      0 
 08:19:31       0    273     59      -    100      3      0      0      0      0  14801   2805  15678     13      0 
 08:19:36       0    265     59      -    100      6      0      0      0      0  14801   2812  15678     13      0 
 08:19:41       0    191     52      -     96     54      0      0      0      0  14801   2790  15678     13      0 
 08:19:46       0    191     51      -     96     54      0      0      0      0  14801   2790  15678     13      0 
 08:19:51       0    191     51      -     96     54      0      0      0      0  14801   2790  15678     13      0 
 08:19:56       0    191     51      -     95     54      0      0      0      0  14801   2790  15678     13      0 
 08:20:01       0    191     50      -     95     54      0      0      0      0  14801   2790  15678     13      0 
 08:20:06       0    191     50      -     96     54      0      0      0      0  14801   2790  15678     13      0 
 08:20:11       0    190     50      -     95     54      0      0      0      0  14801   2790  15678     13      0 
 08:20:16       0    190     50      -     95     54      0      0      0      0  14801   2790  15678     13      0 
 08:20:21       0    190     50      -     95     54      0      0      0      0  14801   2790  15678     13      0 
 08:20:26       0    190     50      -     95     54      0      0      0      0  14801   2790  15678     13      0 
 08:20:31       0    190     50      -     95     54      0      0      0      0  14801   2790  15678     13      0 
 08:20:36       0    190     50      -     95     54      0      0      0      0  14801   2790  15678     13      0 
 08:20:41       0    190     50      -     95     54      0      0      0      0  14801   2790  15678     13      0 
 08:20:46       0    190     50      -     95     54      0      0      0      0  14801   2790  15678     13      0 
 08:20:51       0    190     50      -     95     54      0      0      0      0  14801   2790  15678     13      0 
 08:20:56       0    190     50      -     95     54      0      0      0      0  14801   2790  15678     13      0 
 08:21:01       0    190     50      -     95     54      0      0      0      0  14801   2790  15678     13      0 
 08:21:06       0    191     50      -     96     55      0      0      0      0  14801   2790  15678     13      0 
 08:21:11       0    191     50      -     96     55      0      0      0      0  14801   2790  15678     13      0 
#Time         gpu    pwr  gtemp  mtemp     sm    mem    enc    dec    jpg    ofa   mclk   pclk     fb   bar1   ccpm 
#HH:MM:SS     Idx      W      C      C      %      %      %      %      %      %    MHz    MHz     MB     MB     MB 
 08:21:16       0    191     50      -     96     55      0      0      0      0  14801   2790  15678     13      0 
 08:21:21       0    192     50      -     96     55      0      0      0      0  14801   2790  15678     13      0 
 08:21:26       0    192     50      -     96     55      0      0      0      0  14801   2790  15094     13      0 
 08:21:31       0    191     50      -     96     55      0      0      0      0  14801   2790  15094     13      0 
 08:21:36       0    192     50      -     96     55      0      0      0      0  14801   2790  15094     13      0 
 08:21:41       0    191     50      -     96     55      0      0      0      0  14801   2790  15094     13      0 
 08:21:46       0    191     50      -     96     55      0      0      0      0  14801   2790  15094     13      0 
 08:21:51       0    191     50      -     96     55      0      0      0      0  14801   2790  15094     13      0 
 08:21:56       0    191     50      -     96     55      0      0      0      0  14801   2790  15094     13      0 
 08:22:01       0    191     51      -     96     55      0      0      0      0  14801   2790  15094     13      0 
 08:22:06       0    192     51      -     96     55      0      0      0      0  14801   2790  15094     13      0 
 08:22:11       0    192     51      -     96     55      0      0      0      0  14801   2790  15094     13      0 
 08:22:16       0    192     51      -     96     55      0      0      0      0  14801   2790  15094     13      0 
 08:22:21       0    192     51      -     96     55      0      0      0      0  14801   2790  15094     13      0 
 08:22:26       0    192     51      -     96     55      0      0      0      0  14801   2790  15094     13      0 
 08:22:31       0    192     51      -     96     55      0      0      0      0  14801   2790  15094     13      0 
 08:22:36       0    192     51      -     96     55      0      0      0      0  14801   2790  15094     13      0 
 08:22:41       0    192     51      -     96     55      0      0      0      0  14801   2790  15094     13      0 
 08:22:46       0    192     51      -     96     55      0      0      0      0  14801   2790  15094     13      0 
 08:22:51       0    193     51      -     96     55      0      0      0      0  14801   2790  15094     13      0 
 08:22:56       0    193     51      -     96     55      0      0      0      0  14801   2790  15094     13      0 
 08:23:01       0    193     51      -     96     55      0      0      0      0  14801   2790  15094     13      0 
 08:23:06       0    193     51      -     96     55      0      0      0      0  14801   2790  15094     13      0 
 08:23:11       0    193     51      -     96     55      0      0      0      0  14801   2790  15094     13      0 
 08:23:16       0    193     52      -     96     55      0      0      0      0  14801   2790  15094     13      0 
 08:23:21       0    193     52      -     96     55      0      0      0      0  14801   2790  15094     13      0 
 08:23:26       0    193     52      -     96     55      0      0      0      0  14801   2790  15094     13      0 
 08:23:31       0    193     52      -     96     55      0      0      0      0  14801   2790  15094     13      0 
 08:23:36       0    193     52      -     96     55      0      0      0      0  14801   2790  15094     13      0 
 08:23:41       0    193     52      -     96     55      0      0      0      0  14801   2790  15094     13      0 
 08:23:46       0    193     52      -     96     55      0      0      0      0  14801   2790  15094     13      0 
 08:23:51       0    193     52      -     96     55      0      0      0      0  14801   2790  15094     13      0 
 08:23:56       0    193     52      -     96     55      0      0      0      0  14801   2790  15094     13      0 
 08:24:01       0    194     52      -     96     55      0      0      0      0  14801   2790  15094     13      0 
 08:24:06       0    194     52      -     96     55      0      0      0      0  14801   2790  15094     13      0 
 08:24:11       0    194     52      -     96     55      0      0      0      0  14801   2790  15094     13      0 
 08:24:16       0    194     52      -     96     55      0      0      0      0  14801   2790  15094     13      0 
 08:24:21       0    194     52      -     96     55      0      0      0      0  14801   2790  15094     13      0 
 08:24:26       0    194     52      -     96     55      0      0      0      0  14801   2790  15094     13      0 
 08:24:31       0    194     53      -     96     55      0      0      0      0  14801   2782  15094     13      0 
 08:24:36       0    194     53      -     96     55      0      0      0      0  14801   2782  15094     13      0 
 08:24:41       0    194     53      -     96     55      0      0      0      0  14801   2782  15094     13      0 
 08:24:46       0    194     53      -     96     55      0      0      0      0  14801   2782  15094     13      0 
 08:24:51       0    194     53      -     96     55      0      0      0      0  14801   2782  15094     13      0 
#Time         gpu    pwr  gtemp  mtemp     sm    mem    enc    dec    jpg    ofa   mclk   pclk     fb   bar1   ccpm 
#HH:MM:SS     Idx      W      C      C      %      %      %      %      %      %    MHz    MHz     MB     MB     MB 
 08:24:56       0    194     53      -     96     55      0      0      0      0  14801   2782  15094     13      0 
 08:25:01       0    194     53      -     96     55      0      0      0      0  14801   2782  15094     13      0 
 08:25:06       0    194     53      -     96     55      0      0      0      0  14801   2782  15094     13      0 
 08:25:11       0    194     53      -     96     55      0      0      0      0  14801   2782  15094     13      0 
 08:25:16       0    194     53      -     96     55      0      0      0      0  14801   2782  15094     13      0 
 08:25:21       0    195     53      -     96     55      0      0      0      0  14801   2782  15094     13      0 
 08:25:26       0    195     53      -     96     55      0      0      0      0  14801   2782  15094     13      0 
 08:25:31       0    195     53      -     96     55      0      0      0      0  14801   2782  15094     13      0 
 08:25:36       0    195     53      -     96     55      0      0      0      0  14801   2782  15094     13      0 
 08:25:41       0    195     53      -     96     56      0      0      0      0  14801   2782  15094     13      0 
 08:25:46       0    195     53      -     96     56      0      0      0      0  14801   2782  15094     13      0 
 08:25:51       0    195     53      -     96     56      0      0      0      0  14801   2782  15094     13      0 
 08:25:56       0    195     53      -     97     56      0      0      0      0  14801   2782  15094     13      0 
 08:26:01       0    195     53      -     96     56      0      0      0      0  14801   2782  15094     13      0 
 08:26:06       0    195     53      -     97     56      0      0      0      0  14801   2782  15678     13      0 
 08:26:11       0    274     60      -    100     26      0      0      0      0  14801   2812  15678     13      0 
 08:26:16       0    273     63      -    100      7      0      0      0      0  14801   2805  15678     13      0 
 08:26:21       0    273     60      -    100     20      0      0      0      0  14801   2805  15678     13      0 
 08:26:26       0    145     48      -      0      0      0      0      0      0  14801   2790  15678     13      0 
 08:26:31       0    274     61      -    100      9      0      0      0      0  14801   2812  15678     13      0 
 08:26:36       0    273     62      -    100      7      0      0      0      0  14801   2805  15678     13      0 
 08:26:41       0    273     62      -    100     10      0      0      0      0  14801   2812  15678     13      0 
 08:26:47       0    164     52      -     97     45      0      0      0      0  14801   2797  15678     13      0 
 08:26:52       0    171     51      -     96     49      0      0      0      0  14801   2790  15678     13      0 
 08:26:57       0    164     50      -     97     45      0      0      0      0  14801   2797  15678     13      0 
 08:27:02       0    190     51      -     96     54      0      0      0      0  14801   2790  15678     13      0 
 08:27:07       0    190     51      -     95     54      0      0      0      0  14801   2790  15678     13      0 
 08:27:12       0    190     50      -     95     54      0      0      0      0  14801   2790  15678     13      0 
 08:27:17       0    190     50      -     96     54      0      0      0      0  14801   2790  15678     13      0 
 08:27:22       0    191     50      -     95     54      0      0      0      0  14801   2790  15678     13      0 
 08:27:27       0    190     50      -     95     54      0      0      0      0  14801   2790  15678     13      0 
 08:27:32       0    190     50      -     95     54      0      0      0      0  14801   2790  15678     13      0 
 08:27:37       0    190     50      -     95     54      0      0      0      0  14801   2790  15678     13      0 
 08:27:42       0    189     50      -     95     54      0      0      0      0  14801   2790  15678     13      0 
 08:27:47       0    190     50      -     95     54      0      0      0      0  14801   2790  15678     13      0 
 08:27:52       0    190     50      -     95     54      0      0      0      0  14801   2790  15678     13      0 
 08:27:57       0    190     50      -     95     54      0      0      0      0  14801   2790  15678     13      0 
 08:28:02       0    190     50      -     95     54      0      0      0      0  14801   2790  15678     13      0 
 08:28:07       0    190     50      -     96     54      0      0      0      0  14801   2790  15678     13      0 
 08:28:12       0    190     50      -     95     54      0      0      0      0  14801   2790  15678     13      0 
 08:28:17       0    190     50      -     96     55      0      0      0      0  14801   2790  15678     13      0 
 08:28:22       0    191     50      -     95     54      0      0      0      0  14801   2790  15678     13      0 
 08:28:27       0    191     50      -     96     55      0      0      0      0  14801   2790  15678     13      0 
 08:28:32       0    191     51      -     96     55      0      0      0      0  14801   2790  15678     13      0 
#Time         gpu    pwr  gtemp  mtemp     sm    mem    enc    dec    jpg    ofa   mclk   pclk     fb   bar1   ccpm 
#HH:MM:SS     Idx      W      C      C      %      %      %      %      %      %    MHz    MHz     MB     MB     MB 
 08:28:37       0    191     51      -     96     55      0      0      0      0  14801   2790  15678     13      0 
 08:28:42       0    191     51      -     96     54      0      0      0      0  14801   2790  15094     13      0 
 08:28:47       0    191     51      -     95     54      0      0      0      0  14801   2790  15094     13      0 
 08:28:52       0    191     51      -     96     55      0      0      0      0  14801   2790  15094     13      0 
 08:28:57       0    191     51      -     96     55      0      0      0      0  14801   2790  15094     13      0 
 08:29:02       0    191     51      -     95     55      0      0      0      0  14801   2790  15094     13      0 
 08:29:07       0    191     51      -     95     55      0      0      0      0  14801   2790  15094     13      0 
 08:29:12       0    191     51      -     95     55      0      0      0      0  14801   2790  15094     13      0 
 08:29:17       0    191     51      -     95     55      0      0      0      0  14801   2790  15094     13      0 
 08:29:22       0    191     52      -     96     55      0      0      0      0  14801   2790  15094     13      0 
 08:29:27       0    191     52      -     95     55      0      0      0      0  14801   2790  15094     13      0 
 08:29:32       0    192     52      -     95     55      0      0      0      0  14801   2790  15094     13      0 
 08:29:37       0    192     52      -     96     55      0      0      0      0  14801   2790  15094     13      0 
 08:29:42       0    192     52      -     96     55      0      0      0      0  14801   2790  15094     13      0 
 08:29:47       0    192     52      -     96     55      0      0      0      0  14801   2790  15094     13      0 
 08:29:52       0    192     52      -     96     55      0      0      0      0  14801   2790  15094     13      0 
 08:29:57       0    192     52      -     96     55      0      0      0      0  14801   2790  15094     13      0 
 08:30:02       0    192     52      -     96     55      0      0      0      0  14801   2782  15094     13      0 
 08:30:07       0    192     52      -     96     55      0      0      0      0  14801   2782  15094     13      0 
 08:30:12       0    193     53      -     96     55      0      0      0      0  14801   2782  15094     13      0 
 08:30:17       0    192     53      -     96     55      0      0      0      0  14801   2782  15094     13      0 
 08:30:22       0    192     53      -     96     55      0      0      0      0  14801   2782  15094     13      0 
 08:30:27       0    193     53      -     96     55      0      0      0      0  14801   2782  15094     13      0 
 08:30:32       0    193     53      -     96     55      0      0      0      0  14801   2782  15094     13      0 
 08:30:37       0    193     53      -     96     55      0      0      0      0  14801   2782  15094     13      0 
 08:30:42       0    193     53      -     95     55      0      0      0      0  14801   2782  15094     13      0 
 08:30:47       0    193     53      -     96     55      0      0      0      0  14801   2782  15094     13      0 
 08:30:52       0    193     53      -     95     55      0      0      0      0  14801   2782  15094     13      0 
 08:30:57       0    193     53      -     96     55      0      0      0      0  14801   2782  15094     13      0 
 08:31:02       0    193     53      -     95     55      0      0      0      0  14801   2782  15094     13      0 
 08:31:07       0    193     54      -     96     55      0      0      0      0  14801   2782  15094     13      0 
 08:31:12       0    193     54      -     96     55      0      0      0      0  14801   2782  15094     13      0 
 08:31:17       0    194     54      -     96     55      0      0      0      0  14801   2782  15094     13      0 
 08:31:22       0    193     54      -     96     55      0      0      0      0  14801   2782  15094     13      0 
 08:31:27       0    194     54      -     96     55      0      0      0      0  14801   2782  15094     13      0 
 08:31:32       0    194     54      -     96     55      0      0      0      0  14801   2782  15094     13      0 
 08:31:37       0    194     54      -     96     55      0      0      0      0  14801   2782  15094     13      0 
 08:31:42       0    194     54      -     96     55      0      0      0      0  14801   2782  15094     13      0 
 08:31:47       0    194     54      -     96     55      0      0      0      0  14801   2782  15094     13      0 
 08:31:52       0    194     54      -     96     55      0      0      0      0  14801   2782  15094     13      0 
 08:31:57       0    194     54      -     96     55      0      0      0      0  14801   2782  15094     13      0 
 08:32:02       0    194     54      -     96     55      0      0      0      0  14801   2782  15094     13      0 
 08:32:07       0    194     54      -     96     55      0      0      0      0  14801   2782  15094     13      0 
 08:32:12       0    194     54      -     96     55      0      0      0      0  14801   2782  15094     13      0 
#Time         gpu    pwr  gtemp  mtemp     sm    mem    enc    dec    jpg    ofa   mclk   pclk     fb   bar1   ccpm 
#HH:MM:SS     Idx      W      C      C      %      %      %      %      %      %    MHz    MHz     MB     MB     MB 
 08:32:17       0    194     54      -     96     55      0      0      0      0  14801   2782  15094     13      0 
 08:32:22       0    194     54      -     95     55      0      0      0      0  14801   2782  15094     13      0 
 08:32:27       0    194     54      -     96     55      0      0      0      0  14801   2782  15094     13      0 
 08:32:32       0    194     54      -     95     55      0      0      0      0  14801   2782  15094     13      0 
 08:32:37       0    195     54      -     96     55      0      0      0      0  14801   2782  15094     13      0 
 08:32:42       0    195     54      -     96     55      0      0      0      0  14801   2782  15094     13      0 
 08:32:47       0    195     54      -     96     55      0      0      0      0  14801   2782  15094     13      0 
 08:32:52       0    195     54      -     96     55      0      0      0      0  14801   2782  15094     13      0 
 08:32:57       0    195     54      -     96     55      0      0      0      0  14801   2782  15094     13      0 
 08:33:02       0    195     54      -     96     55      0      0      0      0  14801   2782  15094     13      0 
 08:33:07       0    195     54      -     96     55      0      0      0      0  14801   2782  15094     13      0 
 08:33:12       0    195     54      -     96     55      0      0      0      0  14801   2782  15094     13      0 
 08:33:17       0    195     54      -     96     55      0      0      0      0  14801   2782  15094     13      0 
 08:33:22       0    275     61      -    100     25      0      0      0      0  14801   2805  15678     13      0 
 08:33:27       0    275     63      -    100      6      0      0      0      0  14801   2797  15678     13      0 
 08:33:32       0    274     64      -    100      2      0      0      0      0  14801   2805  15678     13      0 
 08:33:37       0    272     61      -    100     18      0      0      0      0  14801   2805  15678     13      0 
 08:33:42       0    275     62      -    100     16      0      0      0      0  14801   2812  15676     13      0 
 08:33:47       0    275     61      -    100     11      0      0      0      0  14801   2797  15676     13      0 
 08:33:52       0    274     61      -    100     17      0      0      0      0  14801   2812  15678     13      0 
 08:33:57       0    272     62      -    100     12      0      0      0      0  14801   2805  15678     13      0 
 08:34:02       0    167     52      -     97     41      0      0      0      0  14801   2797  15678     13      0 
 08:34:07       0    163     51      -     97     43      0      0      0      0  14801   2797  15678     13      0 
 08:34:12       0    164     51      -     97     45      0      0      0      0  14801   2797  15678     13      0 
 08:34:17       0    165     50      -     97     40      0      0      0      0  14801   2797  15678     13      0 
 08:34:22       0    273     58      -    100     16      0      0      0      0  14801   2812  15676     13      0 
 08:34:27       0    272     58      -    100     22      0      0      0      0  14801   2805  15676     13      0 
 08:34:32       0    272     58      -    100     21      0      0      0      0  14801   2812  15678     13      0 
 08:34:37       0    270     61      -    100      1      0      0      0      0  14801   2812  15678     13      0 
 08:34:42       0    234     59      -    100     19      0      0      0      0  14801   2812  15676     13      0 
 08:34:47       0    273     56      -     99     25      0      0      0      0  14801   2812  15676     13      0 
 08:34:52       0    272     61      -    100      6      0      0      0      0  14801   2805  15678     13      0 
 08:34:57       0    273     62      -    100      1      0      0      0      0  14801   2805  15678     13      0 
 08:35:02       0    274     58      -    100     18      0      0      0      0  14801   2812  15676     13      0 
 08:35:07       0    273     60      -    100     11      0      0      0      0  14801   2812  15676     13      0 
 08:35:12       0    272     60      -    100     17      0      0      0      0  14801   2805  15678     13      0 
 08:35:17       0    272     58      -    100     22      0      0      0      0  14801   2805  15678     13      0 
 08:35:22       0    263     59      -    100     24      0      0      0      0  14801   2812  15678     13      0 
 08:35:27       0    260     59      -    100     23      0      0      0      0  14801   2812  15696     13      0 
 08:35:32       0    260     60      -    100     16      0      0      0      0  14801   2812  15696     13      0 
 08:35:37       0    259     61      -    100      2      0      0      0      0  14801   2805  15696     13      0 
 08:35:42       0    258     61      -    100      2      0      0      0      0  14801   2812  15696     13      0 
 08:35:47       0    260     61      -    100      2      0      0      0      0  14801   2812  15700     13      0 
 08:35:52       0    258     60      -    100      5      0      0      0      0  14801   2812  15700     13      0 
#Time         gpu    pwr  gtemp  mtemp     sm    mem    enc    dec    jpg    ofa   mclk   pclk     fb   bar1   ccpm 
#HH:MM:SS     Idx      W      C      C      %      %      %      %      %      %    MHz    MHz     MB     MB     MB 
 08:35:57       0     50     45      -      0      0      0      0      0      0  14801   2692  15678     13      0 
