#Time         gpu    pwr  gtemp  mtemp     sm    mem    enc    dec    jpg    ofa   mclk   pclk     fb   bar1   ccpm 
#HH:MM:SS     Idx      W      C      C      %      %      %      %      %      %    MHz    MHz     MB     MB     MB 
 08:36:21       0     15     40      -      0      6      0      0      0      0    405    195     10     10      0 
 08:36:26       0     15     40      -      0      6      0      0      0      0    405    195     10     10      0 
 08:36:31       0     18     40      -      1      1      0      0      0      0  14801    195    348     13      0 
 08:36:36       0     47     40      -      0      0      0      0      0      0  14801   2692  15104     13      0 
 08:36:41       0     47     40      -      0      0      0      0      0      0  14801   2700  11562     13      0 
 08:36:46       0     47     41      -     13      2      0      0      0      0  14801   2707  11616     13      0 
 08:36:51       0     48     41      -      0      0      0      0      0      0  14801   2692  11616     13      0 
 08:36:56       0     64     43      -     96     12      0      0      0      0  14801   2827  11622     13      0 
 08:37:01       0     60     43      -     70     11      0      0      0      0  14801   2692  12218     13      0 
 08:37:06       0     49     42      -      0      0      0      0      0      0  14801   2850  12218     13      0 
 08:37:11       0     47     42      -      0      0      0      0      0      0  14801   2692  15112     13      0 
 08:37:16       0     49     43      -      0      0      0      0      0      0  14801   2835  15718     13      0 
 08:37:21       0     47     42      -      0      0      0      0      0      0  14801   2692  15718     13      0 
 08:37:26       0     47     43      -      0      0      0      0      0      0  14801   2692  15718     13      0 
 08:37:31       0     47     43      -      0      0      0      0      0      0  14801   2692  15718     13      0 
 08:37:36       0    151     48      -     96     48      0      0      0      0  14801   2790  15720     13      0 
 08:37:41       0    274     58      -    100     17      0      0      0      0  14801   2820  15720     13      0 
 08:37:46       0    252     61      -    100      2      0      0      0      0  14801   2820  15678     13      0 
 08:37:51       0     49     45      -      0      0      0      0      0      0  14801   2835  15676     13      0 
 08:37:56       0    271     58      -    100     14      0      0      0      0  14801   2812  15676     13      0 
 08:38:01       0    269     59      -    100     12      0      0      0      0  14801   2812  15678     13      0 
 08:38:07       0    271     61      -    100      0      0      0      0      0  14801   2805  15678     13      0 
 08:38:12       0    264     61      -    100      1      0      0      0      0  14801   2812  15680     13      0 
 08:38:17       0    259     59      -    100     22      0      0      0      0  14801   2812  15694     13      0 
 08:38:22       0    259     61      -    100      2      0      0      0      0  14801   2812  15696     13      0 
 08:38:27       0    259     61      -    100      2      0      0      0      0  14801   2812  15696     13      0 
 08:38:32       0    257     61      -    100      9      0      0      0      0  14801   2797  15696     13      0 
 08:38:37       0    258     61      -    100      8      0      0      0      0  14801   2812  15700     13      0 
 08:38:42       0    259     61      -    100     25      0      0      0      0  14801   2812  15700     13      0 
 08:38:47       0    256     61      -    100      2      0      0      0      0  14801   2812  15700     13      0 
 08:38:52       0    257     59      -     99     24      0      0      0      0  14801   2812  15700     13      0 
 08:38:57       0    256     61      -    100      2      0      0      0      0  14801   2812  15700     13      0 
 08:39:02       0    257     61      -    100     22      0      0      0      0  14801   2812  15700     13      0 
 08:39:07       0    259     61      -    100      2      0      0      0      0  14801   2812  15676     13      0 
 08:39:12       0    256     61      -    100      2      0      0      0      0  14801   2805  15676     13      0 
 08:39:17       0    256     61      -    100     13      0      0      0      0  14801   2797  15676     13      0 
 08:39:22       0    256     60      -    100      2      0      0      0      0  14801   2812  15676     13      0 
 08:39:27       0    257     61      -    100      4      0      0      0      0  14801   2805  15676     13      0 
 08:39:32       0    256     61      -    100     19      0      0      0      0  14801   2812  15676     13      0 
 08:39:37       0    257     61      -    100      2      0      0      0      0  14801   2812  15676     13      0 
 08:39:42       0    255     59      -    100      2      0      0      0      0  14801   2812  15676     13      0 
 08:39:47       0    256     61      -    100      2      0      0      0      0  14801   2812  15676     13      0 
 08:39:52       0    255     61      -    100     16      0      0      0      0  14801   2797  15676     13      0 
 08:39:57       0    255     61      -    100      2      0      0      0      0  14801   2812  15676     13      0 
#Time         gpu    pwr  gtemp  mtemp     sm    mem    enc    dec    jpg    ofa   mclk   pclk     fb   bar1   ccpm 
#HH:MM:SS     Idx      W      C      C      %      %      %      %      %      %    MHz    MHz     MB     MB     MB 
 08:40:02       0    254     61      -    100      2      0      0      0      0  14801   2812  15676     13      0 
 08:40:07       0    255     61      -    100      2      0      0      0      0  14801   2812  15676     13      0 
 08:40:12       0    256     61      -    100     23      0      0      0      0  14801   2812  15676     13      0 
 08:40:17       0    256     61      -    100      2      0      0      0      0  14801   2812  15696     13      0 
 08:40:22       0    254     61      -    100      2      0      0      0      0  14801   2812  15696     13      0 
 08:40:27       0    255     61      -    100      2      0      0      0      0  14801   2812  15696     13      0 
 08:40:32       0    255     61      -    100      2      0      0      0      0  14801   2812  15696     13      0 
 08:40:37       0    256     61      -    100      2      0      0      0      0  14801   2805  15696     13      0 
 08:40:42       0    256     61      -    100     27      0      0      0      0  14801   2812  15696     13      0 
 08:40:47       0    256     61      -    100      2      0      0      0      0  14801   2812  15696     13      0 
 08:40:52       0    255     61      -    100      2      0      0      0      0  14801   2812  15696     13      0 
 08:40:57       0    252     61      -    100      2      0      0      0      0  14801   2797  15696     13      0 
 08:41:02       0    255     61      -    100      2      0      0      0      0  14801   2812  15696     13      0 
 08:41:07       0    255     61      -    100      2      0      0      0      0  14801   2812  15696     13      0 
 08:41:12       0    256     61      -    100      4      0      0      0      0  14801   2812  15696     13      0 
 08:41:17       0    256     61      -    100     26      0      0      0      0  14801   2812  15696     13      0 
 08:41:22       0    254     61      -    100      2      0      0      0      0  14801   2812  15696     13      0 
 08:41:27       0    254     61      -    100      2      0      0      0      0  14801   2797  15696     13      0 
 08:41:32       0    254     61      -    100     20      0      0      0      0  14801   2812  15696     13      0 
 08:41:37       0    256     60      -    100      2      0      0      0      0  14801   2812  15696     13      0 
 08:41:42       0    255     61      -    100      2      0      0      0      0  14801   2812  15696     13      0 
 08:41:47       0    255     61      -    100      2      0      0      0      0  14801   2812  15696     13      0 
 08:41:52       0    255     61      -    100      2      0      0      0      0  14801   2812  15680     13      0 
 08:41:57       0    255     59      -    100      2      0      0      0      0  14801   2812  15680     13      0 
 08:42:02       0    254     61      -    100      2      0      0      0      0  14801   2812  15680     13      0 
 08:42:07       0    254     61      -    100      2      0      0      0      0  14801   2812  15680     13      0 
 08:42:12       0    257     61      -    100      2      0      0      0      0  14801   2812  15680     13      0 
 08:42:17       0    255     61      -    100      2      0      0      0      0  14801   2812  15680     13      0 
 08:42:22       0    254     61      -    100      2      0      0      0      0  14801   2812  15680     13      0 
 08:42:27       0    254     61      -    100     22      0      0      0      0  14801   2812  15680     13      0 
 08:42:32       0    255     61      -    100      2      0      0      0      0  14801   2812  15680     13      0 
 08:42:37       0    254     61      -    100      2      0      0      0      0  14801   2812  15680     13      0 
 08:42:42       0    253     61      -    100      2      0      0      0      0  14801   2790  15680     13      0 
 08:42:47       0    255     61      -    100      2      0      0      0      0  14801   2812  15680     13      0 
 08:42:52       0    254     61      -    100      2      0      0      0      0  14801   2812  15680     13      0 
 08:42:57       0    253     61      -    100      2      0      0      0      0  14801   2812  15680     13      0 
 08:43:02       0    255     61      -    100      2      0      0      0      0  14801   2812  15680     13      0 
 08:43:07       0    254     61      -    100     23      0      0      0      0  14801   2812  15680     13      0 
 08:43:12       0    253     61      -    100      2      0      0      0      0  14801   2812  15680     13      0 
 08:43:17       0    254     61      -    100      2      0      0      0      0  14801   2812  15680     13      0 
 08:43:22       0    254     61      -    100      2      0      0      0      0  14801   2812  15680     13      0 
 08:43:27       0    253     58      -    100     13      0      0      0      0  14801   2812  15680     13      0 
 08:43:32       0    259     61      -    100      2      0      0      0      0  14801   2812  15680     13      0 
 08:43:37       0    252     61      -    100      2      0      0      0      0  14801   2812  15680     13      0 
#Time         gpu    pwr  gtemp  mtemp     sm    mem    enc    dec    jpg    ofa   mclk   pclk     fb   bar1   ccpm 
#HH:MM:SS     Idx      W      C      C      %      %      %      %      %      %    MHz    MHz     MB     MB     MB 
 08:43:42       0    254     60      -    100      2      0      0      0      0  14801   2812  15680     13      0 
 08:43:47       0    258     61      -    100      2      0      0      0      0  14801   2812  15680     13      0 
 08:43:52       0    253     61      -    100      2      0      0      0      0  14801   2812  15700     13      0 
 08:43:57       0    254     59      -    100     25      0      0      0      0  14801   2812  15700     13      0 
 08:44:02       0    253     61      -    100      2      0      0      0      0  14801   2812  15700     13      0 
 08:44:07       0    254     60      -    100      5      0      0      0      0  14801   2812  15700     13      0 
 08:44:12       0    252     60      -    100      2      0      0      0      0  14801   2797  15700     13      0 
 08:44:17       0    253     60      -    100      2      0      0      0      0  14801   2812  15700     13      0 
 08:44:22       0    253     61      -    100      2      0      0      0      0  14801   2812  15700     13      0 
 08:44:27       0    253     60      -    100      5      0      0      0      0  14801   2812  15700     13      0 
 08:44:32       0    254     60      -    100      2      0      0      0      0  14801   2812  15700     13      0 
 08:44:37       0    251     56      -    100      3      0      0      0      0  14801   2812  15700     13      0 
 08:44:42       0    254     61      -    100      2      0      0      0      0  14801   2812  15700     13      0 
 08:44:47       0    257     61      -    100      2      0      0      0      0  14801   2812  15700     13      0 
 08:44:52       0    174     52      -     98     48      0      0      0      0  14801   2805  15700     13      0 
 08:44:57       0    274     58      -     99     24      0      0      0      0  14801   2820  15696     13      0 
 08:45:02       0    273     58      -    100     20      0      0      0      0  14801   2812  15696     13      0 
 08:45:07       0     93     46      -      0      0      0      0      0      0  14801   2835  15676     13      0 
 08:45:12       0    272     58      -    100     12      0      0      0      0  14801   2820  15676     13      0 
 08:45:17       0    271     59      -    100     16      0      0      0      0  14801   2812  15676     13      0 
 08:45:22       0    271     60      -    100     15      0      0      0      0  14801   2820  15678     13      0 
 08:45:27       0    267     61      -    100     11      0      0      0      0  14801   2782  15678     13      0 
 08:45:32       0    261     61      -    100      2      0      0      0      0  14801   2812  15696     13      0 
 08:45:37       0    261     61      -    100      2      0      0      0      0  14801   2812  15696     13      0 
 08:45:42       0    261     61      -    100     11      0      0      0      0  14801   2805  15696     13      0 
 08:45:47       0    260     61      -    100      5      0      0      0      0  14801   2797  15696     13      0 
 08:45:52       0    257     59      -    100      3      0      0      0      0  14801   2805  15700     13      0 
 08:45:57       0    257     61      -    100      2      0      0      0      0  14801   2812  15700     13      0 
 08:46:02       0    257     60      -    100      4      0      0      0      0  14801   2797  15700     13      0 
 08:46:07       0    257     61      -    100     20      0      0      0      0  14801   2797  15700     13      0 
 08:46:12       0    259     61      -    100      2      0      0      0      0  14801   2812  15700     13      0 
 08:46:17       0    255     59      -    100      3      0      0      0      0  14801   2812  15700     13      0 
 08:46:22       0    255     61      -    100     16      0      0      0      0  14801   2797  15676     13      0 
 08:46:27       0    259     61      -    100      2      0      0      0      0  14801   2812  15676     13      0 
 08:46:32       0    256     61      -    100      9      0      0      0      0  14801   2797  15676     13      0 
 08:46:37       0    256     61      -    100      2      0      0      0      0  14801   2805  15676     13      0 
 08:46:42       0    256     61      -    100      2      0      0      0      0  14801   2812  15676     13      0 
 08:46:47       0    257     61      -    100      2      0      0      0      0  14801   2812  15676     13      0 
 08:46:52       0    258     61      -    100      2      0      0      0      0  14801   2812  15676     13      0 
 08:46:57       0    257     57      -    100      2      0      0      0      0  14801   2790  15676     13      0 
 08:47:02       0    258     61      -    100      2      0      0      0      0  14801   2805  15676     13      0 
 08:47:07       0    256     61      -    100      2      0      0      0      0  14801   2812  15676     13      0 
 08:47:12       0    256     58      -    100      2      0      0      0      0  14801   2797  15676     13      0 
 08:47:17       0    256     59      -    100      2      0      0      0      0  14801   2812  15676     13      0 
#Time         gpu    pwr  gtemp  mtemp     sm    mem    enc    dec    jpg    ofa   mclk   pclk     fb   bar1   ccpm 
#HH:MM:SS     Idx      W      C      C      %      %      %      %      %      %    MHz    MHz     MB     MB     MB 
 08:47:22       0    256     57      -    100      2      0      0      0      0  14801   2805  15676     13      0 
 08:47:27       0    255     61      -    100      2      0      0      0      0  14801   2812  15676     13      0 
 08:47:32       0    255     61      -    100      2      0      0      0      0  14801   2812  15696     13      0 
 08:47:37       0    257     61      -    100     24      0      0      0      0  14801   2797  15696     13      0 
 08:47:42       0    257     61      -    100      2      0      0      0      0  14801   2812  15696     13      0 
 08:47:47       0    257     61      -     99     24      0      0      0      0  14801   2805  15696     13      0 
 08:47:52       0    256     61      -    100      2      0      0      0      0  14801   2812  15696     13      0 
 08:47:57       0    255     56      -    100      2      0      0      0      0  14801   2812  15696     13      0 
 08:48:02       0    257     61      -    100     22      0      0      0      0  14801   2812  15696     13      0 
 08:48:07       0    255     61      -    100      2      0      0      0      0  14801   2805  15696     13      0 
 08:48:12       0    256     61      -    100      2      0      0      0      0  14801   2812  15696     13      0 
 08:48:17       0    255     61      -    100      2      0      0      0      0  14801   2805  15696     13      0 
 08:48:23       0    256     61      -    100      2      0      0      0      0  14801   2805  15696     13      0 
 08:48:28       0    255     61      -    100      5      0      0      0      0  14801   2805  15696     13      0 
 08:48:33       0    255     59      -    100      2      0      0      0      0  14801   2797  15696     13      0 
 08:48:38       0    255     61      -    100      2      0      0      0      0  14801   2812  15696     13      0 
 08:48:43       0    253     61      -    100      2      0      0      0      0  14801   2812  15696     13      0 
 08:48:48       0    255     60      -     99     25      0      0      0      0  14801   2812  15696     13      0 
 08:48:53       0    255     61      -    100      2      0      0      0      0  14801   2812  15696     13      0 
 08:48:58       0    254     61      -    100      2      0      0      0      0  14801   2805  15696     13      0 
 08:49:03       0    255     61      -    100      2      0      0      0      0  14801   2812  15696     13      0 
 08:49:08       0    254     61      -    100     10      0      0      0      0  14801   2812  15680     13      0 
 08:49:13       0    255     61      -    100      2      0      0      0      0  14801   2812  15680     13      0 
 08:49:18       0    257     58      -    100      2      0      0      0      0  14801   2812  15680     13      0 
 08:49:23       0    254     61      -    100      2      0      0      0      0  14801   2812  15680     13      0 
 08:49:28       0    254     61      -    100      2      0      0      0      0  14801   2812  15680     13      0 
 08:49:33       0    254     61      -    100      2      0      0      0      0  14801   2812  15680     13      0 
 08:49:38       0    252     59      -    100      5      0      0      0      0  14801   2812  15680     13      0 
 08:49:43       0    255     61      -    100      5      0      0      0      0  14801   2812  15680     13      0 
 08:49:48       0    254     61      -    100      2      0      0      0      0  14801   2812  15680     13      0 
 08:49:53       0    254     61      -    100      2      0      0      0      0  14801   2812  15680     13      0 
 08:49:58       0    257     60      -    100      2      0      0      0      0  14801   2782  15680     13      0 
 08:50:03       0    258     57      -    100      2      0      0      0      0  14801   2812  15680     13      0 
 08:50:08       0    254     61      -    100      2      0      0      0      0  14801   2812  15680     13      0 
 08:50:13       0    255     61      -    100      2      0      0      0      0  14801   2812  15680     13      0 
 08:50:18       0    254     61      -    100      2      0      0      0      0  14801   2812  15680     13      0 
 08:50:23       0    254     61      -    100      2      0      0      0      0  14801   2812  15680     13      0 
 08:50:28       0    255     61      -     99     25      0      0      0      0  14801   2812  15680     13      0 
 08:50:33       0    254     61      -    100      2      0      0      0      0  14801   2812  15680     13      0 
 08:50:38       0    253     60      -    100      2      0      0      0      0  14801   2812  15680     13      0 
 08:50:43       0    257     61      -    100      2      0      0      0      0  14801   2812  15680     13      0 
 08:50:48       0    253     61      -    100      2      0      0      0      0  14801   2812  15680     13      0 
 08:50:53       0    253     60      -    100      2      0      0      0      0  14801   2812  15680     13      0 
 08:50:58       0    253     59      -    100      2      0      0      0      0  14801   2812  15680     13      0 
#Time         gpu    pwr  gtemp  mtemp     sm    mem    enc    dec    jpg    ofa   mclk   pclk     fb   bar1   ccpm 
#HH:MM:SS     Idx      W      C      C      %      %      %      %      %      %    MHz    MHz     MB     MB     MB 
 08:51:03       0    253     61      -    100      2      0      0      0      0  14801   2812  15680     13      0 
 08:51:08       0    242     60      -    100      2      0      0      0      0  14801   2820  15700     13      0 
 08:51:13       0    257     61      -    100      2      0      0      0      0  14801   2812  15700     13      0 
 08:51:18       0    253     61      -    100     16      0      0      0      0  14801   2812  15700     13      0 
 08:51:23       0    252     59      -    100      2      0      0      0      0  14801   2812  15700     13      0 
 08:51:28       0    252     61      -    100      2      0      0      0      0  14801   2812  15700     13      0 
 08:51:33       0    254     58      -    100      2      0      0      0      0  14801   2812  15700     13      0 
 08:51:38       0    251     60      -    100      2      0      0      0      0  14801   2782  15700     13      0 
 08:51:43       0    257     57      -    100      2      0      0      0      0  14801   2812  15700     13      0 
 08:51:48       0    253     60      -    100      7      0      0      0      0  14801   2812  15700     13      0 
 08:51:53       0    256     60      -    100      2      0      0      0      0  14801   2812  15700     13      0 
 08:51:58       0    252     61      -    100      2      0      0      0      0  14801   2812  15700     13      0 
 08:52:03       0    253     61      -    100      2      0      0      0      0  14801   2812  15700     13      0 
 08:52:08       0    253     59      -    100      2      0      0      0      0  14801   2812  15700     13      0 
 08:52:13       0     48     45      -      0      0      0      0      0      0  14801   2692  15696     13      0 
