#Time         gpu    pwr  gtemp  mtemp     sm    mem    enc    dec    jpg    ofa   mclk   pclk     fb   bar1   ccpm 
#HH:MM:SS     Idx      W      C      C      %      %      %      %      %      %    MHz    MHz     MB     MB     MB 
 07:20:19       0     14     40      -      0      6      0      0      0      0    405    195     10     10      0 
 07:20:24       0     14     40      -      0      6      0      0      0      0    405    195     10     10      0 
 07:20:29       0     16     40      -      0      1      0      0      0      0  14801    195    348     13      0 
 07:20:34       0     47     41      -      0      0      0      0      0      0  14801   2692   2680     13      0 
 07:20:39       0     47     41      -      0      0      0      0      0      0  14801   2692   2690     13      0 
 07:20:44       0     47     41      -      0      0      0      0      0      0  14801   2692   2690     13      0 
 07:20:49       0     47     41      -      0      0      0      0      0      0  14801   2692   4932     13      0 
 07:20:54       0     47     41      -      0      0      0      0      0      0  14801   2692   4944     13      0 
 07:20:59       0     48     42      -      0      0      0      0      0      0  14801   2835  15064     13      0 
 07:21:04       0    161     43      -      0      0      0      0      0      0  14801   2820  15710     13      0 
 07:21:09       0     47     42      -      0      0      0      0      0      0  14801   2692  15710     13      0 
 07:21:14       0     47     42      -      0      0      0      0      0      0  14801   2692  15710     13      0 
 07:21:19       0     47     42      -      0      0      0      0      0      0  14801   2692  15710     13      0 
 07:21:24       0     23     43      -    100     10      0      0      0      0  14801    877  15712     13      0 
 07:21:29       0    271     51      -    100     23      0      0      0      0  14801   2812  15732     13      0 
 07:21:34       0    274     57      -    100     22      0      0      0      0  14801   2812  15732     13      0 
 07:21:39       0    272     60      -    100     22      0      0      0      0  14801   2820  15690     13      0 
 07:21:44       0    273     59      -    100     21      0      0      0      0  14801   2820  15692     13      0 
 07:21:49       0    275     59      -    100     16      0      0      0      0  14801   2812  15692     13      0 
 07:21:54       0    276     58      -    100     25      0      0      0      0  14801   2812  15692     13      0 
 07:21:59       0    192     57      -    100     24      0      0      0      0  14801   2827  15692     13      0 
 07:22:04       0    190     52      -     98     56      0      0      0      0  14801   2797  15694     13      0 
 07:22:09       0    197     51      -     98     57      0      0      0      0  14801   2797  15694     13      0 
 07:22:14       0    198     51      -     98     57      0      0      0      0  14801   2797  15694     13      0 
 07:22:19       0    198     51      -     98     57      0      0      0      0  14801   2797  15694     13      0 
 07:22:24       0    198     51      -     98     57      0      0      0      0  14801   2797  15694     13      0 
 07:22:29       0    197     51      -     98     57      0      0      0      0  14801   2797  15694     13      0 
 07:22:34       0    197     50      -     98     57      0      0      0      0  14801   2797  15694     13      0 
 07:22:39       0    197     50      -     98     57      0      0      0      0  14801   2797  15694     13      0 
 07:22:44       0    197     50      -     98     57      0      0      0      0  14801   2797  15694     13      0 
 07:22:49       0    197     50      -     98     57      0      0      0      0  14801   2797  15694     13      0 
 07:22:54       0    197     50      -     98     57      0      0      0      0  14801   2797  15694     13      0 
 07:22:59       0    197     50      -     98     57      0      0      0      0  14801   2797  15694     13      0 
 07:23:04       0    197     50      -     98     57      0      0      0      0  14801   2797  15694     13      0 
 07:23:09       0    197     50      -     98     57      0      0      0      0  14801   2797  15694     13      0 
 07:23:14       0    197     50      -     98     57      0      0      0      0  14801   2797  15694     13      0 
 07:23:19       0    197     50      -     98     57      0      0      0      0  14801   2797  15694     13      0 
 07:23:24       0    198     50      -     98     57      0      0      0      0  14801   2797  15694     13      0 
 07:23:29       0    198     50      -     98     57      0      0      0      0  14801   2797  15694     13      0 
 07:23:34       0    198     50      -     98     57      0      0      0      0  14801   2797  15694     13      0 
 07:23:39       0    198     50      -     98     57      0      0      0      0  14801   2797  15694     13      0 
 07:23:44       0    198     51      -     98     57      0      0      0      0  14801   2797  15694     13      0 
 07:23:49       0    198     51      -     98     57      0      0      0      0  14801   2797  15694     13      0 
 07:23:54       0    198     51      -     98     57      0      0      0      0  14801   2797  15694     13      0 
#Time         gpu    pwr  gtemp  mtemp     sm    mem    enc    dec    jpg    ofa   mclk   pclk     fb   bar1   ccpm 
#HH:MM:SS     Idx      W      C      C      %      %      %      %      %      %    MHz    MHz     MB     MB     MB 
 07:23:59       0    198     51      -     98     57      0      0      0      0  14801   2797  15694     13      0 
 07:24:04       0    198     51      -     98     57      0      0      0      0  14801   2797  15694     13      0 
 07:24:09       0    198     51      -     98     57      0      0      0      0  14801   2797  15694     13      0 
 07:24:14       0    198     51      -     98     57      0      0      0      0  14801   2797  15694     13      0 
 07:24:19       0    198     51      -     98     57      0      0      0      0  14801   2797  15694     13      0 
 07:24:24       0    198     51      -     98     57      0      0      0      0  14801   2797  15694     13      0 
 07:24:29       0    198     51      -     98     57      0      0      0      0  14801   2797  15694     13      0 
 07:24:34       0    199     51      -     98     57      0      0      0      0  14801   2797  15694     13      0 
 07:24:39       0    199     51      -     98     57      0      0      0      0  14801   2797  15694     13      0 
 07:24:44       0    199     52      -     98     57      0      0      0      0  14801   2797  15694     13      0 
 07:24:49       0    199     52      -     98     57      0      0      0      0  14801   2797  15694     13      0 
 07:24:54       0    199     52      -     98     57      0      0      0      0  14801   2797  15694     13      0 
 07:24:59       0    199     52      -     98     57      0      0      0      0  14801   2797  15694     13      0 
 07:25:04       0    199     52      -     98     57      0      0      0      0  14801   2797  15694     13      0 
 07:25:09       0    199     52      -     98     57      0      0      0      0  14801   2797  15694     13      0 
 07:25:14       0    199     52      -     98     57      0      0      0      0  14801   2797  15694     13      0 
 07:25:19       0    199     52      -     98     57      0      0      0      0  14801   2790  15694     13      0 
 07:25:24       0    199     52      -     98     57      0      0      0      0  14801   2790  15694     13      0 
 07:25:29       0    199     52      -     98     57      0      0      0      0  14801   2790  15694     13      0 
 07:25:34       0    199     52      -     98     57      0      0      0      0  14801   2790  15694     13      0 
 07:25:39       0    199     52      -     98     57      0      0      0      0  14801   2790  15694     13      0 
 07:25:44       0    200     52      -     98     57      0      0      0      0  14801   2790  15694     13      0 
 07:25:49       0    200     53      -     98     57      0      0      0      0  14801   2790  15694     13      0 
 07:25:54       0    199     53      -     98     57      0      0      0      0  14801   2790  15026     13      0 
 07:25:59       0    200     53      -     98     57      0      0      0      0  14801   2790  15026     13      0 
 07:26:04       0    200     53      -     98     57      0      0      0      0  14801   2790  15026     13      0 
 07:26:09       0    200     53      -     98     57      0      0      0      0  14801   2790  15026     13      0 
 07:26:14       0    200     53      -     98     58      0      0      0      0  14801   2790  15026     13      0 
 07:26:19       0    200     53      -     98     57      0      0      0      0  14801   2790  15026     13      0 
 07:26:24       0    200     53      -     98     58      0      0      0      0  14801   2790  15026     13      0 
 07:26:29       0    200     53      -     98     58      0      0      0      0  14801   2790  15026     13      0 
 07:26:34       0    200     53      -     98     58      0      0      0      0  14801   2790  15026     13      0 
 07:26:39       0    201     53      -     98     58      0      0      0      0  14801   2790  15026     13      0 
 07:26:44       0    201     53      -     98     58      0      0      0      0  14801   2790  15026     13      0 
 07:26:49       0    201     53      -     98     58      0      0      0      0  14801   2790  15026     13      0 
 07:26:54       0    201     53      -     98     58      0      0      0      0  14801   2790  15026     13      0 
 07:26:59       0    201     53      -     98     58      0      0      0      0  14801   2790  15026     13      0 
 07:27:04       0    201     53      -     98     58      0      0      0      0  14801   2790  15026     13      0 
 07:27:09       0    201     53      -     98     58      0      0      0      0  14801   2790  15026     13      0 
 07:27:14       0    201     53      -     98     58      0      0      0      0  14801   2790  15026     13      0 
 07:27:19       0    201     53      -     98     58      0      0      0      0  14801   2790  15026     13      0 
 07:27:24       0    201     53      -     98     58      0      0      0      0  14801   2790  15026     13      0 
 07:27:29       0    201     54      -     98     58      0      0      0      0  14801   2790  15026     13      0 
 07:27:34       0    201     54      -     98     58      0      0      0      0  14801   2790  15026     13      0 
#Time         gpu    pwr  gtemp  mtemp     sm    mem    enc    dec    jpg    ofa   mclk   pclk     fb   bar1   ccpm 
#HH:MM:SS     Idx      W      C      C      %      %      %      %      %      %    MHz    MHz     MB     MB     MB 
 07:27:39       0    140     52      -     99     40      0      0      0      0  14801   2797  15034     13      0 
 07:27:44       0    179     52      -     98     48      0      0      0      0  14801   2782  15034     13      0 
 07:27:49       0    172     51      -     98     46      0      0      0      0  14801   2797  15034     13      0 
 07:27:54       0    277     60      -    100     24      0      0      0      0  14801   2812  15694     13      0 
 07:27:59       0    273     62      -    100     11      0      0      0      0  14801   2797  15690     13      0 
 07:28:04       0    275     60      -    100     20      0      0      0      0  14801   2805  15690     13      0 
 07:28:09       0    267     60      -    100     25      0      0      0      0  14801   2812  15694     13      0 
 07:28:14       0    276     59      -    100     19      0      0      0      0  14801   2812  15694     13      0 
 07:28:19       0    276     60      -    100      9      0      0      0      0  14801   2812  15690     13      0 
 07:28:24       0    276     59      -    100     23      0      0      0      0  14801   2805  15690     13      0 
 07:28:29       0    279     59      -    100     16      0      0      0      0  14801   2812  15692     13      0 
 07:28:34       0    276     61      -    100     16      0      0      0      0  14801   2812  15692     13      0 
 07:28:39       0    275     61      -    100      0      0      0      0      0  14801   2805  15690     13      0 
 07:28:44       0    272     59      -    100     11      0      0      0      0  14801   2805  15690     13      0 
 07:28:49       0    202     52      -     98     58      0      0      0      0  14801   2797  15690     13      0 
 07:28:54       0    202     52      -     98     58      0      0      0      0  14801   2797  15690     13      0 
 07:28:59       0    202     51      -     98     58      0      0      0      0  14801   2797  15690     13      0 
 07:29:04       0    201     51      -     98     58      0      0      0      0  14801   2797  15690     13      0 
 07:29:09       0    202     51      -     98     58      0      0      0      0  14801   2797  15690     13      0 
 07:29:15       0    202     51      -     98     58      0      0      0      0  14801   2797  15690     13      0 
 07:29:20       0    202     50      -     98     58      0      0      0      0  14801   2797  15690     13      0 
 07:29:25       0    201     50      -     98     58      0      0      0      0  14801   2797  15690     13      0 
 07:29:30       0    201     50      -     98     58      0      0      0      0  14801   2797  15690     13      0 
 07:29:35       0    201     50      -     98     58      0      0      0      0  14801   2797  15690     13      0 
 07:29:40       0    201     50      -     98     58      0      0      0      0  14801   2797  15690     13      0 
 07:29:45       0    201     50      -     98     58      0      0      0      0  14801   2797  15690     13      0 
 07:29:50       0    201     50      -     98     58      0      0      0      0  14801   2797  15690     13      0 
 07:29:55       0    201     50      -     98     58      0      0      0      0  14801   2797  15690     13      0 
 07:30:00       0    201     50      -     98     58      0      0      0      0  14801   2797  15690     13      0 
 07:30:05       0    201     50      -     98     58      0      0      0      0  14801   2797  15690     13      0 
 07:30:10       0    201     50      -     98     58      0      0      0      0  14801   2797  15690     13      0 
 07:30:15       0    201     50      -     98     58      0      0      0      0  14801   2797  15690     13      0 
 07:30:20       0    201     50      -     98     58      0      0      0      0  14801   2797  15690     13      0 
 07:30:25       0    201     50      -     98     58      0      0      0      0  14801   2797  15690     13      0 
 07:30:30       0    201     50      -     98     58      0      0      0      0  14801   2797  15004     13      0 
 07:30:35       0    201     50      -     98     58      0      0      0      0  14801   2797  15004     13      0 
 07:30:40       0    202     50      -     98     58      0      0      0      0  14801   2797  15004     13      0 
 07:30:45       0    202     50      -     98     58      0      0      0      0  14801   2797  15004     13      0 
 07:30:50       0    202     50      -     98     59      0      0      0      0  14801   2797  15004     13      0 
 07:30:55       0    202     51      -     98     58      0      0      0      0  14801   2797  15004     13      0 
 07:31:00       0    202     51      -     98     59      0      0      0      0  14801   2797  15004     13      0 
 07:31:05       0    202     51      -     98     59      0      0      0      0  14801   2797  15004     13      0 
 07:31:10       0    202     51      -     98     59      0      0      0      0  14801   2797  15004     13      0 
 07:31:15       0    202     51      -     98     59      0      0      0      0  14801   2797  15004     13      0 
#Time         gpu    pwr  gtemp  mtemp     sm    mem    enc    dec    jpg    ofa   mclk   pclk     fb   bar1   ccpm 
#HH:MM:SS     Idx      W      C      C      %      %      %      %      %      %    MHz    MHz     MB     MB     MB 
 07:31:20       0    202     51      -     98     59      0      0      0      0  14801   2797  15004     13      0 
 07:31:25       0    202     51      -     98     59      0      0      0      0  14801   2797  15004     13      0 
 07:31:30       0    202     51      -     98     59      0      0      0      0  14801   2797  15004     13      0 
 07:31:35       0    202     51      -     98     59      0      0      0      0  14801   2797  15004     13      0 
 07:31:40       0    202     51      -     98     59      0      0      0      0  14801   2797  15004     13      0 
 07:31:45       0    202     51      -     98     59      0      0      0      0  14801   2797  15004     13      0 
 07:31:50       0    202     51      -     98     59      0      0      0      0  14801   2797  15004     13      0 
 07:31:55       0    202     51      -     98     59      0      0      0      0  14801   2797  15004     13      0 
 07:32:00       0    203     52      -     98     59      0      0      0      0  14801   2797  15004     13      0 
 07:32:05       0    203     52      -     98     59      0      0      0      0  14801   2797  15004     13      0 
 07:32:10       0    203     52      -     98     59      0      0      0      0  14801   2797  15004     13      0 
 07:32:15       0    203     52      -     98     59      0      0      0      0  14801   2797  15004     13      0 
 07:32:20       0    203     52      -     98     59      0      0      0      0  14801   2797  15004     13      0 
 07:32:25       0    203     52      -     98     59      0      0      0      0  14801   2797  15004     13      0 
 07:32:30       0    203     52      -     98     59      0      0      0      0  14801   2797  15004     13      0 
 07:32:35       0    203     52      -     98     59      0      0      0      0  14801   2797  15004     13      0 
 07:32:40       0    203     52      -     98     59      0      0      0      0  14801   2797  15004     13      0 
 07:32:45       0    203     52      -     98     59      0      0      0      0  14801   2797  15004     13      0 
 07:32:50       0    202     52      -     98     58      0      0      0      0  14801   2797  15004     13      0 
 07:32:55       0    202     52      -     97     58      0      0      0      0  14801   2797  15004     13      0 
 07:33:00       0    202     52      -     98     58      0      0      0      0  14801   2797  15004     13      0 
 07:33:05       0    202     53      -     97     58      0      0      0      0  14801   2797  15004     13      0 
 07:33:10       0    202     53      -     98     58      0      0      0      0  14801   2797  15004     13      0 
 07:33:15       0    202     53      -     98     58      0      0      0      0  14801   2790  15004     13      0 
 07:33:20       0    202     53      -     98     58      0      0      0      0  14801   2790  15004     13      0 
 07:33:25       0    202     53      -     98     58      0      0      0      0  14801   2790  15004     13      0 
 07:33:30       0    202     53      -     97     58      0      0      0      0  14801   2790  15004     13      0 
 07:33:35       0    203     53      -     97     58      0      0      0      0  14801   2790  15004     13      0 
 07:33:40       0    203     53      -     97     58      0      0      0      0  14801   2790  15004     13      0 
 07:33:45       0    203     54      -     97     58      0      0      0      0  14801   2790  15004     13      0 
 07:33:50       0    203     54      -     97     58      0      0      0      0  14801   2790  15004     13      0 
 07:33:55       0    203     54      -     97     58      0      0      0      0  14801   2790  15004     13      0 
 07:34:00       0    203     54      -     98     58      0      0      0      0  14801   2790  15004     13      0 
 07:34:05       0    204     54      -     97     58      0      0      0      0  14801   2790  15004     13      0 
 07:34:10       0    204     54      -     98     58      0      0      0      0  14801   2790  15004     13      0 
 07:34:15       0    204     54      -     98     59      0      0      0      0  14801   2790  15004     13      0 
 07:34:20       0    204     54      -     98     58      0      0      0      0  14801   2790  15004     13      0 
 07:34:25       0    204     54      -     98     58      0      0      0      0  14801   2790  15004     13      0 
 07:34:30       0    204     54      -     97     58      0      0      0      0  14801   2790  15004     13      0 
 07:34:35       0    205     55      -     98     59      0      0      0      0  14801   2790  15004     13      0 
 07:34:40       0    205     55      -     98     59      0      0      0      0  14801   2790  15004     13      0 
 07:34:45       0    205     55      -     98     58      0      0      0      0  14801   2790  15004     13      0 
 07:34:50       0    205     55      -     98     59      0      0      0      0  14801   2790  15004     13      0 
 07:34:55       0    278     61      -    100     16      0      0      0      0  14801   2797  15650     13      0 
#Time         gpu    pwr  gtemp  mtemp     sm    mem    enc    dec    jpg    ofa   mclk   pclk     fb   bar1   ccpm 
#HH:MM:SS     Idx      W      C      C      %      %      %      %      %      %    MHz    MHz     MB     MB     MB 
 07:35:00       0    277     63      -    100     15      0      0      0      0  14801   2805  15690     13      0 
 07:35:05       0    276     63      -    100      3      0      0      0      0  14801   2805  15690     13      0 
 07:35:10       0    186     54      -     98     50      0      0      0      0  14801   2782  15690     13      0 
 07:35:15       0    280     61      -    100     24      0      0      0      0  14801   2805  15692     13      0 
 07:35:20       0    279     61      -    100     15      0      0      0      0  14801   2805  15690     13      0 
 07:35:25       0    277     60      -    100     25      0      0      0      0  14801   2805  15690     13      0 
 07:35:30       0    181     52      -     98     49      0      0      0      0  14801   2790  15690     13      0 
 07:35:35       0    180     52      -     98     54      0      0      0      0  14801   2797  15690     13      0 
 07:35:40       0    178     51      -     98     51      0      0      0      0  14801   2797  15690     13      0 
 07:35:45       0    202     51      -     98     58      0      0      0      0  14801   2797  15690     13      0 
 07:35:50       0    202     51      -     98     58      0      0      0      0  14801   2797  15690     13      0 
 07:35:55       0    202     51      -     98     58      0      0      0      0  14801   2797  15690     13      0 
 07:36:00       0    201     51      -     98     58      0      0      0      0  14801   2797  15690     13      0 
 07:36:05       0    201     50      -     98     58      0      0      0      0  14801   2797  15690     13      0 
 07:36:10       0    201     50      -     98     58      0      0      0      0  14801   2797  15690     13      0 
 07:36:15       0    201     50      -     98     58      0      0      0      0  14801   2797  15690     13      0 
 07:36:20       0    201     50      -     98     58      0      0      0      0  14801   2797  15690     13      0 
 07:36:25       0    201     50      -     98     58      0      0      0      0  14801   2797  15690     13      0 
 07:36:30       0    201     50      -     98     58      0      0      0      0  14801   2797  15690     13      0 
 07:36:35       0    201     50      -     98     58      0      0      0      0  14801   2797  15690     13      0 
 07:36:40       0    201     50      -     98     58      0      0      0      0  14801   2797  15690     13      0 
 07:36:45       0    201     50      -     98     58      0      0      0      0  14801   2797  15690     13      0 
 07:36:50       0    201     50      -     98     58      0      0      0      0  14801   2797  15690     13      0 
 07:36:55       0    201     50      -     98     58      0      0      0      0  14801   2797  15690     13      0 
 07:37:00       0    201     50      -     98     58      0      0      0      0  14801   2797  15690     13      0 
 07:37:05       0    201     50      -     98     58      0      0      0      0  14801   2797  15690     13      0 
 07:37:10       0    201     50      -     98     58      0      0      0      0  14801   2797  15690     13      0 
 07:37:15       0    201     50      -     98     58      0      0      0      0  14801   2797  15004     13      0 
 07:37:20       0    201     50      -     98     58      0      0      0      0  14801   2797  15004     13      0 
 07:37:25       0    201     50      -     98     58      0      0      0      0  14801   2797  15004     13      0 
 07:37:30       0    201     51      -     98     58      0      0      0      0  14801   2797  15004     13      0 
 07:37:35       0    201     51      -     98     58      0      0      0      0  14801   2797  15004     13      0 
 07:37:40       0    201     51      -     98     58      0      0      0      0  14801   2797  15004     13      0 
 07:37:45       0    202     51      -     98     58      0      0      0      0  14801   2797  15004     13      0 
 07:37:50       0    201     51      -     98     58      0      0      0      0  14801   2797  15004     13      0 
 07:37:55       0    201     51      -     98     58      0      0      0      0  14801   2797  15004     13      0 
 07:38:00       0    202     51      -     98     58      0      0      0      0  14801   2797  15004     13      0 
 07:38:05       0    202     51      -     98     58      0      0      0      0  14801   2797  15004     13      0 
 07:38:10       0    202     51      -     98     59      0      0      0      0  14801   2797  15004     13      0 
 07:38:15       0    202     51      -     98     59      0      0      0      0  14801   2797  15004     13      0 
 07:38:20       0    202     51      -     98     59      0      0      0      0  14801   2797  15004     13      0 
 07:38:25       0    202     51      -     98     58      0      0      0      0  14801   2797  15004     13      0 
 07:38:30       0    202     52      -     98     58      0      0      0      0  14801   2797  15004     13      0 
 07:38:35       0    202     52      -     98     58      0      0      0      0  14801   2797  15004     13      0 
#Time         gpu    pwr  gtemp  mtemp     sm    mem    enc    dec    jpg    ofa   mclk   pclk     fb   bar1   ccpm 
#HH:MM:SS     Idx      W      C      C      %      %      %      %      %      %    MHz    MHz     MB     MB     MB 
 07:38:40       0    202     52      -     98     59      0      0      0      0  14801   2797  15004     13      0 
 07:38:45       0    202     52      -     98     58      0      0      0      0  14801   2797  15004     13      0 
 07:38:50       0    203     52      -     98     58      0      0      0      0  14801   2797  15004     13      0 
 07:38:55       0    203     52      -     98     59      0      0      0      0  14801   2797  15004     13      0 
 07:39:00       0    203     52      -     98     59      0      0      0      0  14801   2797  15004     13      0 
 07:39:05       0    203     52      -     98     59      0      0      0      0  14801   2797  15004     13      0 
 07:39:10       0    203     52      -     98     58      0      0      0      0  14801   2797  15004     13      0 
 07:39:15       0    203     52      -     98     59      0      0      0      0  14801   2790  15004     13      0 
 07:39:20       0    203     52      -     98     58      0      0      0      0  14801   2790  15004     13      0 
 07:39:25       0    203     52      -     98     59      0      0      0      0  14801   2790  15004     13      0 
 07:39:30       0    203     52      -     98     58      0      0      0      0  14801   2790  15004     13      0 
 07:39:35       0    203     53      -     98     59      0      0      0      0  14801   2790  15004     13      0 
 07:39:40       0    203     53      -     98     59      0      0      0      0  14801   2790  15004     13      0 
 07:39:45       0    203     53      -     98     59      0      0      0      0  14801   2790  15004     13      0 
 07:39:50       0    203     53      -     98     59      0      0      0      0  14801   2790  15004     13      0 
 07:39:55       0    203     53      -     98     59      0      0      0      0  14801   2790  15004     13      0 
 07:40:00       0    203     53      -     98     59      0      0      0      0  14801   2790  15004     13      0 
 07:40:05       0    203     53      -     98     59      0      0      0      0  14801   2790  15004     13      0 
 07:40:10       0    204     53      -     98     59      0      0      0      0  14801   2790  15004     13      0 
 07:40:15       0    203     53      -     98     59      0      0      0      0  14801   2790  15004     13      0 
 07:40:20       0    204     53      -     98     59      0      0      0      0  14801   2790  15004     13      0 
 07:40:25       0    204     53      -     98     59      0      0      0      0  14801   2790  15004     13      0 
 07:40:30       0    204     53      -     98     59      0      0      0      0  14801   2790  15004     13      0 
 07:40:35       0    204     53      -     98     59      0      0      0      0  14801   2790  15004     13      0 
 07:40:40       0    204     53      -     98     59      0      0      0      0  14801   2790  15004     13      0 
 07:40:45       0    204     53      -     98     59      0      0      0      0  14801   2790  15004     13      0 
 07:40:50       0    204     53      -     98     59      0      0      0      0  14801   2790  15004     13      0 
 07:40:55       0    204     53      -     98     59      0      0      0      0  14801   2790  15004     13      0 
 07:41:00       0    204     53      -     98     59      0      0      0      0  14801   2790  15004     13      0 
 07:41:05       0    204     54      -     98     59      0      0      0      0  14801   2790  15004     13      0 
 07:41:10       0    204     54      -     98     59      0      0      0      0  14801   2790  15004     13      0 
 07:41:15       0    204     54      -     98     59      0      0      0      0  14801   2790  15004     13      0 
 07:41:20       0    205     54      -     98     59      0      0      0      0  14801   2790  15004     13      0 
 07:41:25       0    205     54      -     98     59      0      0      0      0  14801   2790  15004     13      0 
 07:41:30       0    205     54      -     98     59      0      0      0      0  14801   2790  15004     13      0 
 07:41:35       0    205     54      -     98     59      0      0      0      0  14801   2790  15004     13      0 
 07:41:40       0    278     61      -    100     24      0      0      0      0  14801   2805  15650     13      0 
 07:41:45       0    274     63      -    100     11      0      0      0      0  14801   2805  15690     13      0 
 07:41:50       0    276     60      -    100     20      0      0      0      0  14801   2805  15690     13      0 
 07:41:55       0    181     53      -     98     49      0      0      0      0  14801   2790  15690     13      0 
 07:42:00       0    278     60      -    100     23      0      0      0      0  14801   2812  15692     13      0 
 07:42:05       0    278     59      -    100     15      0      0      0      0  14801   2805  15690     13      0 
 07:42:10       0    277     60      -    100     21      0      0      0      0  14801   2805  15690     13      0 
 07:42:15       0    180     52      -     98     47      0      0      0      0  14801   2790  15690     13      0 
#Time         gpu    pwr  gtemp  mtemp     sm    mem    enc    dec    jpg    ofa   mclk   pclk     fb   bar1   ccpm 
#HH:MM:SS     Idx      W      C      C      %      %      %      %      %      %    MHz    MHz     MB     MB     MB 
 07:42:20       0    181     51      -     98     49      0      0      0      0  14801   2797  15690     13      0 
 07:42:25       0    176     51      -     98     48      0      0      0      0  14801   2797  15690     13      0 
 07:42:30       0    179     50      -     98     47      0      0      0      0  14801   2797  15690     13      0 
 07:42:35       0    277     57      -    100     16      0      0      0      0  14801   2812  15692     13      0 
 07:42:40       0    276     58      -    100      0      0      0      0      0  14801   2820  15692     13      0 
 07:42:45       0    277     58      -    100     14      0      0      0      0  14801   2805  15690     13      0 
 07:42:50       0    250     50      -    100      1      0      0      0      0  14801   2805  15692     13      0 
 07:42:55       0    276     57      -    100     18      0      0      0      0  14801   2812  15692     13      0 
 07:43:00       0    275     61      -    100     23      0      0      0      0  14801   2820  15692     13      0 
 07:43:05       0    276     58      -    100     22      0      0      0      0  14801   2812  15690     13      0 
 07:43:10       0    271     58      -    100      3      0      0      0      0  14801   2797  15690     13      0 
 07:43:15       0    276     61      -    100     16      0      0      0      0  14801   2812  15692     13      0 
 07:43:20       0    274     61      -    100     23      0      0      0      0  14801   2812  15690     13      0 
 07:43:26       0    275     61      -    100      3      0      0      0      0  14801   2805  15690     13      0 
 07:43:31       0    265     61      -    100     18      0      0      0      0  14801   2812  15690     13      0 
 07:43:36       0    261     59      -    100      2      0      0      0      0  14801   2812  15668     13      0 
 07:43:41       0    262     60      -    100      1      0      0      0      0  14801   2812  15668     13      0 
 07:43:46       0    262     60      -    100     14      0      0      0      0  14801   2812  15668     13      0 
 07:43:51       0    261     60      -    100     15      0      0      0      0  14801   2812  15668     13      0 
 07:43:56       0    259     61      -    100      1      0      0      0      0  14801   2812  15672     13      0 
 07:44:01       0    260     60      -    100      1      0      0      0      0  14801   2812  15672     13      0 
 07:44:06       0    163     47      -     99     48      0      0      0      0  14801   2835  15650     13      0 
 07:44:11       0     47     44      -      0      0      0      0      0      0  14801   2692  15650     13      0 
