#Time         gpu    pwr  gtemp  mtemp     sm    mem    enc    dec    jpg    ofa   mclk   pclk     fb   bar1   ccpm 
#HH:MM:SS     Idx      W      C      C      %      %      %      %      %      %    MHz    MHz     MB     MB     MB 
 08:52:36       0     15     41      -      0      6      0      0      0      0    405    195     10     10      0 
 08:52:41       0     15     40      -      0      6      0      0      0      0    405    195     10     10      0 
 08:52:46       0     18     41      -      1      0      0      0      0      0  14801    487    348     13      0 
 08:52:51       0     47     42      -      0      0      0      0      0      0  14801   2692   2680     13      0 
 08:52:56       0    270     56      -    100     21      0      0      0      0  14801   2812  15064     13      0 
 08:53:01       0     49     43      -      0      0      0      0      0      0  14801   2835  15710     13      0 
 08:53:06       0     47     43      -      0      0      0      0      0      0  14801   2692  15710     13      0 
 08:53:11       0     47     43      -      0      0      0      0      0      0  14801   2692  15710     13      0 
 08:53:16       0     47     43      -      0      0      0      0      0      0  14801   2692  15710     13      0 
 08:53:21       0    141     49      -     98     57      0      0      0      0  14801   2820  15712     13      0 
 08:53:26       0    234     56      -    100     19      0      0      0      0  14801   2820  15732     13      0 
 08:53:31       0    274     58      -    100     15      0      0      0      0  14801   2812  15732     13      0 
 08:53:36       0    274     59      -    100      0      0      0      0      0  14801   2805  15690     13      0 
 08:53:41       0    274     58      -    100      1      0      0      0      0  14801   2812  15690     13      0 
 08:53:46       0    261     59      -    100      2      0      0      0      0  14801   2812  15690     13      0 
 08:53:51       0    259     60      -    100      8      0      0      0      0  14801   2812  15668     13      0 
 08:53:56       0    257     60      -    100      2      0      0      0      0  14801   2812  15668     13      0 
 08:54:01       0    259     60      -    100     17      0      0      0      0  14801   2812  15668     13      0 
 08:54:06       0    257     60      -    100      2      0      0      0      0  14801   2812  15668     13      0 
 08:54:11       0    257     58      -    100      2      0      0      0      0  14801   2812  15672     13      0 
 08:54:16       0    258     61      -    100      2      0      0      0      0  14801   2812  15672     13      0 
 08:54:21       0    260     61      -    100      2      0      0      0      0  14801   2812  15672     13      0 
 08:54:26       0    257     61      -    100      2      0      0      0      0  14801   2812  15672     13      0 
 08:54:31       0    257     58      -    100     14      0      0      0      0  14801   2812  15672     13      0 
 08:54:36       0    257     61      -    100      2      0      0      0      0  14801   2812  15692     13      0 
 08:54:41       0    257     60      -    100     11      0      0      0      0  14801   2812  15692     13      0 
 08:54:46       0    258     61      -    100      2      0      0      0      0  14801   2812  15692     13      0 
 08:54:51       0    257     60      -    100     14      0      0      0      0  14801   2812  15692     13      0 
 08:54:56       0    256     61      -    100      2      0      0      0      0  14801   2812  15692     13      0 
 08:55:01       0    256     61      -    100      2      0      0      0      0  14801   2812  15692     13      0 
 08:55:06       0    257     61      -    100      2      0      0      0      0  14801   2812  15692     13      0 
 08:55:11       0    255     57      -    100      9      0      0      0      0  14801   2812  15688     13      0 
 08:55:16       0    257     61      -    100      2      0      0      0      0  14801   2812  15688     13      0 
 08:55:22       0    257     61      -    100      2      0      0      0      0  14801   2812  15688     13      0 
 08:55:27       0    256     58      -    100     16      0      0      0      0  14801   2812  15688     13      0 
 08:55:32       0    258     60      -    100      7      0      0      0      0  14801   2812  15688     13      0 
 08:55:37       0    256     60      -    100      2      0      0      0      0  14801   2812  15688     13      0 
 08:55:42       0    256     58      -    100     21      0      0      0      0  14801   2812  15688     13      0 
 08:55:47       0    256     60      -    100      2      0      0      0      0  14801   2812  15668     13      0 
 08:55:52       0    257     60      -    100      2      0      0      0      0  14801   2812  15668     13      0 
 08:55:57       0    257     60      -    100      7      0      0      0      0  14801   2812  15668     13      0 
 08:56:02       0    255     60      -    100      2      0      0      0      0  14801   2812  15668     13      0 
 08:56:07       0    258     60      -    100      2      0      0      0      0  14801   2812  15668     13      0 
 08:56:12       0    255     60      -    100      2      0      0      0      0  14801   2812  15668     13      0 
#Time         gpu    pwr  gtemp  mtemp     sm    mem    enc    dec    jpg    ofa   mclk   pclk     fb   bar1   ccpm 
#HH:MM:SS     Idx      W      C      C      %      %      %      %      %      %    MHz    MHz     MB     MB     MB 
 08:56:17       0    254     60      -    100      2      0      0      0      0  14801   2812  15668     13      0 
 08:56:22       0    255     60      -    100      2      0      0      0      0  14801   2782  15668     13      0 
 08:56:27       0    255     60      -    100     15      0      0      0      0  14801   2812  15668     13      0 
 08:56:32       0    255     60      -    100     18      0      0      0      0  14801   2812  15668     13      0 
 08:56:37       0    255     60      -    100     21      0      0      0      0  14801   2782  15668     13      0 
 08:56:42       0    256     60      -    100     16      0      0      0      0  14801   2812  15668     13      0 
 08:56:47       0    255     60      -    100      2      0      0      0      0  14801   2812  15668     13      0 
 08:56:52       0    255     60      -    100      2      0      0      0      0  14801   2812  15668     13      0 
 08:56:57       0    255     60      -    100      2      0      0      0      0  14801   2812  15668     13      0 
 08:57:02       0    256     60      -    100     22      0      0      0      0  14801   2812  15668     13      0 
 08:57:07       0    255     60      -    100      2      0      0      0      0  14801   2812  15668     13      0 
 08:57:12       0    254     60      -    100      2      0      0      0      0  14801   2812  15668     13      0 
 08:57:17       0    254     60      -    100      2      0      0      0      0  14801   2812  15668     13      0 
 08:57:22       0    254     60      -    100      2      0      0      0      0  14801   2812  15652     13      0 
 08:57:27       0    255     60      -    100      2      0      0      0      0  14801   2812  15692     13      0 
 08:57:32       0    254     60      -    100     11      0      0      0      0  14801   2812  15692     13      0 
 08:57:37       0    254     60      -    100      2      0      0      0      0  14801   2812  15692     13      0 
 08:57:42       0    255     60      -    100      2      0      0      0      0  14801   2812  15692     13      0 
 08:57:47       0    254     60      -    100     17      0      0      0      0  14801   2812  15692     13      0 
 08:57:52       0    253     60      -    100      2      0      0      0      0  14801   2782  15692     13      0 
 08:57:57       0    256     60      -    100      2      0      0      0      0  14801   2812  15692     13      0 
 08:58:02       0    252     55      -    100      2      0      0      0      0  14801   2812  15692     13      0 
 08:58:07       0    254     58      -    100      2      0      0      0      0  14801   2812  15692     13      0 
 08:58:12       0    254     59      -    100      2      0      0      0      0  14801   2812  15692     13      0 
 08:58:17       0    255     60      -    100      2      0      0      0      0  14801   2812  15692     13      0 
 08:58:22       0    254     60      -    100      2      0      0      0      0  14801   2812  15692     13      0 
 08:58:27       0    253     59      -    100      2      0      0      0      0  14801   2812  15692     13      0 
 08:58:32       0    252     59      -    100      2      0      0      0      0  14801   2805  15692     13      0 
 08:58:37       0    254     60      -    100      2      0      0      0      0  14801   2812  15692     13      0 
 08:58:42       0    257     60      -    100      2      0      0      0      0  14801   2812  15692     13      0 
 08:58:47       0    254     60      -    100      2      0      0      0      0  14801   2812  15692     13      0 
 08:58:52       0    253     60      -    100     11      0      0      0      0  14801   2812  15692     13      0 
 08:58:57       0    254     60      -    100      2      0      0      0      0  14801   2812  15692     13      0 
 08:59:02       0    253     59      -    100      2      0      0      0      0  14801   2812  15692     13      0 
 08:59:07       0    253     60      -    100      2      0      0      0      0  14801   2812  15692     13      0 
 08:59:12       0    254     60      -    100      7      0      0      0      0  14801   2812  15692     13      0 
 08:59:17       0    253     60      -    100      2      0      0      0      0  14801   2812  15692     13      0 
 08:59:22       0    256     60      -    100      2      0      0      0      0  14801   2782  15632     13      0 
 08:59:27       0    253     60      -    100     22      0      0      0      0  14801   2812  15672     13      0 
 08:59:32       0    252     60      -    100      2      0      0      0      0  14801   2812  15672     13      0 
 08:59:37       0    254     60      -    100      2      0      0      0      0  14801   2812  15672     13      0 
 08:59:42       0    253     60      -    100      2      0      0      0      0  14801   2812  15672     13      0 
 08:59:47       0    254     60      -    100      2      0      0      0      0  14801   2812  15672     13      0 
 08:59:52       0    253     60      -    100      2      0      0      0      0  14801   2812  15672     13      0 
#Time         gpu    pwr  gtemp  mtemp     sm    mem    enc    dec    jpg    ofa   mclk   pclk     fb   bar1   ccpm 
#HH:MM:SS     Idx      W      C      C      %      %      %      %      %      %    MHz    MHz     MB     MB     MB 
 08:59:57       0    252     60      -    100      2      0      0      0      0  14801   2812  15672     13      0 
 09:00:02       0    253     60      -    100      2      0      0      0      0  14801   2812  15672     13      0 
 09:00:07       0    252     60      -    100      2      0      0      0      0  14801   2812  15672     13      0 
 09:00:12       0    250     55      -    100      2      0      0      0      0  14801   2812  15672     13      0 
 09:00:17       0    252     60      -    100      9      0      0      0      0  14801   2812  15672     13      0 
 09:00:22       0    257     60      -    100      2      0      0      0      0  14801   2812  15672     13      0 
 09:00:27       0    252     59      -    100      2      0      0      0      0  14801   2812  15672     13      0 
 09:00:32       0    252     60      -    100     22      0      0      0      0  14801   2812  15672     13      0 
 09:00:37       0    256     60      -    100      2      0      0      0      0  14801   2812  15672     13      0 
 09:00:42       0    250     55      -    100      2      0      0      0      0  14801   2812  15672     13      0 
 09:00:47       0    258     60      -    100      2      0      0      0      0  14801   2812  15672     13      0 
 09:00:52       0    256     60      -    100      2      0      0      0      0  14801   2812  15672     13      0 
 09:00:57       0    254     59      -    100      8      0      0      0      0  14801   2812  15672     13      0 
 09:01:02       0    251     60      -    100      2      0      0      0      0  14801   2812  15672     13      0 
 09:01:07       0    253     60      -    100      2      0      0      0      0  14801   2812  15672     13      0 
 09:01:12       0    256     60      -    100      2      0      0      0      0  14801   2812  15672     13      0 
 09:01:17       0    255     60      -    100      2      0      0      0      0  14801   2782  15672     13      0 
 09:01:22       0    252     59      -    100     14      0      0      0      0  14801   2812  15672     13      0 
 09:01:27       0    252     60      -    100      2      0      0      0      0  14801   2812  15672     13      0 
 09:01:32       0    252     60      -    100      2      0      0      0      0  14801   2812  15672     13      0 
 09:01:37       0    252     60      -    100      2      0      0      0      0  14801   2812  15672     13      0 
 09:01:42       0    252     60      -    100      2      0      0      0      0  14801   2812  15672     13      0 
 09:01:47       0    251     60      -    100      2      0      0      0      0  14801   2812  15690     13      0 
 09:01:52       0    258     60      -    100      2      0      0      0      0  14801   2812  15690     13      0 
 09:01:57       0    257     60      -    100      2      0      0      0      0  14801   2812  15690     13      0 
 09:02:02       0    254     60      -    100      2      0      0      0      0  14801   2782  15690     13      0 
 09:02:07       0    255     60      -    100      2      0      0      0      0  14801   2812  15690     13      0 
 09:02:12       0    256     60      -    100      2      0      0      0      0  14801   2812  15690     13      0 
 09:02:17       0    256     60      -    100      2      0      0      0      0  14801   2812  15690     13      0 
 09:02:22       0    256     60      -    100      2      0      0      0      0  14801   2812  15690     13      0 
 09:02:27       0    252     60      -    100      2      0      0      0      0  14801   2812  15690     13      0 
 09:02:32       0    250     60      -    100      2      0      0      0      0  14801   2782  15690     13      0 
 09:02:37       0    251     60      -    100      2      0      0      0      0  14801   2812  15690     13      0 
 09:02:42       0    251     60      -    100      2      0      0      0      0  14801   2812  15690     13      0 
 09:02:47       0    251     60      -    100      2      0      0      0      0  14801   2812  15690     13      0 
 09:02:52       0    251     60      -    100      2      0      0      0      0  14801   2812  15690     13      0 
 09:02:57       0    251     59      -    100      8      0      0      0      0  14801   2812  15690     13      0 
 09:03:02       0    248     55      -    100      3      0      0      0      0  14801   2812  15690     13      0 
 09:03:07       0    255     60      -    100      2      0      0      0      0  14801   2812  15654     13      0 
 09:03:12       0    255     60      -    100      2      0      0      0      0  14801   2812  15694     13      0 
 09:03:17       0    251     60      -    100      2      0      0      0      0  14801   2782  15694     13      0 
 09:03:22       0    251     60      -    100      2      0      0      0      0  14801   2812  15694     13      0 
 09:03:27       0    252     59      -    100      2      0      0      0      0  14801   2812  15694     13      0 
 09:03:32       0    255     60      -    100      2      0      0      0      0  14801   2812  15694     13      0 
#Time         gpu    pwr  gtemp  mtemp     sm    mem    enc    dec    jpg    ofa   mclk   pclk     fb   bar1   ccpm 
#HH:MM:SS     Idx      W      C      C      %      %      %      %      %      %    MHz    MHz     MB     MB     MB 
 09:03:37       0    253     60      -    100      2      0      0      0      0  14801   2782  15694     13      0 
 09:03:42       0    251     60      -    100      2      0      0      0      0  14801   2812  15694     13      0 
 09:03:47       0    252     60      -    100      2      0      0      0      0  14801   2812  15694     13      0 
 09:03:52       0    249     56      -    100      1      0      0      0      0  14801   2812  15694     13      0 
 09:03:58       0    256     60      -    100      2      0      0      0      0  14801   2812  15694     13      0 
 09:04:03       0    250     60      -    100      2      0      0      0      0  14801   2812  15694     13      0 
 09:04:08       0    251     60      -    100      2      0      0      0      0  14801   2812  15694     13      0 
 09:04:13       0    255     60      -    100      2      0      0      0      0  14801   2812  15694     13      0 
 09:04:18       0    258     60      -    100      2      0      0      0      0  14801   2812  15694     13      0 
 09:04:23       0    251     60      -    100      2      0      0      0      0  14801   2812  15694     13      0 
 09:04:28       0    254     60      -    100      2      0      0      0      0  14801   2812  15694     13      0 
 09:04:33       0    254     60      -    100      2      0      0      0      0  14801   2782  15694     13      0 
 09:04:38       0    250     60      -    100      2      0      0      0      0  14801   2812  15670     13      0 
 09:04:43       0    256     60      -    100      2      0      0      0      0  14801   2812  15670     13      0 
 09:04:48       0    251     60      -    100      2      0      0      0      0  14801   2812  15670     13      0 
 09:04:53       0    249     60      -    100      2      0      0      0      0  14801   2812  15670     13      0 
 09:04:58       0    255     60      -    100      2      0      0      0      0  14801   2812  15670     13      0 
 09:05:03       0    250     60      -    100      2      0      0      0      0  14801   2812  15670     13      0 
 09:05:08       0    251     57      -    100     24      0      0      0      0  14801   2812  15670     13      0 
 09:05:13       0    255     60      -    100      2      0      0      0      0  14801   2812  15670     13      0 
 09:05:18       0    251     60      -    100      2      0      0      0      0  14801   2812  15670     13      0 
 09:05:23       0    255     60      -    100      2      0      0      0      0  14801   2812  15670     13      0 
 09:05:28       0    255     60      -    100      2      0      0      0      0  14801   2812  15670     13      0 
 09:05:33       0    250     60      -    100      2      0      0      0      0  14801   2812  15670     13      0 
 09:05:38       0    256     60      -    100      2      0      0      0      0  14801   2812  15670     13      0 
 09:05:43       0    252     60      -    100      6      0      0      0      0  14801   2812  15670     13      0 
 09:05:48       0    256     60      -    100      2      0      0      0      0  14801   2812  15670     13      0 
 09:05:53       0    251     60      -    100     24      0      0      0      0  14801   2812  15670     13      0 
 09:05:58       0    255     60      -    100      2      0      0      0      0  14801   2812  15670     13      0 
 09:06:03       0    250     60      -    100     14      0      0      0      0  14801   2812  15670     13      0 
 09:06:08       0    256     60      -    100      2      0      0      0      0  14801   2812  15632     13      0 
 09:06:13       0    250     60      -    100     17      0      0      0      0  14801   2812  15672     13      0 
 09:06:18       0    256     60      -    100      2      0      0      0      0  14801   2812  15672     13      0 
 09:06:23       0    249     60      -    100      1      0      0      0      0  14801   2812  15672     13      0 
 09:06:28       0    256     60      -    100      2      0      0      0      0  14801   2812  15672     13      0 
 09:06:33       0    203     52      -     99     57      0      0      0      0  14801   2797  15692     13      0 
 09:06:38       0     48     44      -      0      0      0      0      0      0  14801   2692  15688     13      0 
 09:06:43       0    275     58      -    100     14      0      0      0      0  14801   2812  15688     13      0 
 09:06:48       0    274     60      -    100      0      0      0      0      0  14801   2812  15690     13      0 
 09:06:53       0    273     61      -    100     16      0      0      0      0  14801   2812  15690     13      0 
 09:06:58       0    264     61      -    100     20      0      0      0      0  14801   2812  15690     13      0 
 09:07:03       0    262     60      -    100      8      0      0      0      0  14801   2812  15668     13      0 
 09:07:08       0    262     59      -    100     22      0      0      0      0  14801   2812  15668     13      0 
 09:07:13       0    261     61      -    100      2      0      0      0      0  14801   2812  15668     13      0 
#Time         gpu    pwr  gtemp  mtemp     sm    mem    enc    dec    jpg    ofa   mclk   pclk     fb   bar1   ccpm 
#HH:MM:SS     Idx      W      C      C      %      %      %      %      %      %    MHz    MHz     MB     MB     MB 
 09:07:18       0    259     61      -    100      2      0      0      0      0  14801   2812  15668     13      0 
 09:07:23       0    260     59      -    100     15      0      0      0      0  14801   2812  15672     13      0 
 09:07:28       0    259     61      -    100      2      0      0      0      0  14801   2812  15672     13      0 
 09:07:33       0    259     60      -    100      8      0      0      0      0  14801   2812  15672     13      0 
 09:07:38       0    255     61      -    100     16      0      0      0      0  14801   2812  15672     13      0 
 09:07:43       0    257     61      -    100      2      0      0      0      0  14801   2812  15672     13      0 
 09:07:48       0    257     61      -    100     16      0      0      0      0  14801   2797  15692     13      0 
 09:07:53       0    257     61      -    100      2      0      0      0      0  14801   2797  15692     13      0 
 09:07:58       0    257     61      -    100      2      0      0      0      0  14801   2805  15692     13      0 
 09:08:03       0    256     61      -    100     12      0      0      0      0  14801   2797  15692     13      0 
 09:08:08       0    258     60      -    100      2      0      0      0      0  14801   2805  15692     13      0 
 09:08:13       0    256     61      -    100      2      0      0      0      0  14801   2805  15692     13      0 
 09:08:18       0    256     59      -    100      2      0      0      0      0  14801   2805  15692     13      0 
 09:08:23       0    257     61      -    100     21      0      0      0      0  14801   2812  15688     13      0 
 09:08:28       0    256     61      -    100      2      0      0      0      0  14801   2797  15688     13      0 
 09:08:33       0    256     61      -    100     12      0      0      0      0  14801   2797  15688     13      0 
 09:08:38       0    256     59      -    100      2      0      0      0      0  14801   2805  15688     13      0 
 09:08:43       0    257     61      -    100      2      0      0      0      0  14801   2805  15688     13      0 
 09:08:48       0    257     61      -    100      2      0      0      0      0  14801   2805  15688     13      0 
 09:08:53       0    258     61      -    100      2      0      0      0      0  14801   2812  15688     13      0 
 09:08:58       0    255     60      -    100      2      0      0      0      0  14801   2812  15688     13      0 
 09:09:03       0    257     61      -    100      8      0      0      0      0  14801   2812  15668     13      0 
 09:09:08       0    256     61      -    100      2      0      0      0      0  14801   2812  15668     13      0 
 09:09:13       0    256     61      -    100      2      0      0      0      0  14801   2812  15668     13      0 
 09:09:18       0    256     61      -    100      2      0      0      0      0  14801   2805  15668     13      0 
 09:09:23       0    256     61      -    100     22      0      0      0      0  14801   2812  15668     13      0 
 09:09:28       0    256     61      -    100      2      0      0      0      0  14801   2812  15668     13      0 
 09:09:33       0    257     59      -    100      2      0      0      0      0  14801   2805  15668     13      0 
 09:09:38       0    257     61      -    100      2      0      0      0      0  14801   2812  15668     13      0 
 09:09:43       0    256     61      -    100      2      0      0      0      0  14801   2797  15668     13      0 
 09:09:48       0    256     61      -    100      2      0      0      0      0  14801   2812  15668     13      0 
 09:09:53       0    254     61      -    100      2      0      0      0      0  14801   2812  15668     13      0 
 09:09:58       0    257     60      -    100      2      0      0      0      0  14801   2812  15668     13      0 
 09:10:03       0    257     61      -    100      2      0      0      0      0  14801   2812  15668     13      0 
 09:10:08       0    256     61      -    100      2      0      0      0      0  14801   2797  15668     13      0 
 09:10:13       0    256     61      -    100      2      0      0      0      0  14801   2812  15668     13      0 
 09:10:18       0    257     58      -    100      2      0      0      0      0  14801   2812  15668     13      0 
 09:10:23       0    255     61      -    100      8      0      0      0      0  14801   2797  15668     13      0 
 09:10:28       0    257     60      -    100      2      0      0      0      0  14801   2812  15668     13      0 
 09:10:33       0    256     61      -    100      2      0      0      0      0  14801   2812  15668     13      0 
 09:10:38       0    255     61      -    100      2      0      0      0      0  14801   2812  15692     13      0 
 09:10:43       0    255     61      -    100     16      0      0      0      0  14801   2812  15692     13      0 
 09:10:48       0    259     61      -    100      2      0      0      0      0  14801   2812  15692     13      0 
 09:10:53       0    253     61      -    100      2      0      0      0      0  14801   2812  15692     13      0 
#Time         gpu    pwr  gtemp  mtemp     sm    mem    enc    dec    jpg    ofa   mclk   pclk     fb   bar1   ccpm 
#HH:MM:SS     Idx      W      C      C      %      %      %      %      %      %    MHz    MHz     MB     MB     MB 
 09:10:58       0    255     61      -    100      6      0      0      0      0  14801   2812  15692     13      0 
 09:11:03       0    254     61      -    100      2      0      0      0      0  14801   2767  15692     13      0 
 09:11:08       0    256     61      -    100      2      0      0      0      0  14801   2767  15692     13      0 
 09:11:13       0    254     58      -    100      2      0      0      0      0  14801   2812  15692     13      0 
 09:11:18       0    255     60      -    100      2      0      0      0      0  14801   2812  15692     13      0 
 09:11:23       0    256     61      -    100      2      0      0      0      0  14801   2812  15692     13      0 
 09:11:28       0    254     61      -    100      2      0      0      0      0  14801   2812  15692     13      0 
 09:11:33       0    254     61      -    100      2      0      0      0      0  14801   2812  15692     13      0 
 09:11:38       0    256     61      -    100      2      0      0      0      0  14801   2812  15692     13      0 
 09:11:43       0    254     61      -    100      2      0      0      0      0  14801   2812  15692     13      0 
 09:11:48       0    254     61      -    100      2      0      0      0      0  14801   2812  15692     13      0 
 09:11:53       0    255     61      -    100      2      0      0      0      0  14801   2790  15692     13      0 
 09:11:58       0    254     61      -    100      2      0      0      0      0  14801   2812  15692     13      0 
 09:12:03       0    253     57      -    100     10      0      0      0      0  14801   2812  15692     13      0 
 09:12:08       0    258     61      -    100      2      0      0      0      0  14801   2812  15692     13      0 
 09:12:13       0    253     61      -    100      2      0      0      0      0  14801   2812  15692     13      0 
 09:12:18       0    255     61      -    100      2      0      0      0      0  14801   2812  15692     13      0 
 09:12:23       0    254     60      -    100     20      0      0      0      0  14801   2812  15692     13      0 
 09:12:28       0    254     61      -    100      2      0      0      0      0  14801   2812  15692     13      0 
 09:12:33       0    255     61      -    100      2      0      0      0      0  14801   2805  15692     13      0 
 09:12:38       0    253     57      -    100     10      0      0      0      0  14801   2812  15672     13      0 
 09:12:43       0    255     61      -    100      2      0      0      0      0  14801   2812  15672     13      0 
 09:12:48       0    251     61      -    100      2      0      0      0      0  14801   2812  15672     13      0 
 09:12:53       0    253     61      -    100      2      0      0      0      0  14801   2812  15672     13      0 
 09:12:58       0    254     61      -    100      2      0      0      0      0  14801   2812  15672     13      0 
 09:13:03       0    258     61      -    100      2      0      0      0      0  14801   2812  15672     13      0 
 09:13:08       0    253     61      -    100      2      0      0      0      0  14801   2805  15672     13      0 
 09:13:13       0    259     61      -    100      2      0      0      0      0  14801   2812  15672     13      0 
 09:13:18       0    253     61      -    100      2      0      0      0      0  14801   2812  15672     13      0 
 09:13:23       0    254     61      -    100      2      0      0      0      0  14801   2812  15672     13      0 
 09:13:28       0    247     55      -    100      6      0      0      0      0  14801   2782  15672     13      0 
 09:13:33       0    254     61      -    100      2      0      0      0      0  14801   2812  15672     13      0 
 09:13:38       0    258     61      -    100      2      0      0      0      0  14801   2812  15672     13      0 
 09:13:43       0    251     58      -     96     20      0      0      0      0  14801   2812  15632     13      0 
 09:13:48       0    253     61      -    100      2      0      0      0      0  14801   2812  15672     13      0 
 09:13:53       0    258     61      -    100      2      0      0      0      0  14801   2812  15672     13      0 
 09:13:58       0    253     59      -    100     15      0      0      0      0  14801   2812  15672     13      0 
 09:14:03       0    253     61      -    100      2      0      0      0      0  14801   2812  15672     13      0 
 09:14:08       0    254     61      -    100      2      0      0      0      0  14801   2812  15672     13      0 
 09:14:13       0    257     61      -    100      2      0      0      0      0  14801   2812  15672     13      0 
 09:14:18       0    252     56      -    100      9      0      0      0      0  14801   2812  15672     13      0 
 09:14:23       0    253     61      -    100      2      0      0      0      0  14801   2812  15672     13      0 
 09:14:28       0    253     61      -    100      2      0      0      0      0  14801   2782  15672     13      0 
 09:14:33       0    253     61      -    100      2      0      0      0      0  14801   2812  15672     13      0 
#Time         gpu    pwr  gtemp  mtemp     sm    mem    enc    dec    jpg    ofa   mclk   pclk     fb   bar1   ccpm 
#HH:MM:SS     Idx      W      C      C      %      %      %      %      %      %    MHz    MHz     MB     MB     MB 
 09:14:38       0    260     61      -    100      2      0      0      0      0  14801   2812  15672     13      0 
 09:14:43       0    257     61      -    100      2      0      0      0      0  14801   2812  15672     13      0 
 09:14:48       0    257     61      -    100      2      0      0      0      0  14801   2812  15672     13      0 
 09:14:53       0    250     55      -    100      5      0      0      0      0  14801   2812  15672     13      0 
 09:14:59       0    253     56      -     95     23      0      0      0      0  14801   2812  15650     13      0 
 09:15:04       0    253     61      -    100      2      0      0      0      0  14801   2812  15690     13      0 
 09:15:09       0    254     60      -    100      2      0      0      0      0  14801   2812  15690     13      0 
 09:15:14       0    253     61      -    100      2      0      0      0      0  14801   2812  15690     13      0 
 09:15:19       0    254     61      -    100      2      0      0      0      0  14801   2812  15690     13      0 
 09:15:24       0    253     61      -    100      2      0      0      0      0  14801   2812  15690     13      0 
 09:15:29       0    252     61      -    100      2      0      0      0      0  14801   2812  15690     13      0 
 09:15:34       0    250     61      -    100      2      0      0      0      0  14801   2812  15690     13      0 
 09:15:39       0    252     60      -    100      2      0      0      0      0  14801   2812  15690     13      0 
 09:15:44       0    252     60      -    100      2      0      0      0      0  14801   2812  15690     13      0 
 09:15:49       0    253     59      -    100     16      0      0      0      0  14801   2812  15690     13      0 
 09:15:54       0    251     58      -    100     14      0      0      0      0  14801   2812  15690     13      0 
 09:15:59       0    254     60      -    100      2      0      0      0      0  14801   2782  15690     13      0 
 09:16:04       0    256     61      -    100      2      0      0      0      0  14801   2812  15690     13      0 
 09:16:09       0    255     60      -    100      2      0      0      0      0  14801   2782  15690     13      0 
 09:16:14       0    252     61      -    100      2      0      0      0      0  14801   2812  15690     13      0 
 09:16:19       0    252     61      -    100      2      0      0      0      0  14801   2812  15690     13      0 
 09:16:24       0    252     61      -    100      2      0      0      0      0  14801   2812  15694     13      0 
 09:16:29       0    253     60      -    100      2      0      0      0      0  14801   2812  15694     13      0 
 09:16:34       0    256     61      -    100      2      0      0      0      0  14801   2812  15694     13      0 
 09:16:39       0    257     61      -    100      2      0      0      0      0  14801   2812  15694     13      0 
 09:16:44       0    252     61      -    100      2      0      0      0      0  14801   2812  15694     13      0 
 09:16:49       0    252     61      -    100      2      0      0      0      0  14801   2812  15694     13      0 
 09:16:54       0    251     60      -    100      2      0      0      0      0  14801   2812  15694     13      0 
 09:16:59       0    257     61      -    100      2      0      0      0      0  14801   2812  15694     13      0 
 09:17:04       0    256     61      -    100      2      0      0      0      0  14801   2797  15694     13      0 
 09:17:09       0    252     61      -    100      2      0      0      0      0  14801   2812  15694     13      0 
 09:17:14       0    251     60      -    100      9      0      0      0      0  14801   2812  15694     13      0 
 09:17:19       0    254     60      -    100      2      0      0      0      0  14801   2782  15694     13      0 
 09:17:24       0    255     61      -    100      2      0      0      0      0  14801   2812  15694     13      0 
 09:17:29       0    251     61      -    100      2      0      0      0      0  14801   2812  15694     13      0 
 09:17:34       0    256     61      -    100      2      0      0      0      0  14801   2812  15694     13      0 
 09:17:39       0    258     61      -    100      2      0      0      0      0  14801   2812  15694     13      0 
 09:17:44       0    252     61      -    100      2      0      0      0      0  14801   2812  15694     13      0 
 09:17:49       0    257     61      -    100      2      0      0      0      0  14801   2812  15670     13      0 
 09:17:54       0    258     61      -    100      2      0      0      0      0  14801   2812  15670     13      0 
 09:17:59       0    251     61      -    100      2      0      0      0      0  14801   2812  15670     13      0 
 09:18:04       0    257     61      -    100      2      0      0      0      0  14801   2812  15670     13      0 
 09:18:09       0    253     61      -    100      2      0      0      0      0  14801   2812  15670     13      0 
 09:18:14       0    251     60      -    100      2      0      0      0      0  14801   2812  15670     13      0 
#Time         gpu    pwr  gtemp  mtemp     sm    mem    enc    dec    jpg    ofa   mclk   pclk     fb   bar1   ccpm 
#HH:MM:SS     Idx      W      C      C      %      %      %      %      %      %    MHz    MHz     MB     MB     MB 
 09:18:19       0    257     61      -    100      2      0      0      0      0  14801   2812  15670     13      0 
 09:18:24       0    251     61      -    100      2      0      0      0      0  14801   2812  15670     13      0 
 09:18:29       0    257     61      -    100      2      0      0      0      0  14801   2812  15670     13      0 
 09:18:34       0    259     61      -    100      2      0      0      0      0  14801   2812  15670     13      0 
 09:18:39       0    251     59      -    100     22      0      0      0      0  14801   2812  15670     13      0 
 09:18:44       0    257     61      -    100      2      0      0      0      0  14801   2812  15670     13      0 
 09:18:49       0    251     61      -    100      2      0      0      0      0  14801   2812  15670     13      0 
 09:18:54       0    257     61      -    100      2      0      0      0      0  14801   2812  15670     13      0 
 09:18:59       0    250     61      -    100      2      0      0      0      0  14801   2812  15670     13      0 
 09:19:04       0    249     55      -    100      2      0      0      0      0  14801   2812  15670     13      0 
 09:19:09       0    258     61      -    100      2      0      0      0      0  14801   2812  15670     13      0 
 09:19:14       0    250     60      -    100      2      0      0      0      0  14801   2812  15670     13      0 
 09:19:19       0    260     61      -    100      2      0      0      0      0  14801   2812  15670     13      0 
 09:19:24       0    248     58      -    100      2      0      0      0      0  14801   2812  15672     13      0 
 09:19:29       0    251     61      -    100      2      0      0      0      0  14801   2812  15672     13      0 
 09:19:34       0    256     55      -    100      2      0      0      0      0  14801   2812  15672     13      0 
 09:19:39       0    251     61      -    100      2      0      0      0      0  14801   2812  15672     13      0 
 09:19:44       0    255     61      -    100      2      0      0      0      0  14801   2782  15672     13      0 
 09:19:49       0     50     45      -      0      0      0      0      0      0  14801   2692  15688     13      0 
 09:19:54       0     47     44      -      0      0      0      0      0      0  15001   2692     10     10      0 
